id,timestamp,lat,lon,depth_dm,temp_cC,batt_mV,acc_x,acc_y,acc_z,gyr_x,gyr_y,gyr_z,crc16,p_forrageio,comportamento
1,1705028400,749810,532029,1953,2085,3983,1606,1305,102,96,-11,-38,39621,0.4744,busca
1,1705028700,749721,531689,1750,2155,3904,368,225,-613,69,186,178,7898,0.4444,busca
1,1705029000,749745,531983,1001,2428,3959,-935,-1400,-477,160,176,-102,32924,0.242,busca
1,1705029300,749755,531485,1665,2157,3981,-747,-1227,-480,-150,-182,73,20417,0.4282,busca
1,1705029600,749638,531210,1043,2328,3963,-148,-38,-69,-107,79,-41,33079,0.3587,busca
1,1705029900,749554,531296,1522,2215,3950,1570,1168,-584,-212,-207,50,437,0.3969,busca
1,1705030200,749525,531338,1295,2256,3901,2051,-825,-629,-189,-357,-81,51555,0.3627,busca
1,1705030500,749601,531141,307,2412,3919,1059,-452,-345,151,325,-95,36519,0.3434,busca
1,1705030800,749647,530883,1366,2228,3902,470,548,-316,10,-76,-14,51100,0.4315,busca
1,1705031100,749625,531052,490,2411,3937,-740,-1423,-217,45,-139,-134,38763,0.4615,busca
1,1705031400,749654,531226,333,2493,3976,1056,-1180,-1537,-15,-86,-264,26107,0.302,busca
1,1705031700,749552,531265,1561,2137,3947,198,618,-913,208,-237,28,37990,0.4518,busca
1,1705032000,749550,530841,1584,2147,3917,-76,-413,-1100,206,289,-74,17053,0.4038,busca
1,1705032300,749511,530782,377,2401,3938,1745,466,-579,212,32,-217,6913,0.363,busca
1,1705032600,749492,530556,1710,2226,3947,-203,24,-527,-13,-248,-173,52810,0.4897,busca
1,1705032900,749427,530541,832,2355,3947,636,-763,11,169,-165,-14,36451,0.5077,busca
1,1705033200,749419,530630,1944,2146,3976,912,-958,-1631,-250,160,-223,63804,0.3538,busca
1,1705033500,749346,530589,1197,2253,3943,-413,319,707,439,99,9,7906,0.4432,busca
1,1705033800,749296,530859,1572,2255,3984,1042,-274,-72,232,15,-15,8255,0.397,busca
1,1705034100,749264,530752,1160,2277,3975,1310,-173,5,-298,121,-126,13118,0.5751,busca
1,1705034400,749239,530820,869,2304,3991,1561,-256,-379,35,36,-9,31778,0.4039,busca
1,1705034700,749271,530605,1545,2156,3903,152,377,-55,248,22,-103,37692,0.5503,busca
1,1705035000,749235,530647,1188,2296,3971,356,2354,-317,-218,56,74,16048,0.3042,busca
1,1705035300,749259,530845,533,2380,3937,1715,562,-850,-401,116,93,8097,0.4107,busca
1,1705035600,749229,530943,819,2374,3990,2417,-108,352,-116,-189,-75,55007,0.4705,busca
1,1705035900,749181,531045,1216,2232,3905,2072,-146,-71,221,174,-100,12413,0.446,busca
1,1705036200,749162,531252,840,2329,3912,1188,-498,-556,-352,193,-88,48697,0.52,busca
1,1705036500,749187,531227,355,2427,3997,1856,627,-484,14,-193,128,330,0.4247,busca
1,1705036800,749145,531187,1041,2272,3963,-871,316,-158,-51,88,56,23045,0.413,busca
1,1705037100,749085,531218,1632,2144,3929,2011,241,-1010,-23,182,95,9167,0.4157,busca
1,1705037400,749041,531103,1813,2091,3899,332,383,-1010,3,451,-102,8609,0.4514,busca
1,1705037700,748954,531340,1271,2207,3923,3138,-572,-396,90,-36,-133,54959,0.5439,busca
1,1705038000,748973,531391,961,2366,3934,1039,315,-821,-396,-317,137,56611,0.5533,busca
1,1705038300,748989,531339,664,2341,3997,502,192,-490,17,-13,97,54566,0.3513,busca
1,1705038600,748916,531246,575,2393,3985,400,-1151,-187,-55,295,43,61151,0.491,busca
1,1705038900,748918,531091,1863,2141,3934,-887,-179,-636,78,370,21,34948,0.3956,busca
1,1705039200,748893,531041,1500,2214,3921,382,949,-554,507,70,99,2517,0.4569,busca
1,1705039500,748968,531104,1415,2186,3991,446,-215,-1167,75,115,160,46756,0.4222,busca
1,1705039800,749028,531454,1861,2114,3944,1243,-579,-1490,81,121,174,15664,0.5579,busca
1,1705040100,749018,531410,1350,2286,3978,474,-1422,-1846,-185,-127,17,39900,0.3676,busca
1,1705040400,749052,531532,594,2386,3974,98,1181,-1539,111,287,-164,42936,0.4692,busca
1,1705040700,749100,531662,969,2275,3925,-328,-317,-1617,148,261,58,52487,0.6194,busca
1,1705041000,749067,531630,1475,2147,3987,614,126,-940,-295,-58,47,27554,0.4137,busca
1,1705041300,749021,531596,1576,2209,3976,1624,779,-449,54,32,-250,25697,0.6004,busca
1,1705041600,748999,531402,768,2298,3953,851,1009,-798,82,-154,175,48802,0.6326,busca
1,1705041900,748993,531441,963,2289,3976,-769,-997,-753,-384,-72,57,26081,0.4828,busca
1,1705042200,749013,531638,898,2451,3938,804,-1496,-356,27,69,-77,63042,0.5895,busca
1,1705042500,749023,531700,373,2425,3985,-32,-817,-191,-312,59,11,56428,0.3973,busca
1,1705042800,748987,531668,1267,2290,3995,473,1151,436,-9,-47,-23,54073,0.5233,busca
1,1705043100,748967,531681,1150,2323,3914,-962,1254,-224,-332,187,-6,36414,0.5311,busca
1,1705043400,748975,531537,688,2268,3931,1077,2645,-256,10,-81,-5,37354,0.5756,busca
1,1705043700,748982,531385,570,2386,3931,-1019,271,-370,-113,-119,-129,4315,0.525,busca
1,1705044000,748970,531500,890,2258,3975,2011,-530,97,-40,33,90,48632,0.5389,busca
1,1705044300,748975,531569,1263,2234,3964,-24,480,-531,104,36,-16,52172,0.5821,busca
1,1705044600,749013,531443,1392,2261,3954,-170,2475,205,237,159,-102,12322,0.6053,busca
1,1705044900,749024,531419,565,2457,3949,833,-466,-1359,131,265,-153,5913,0.4541,busca
1,1705045200,749027,531127,595,2406,3992,-510,-1355,-372,7,-31,-62,6586,0.6165,busca
1,1705045500,749027,531014,967,2303,3928,574,1326,-306,57,430,-91,595,0.5205,busca
1,1705045800,749012,531063,1543,2243,3985,-135,646,-1129,-109,-259,-179,4741,0.5705,busca
1,1705046100,748987,530993,935,2237,3975,605,-958,-464,259,-169,89,45993,0.5648,busca
1,1705046400,748975,530975,1146,2299,3907,318,-283,197,35,114,206,57482,0.4837,busca
1,1705046700,749022,531319,931,2261,3932,1194,252,-406,-155,-82,-52,26014,0.5718,busca
1,1705047000,748982,531403,1921,2163,3956,856,1056,296,-224,-47,31,34272,0.4959,busca
1,1705047300,748995,531667,1680,2169,3943,435,85,-1057,-188,179,-87,39467,0.508,busca
1,1705047600,748971,531661,559,2355,3968,-598,-1098,-837,82,-346,-94,30638,0.555,busca
1,1705047900,748955,531783,1862,2196,3932,1691,-99,-154,56,-57,76,6617,0.4346,busca
1,1705048200,748966,531966,1736,2141,3980,1197,891,-934,-12,-215,98,20294,0.6112,busca
1,1705048500,748941,531959,1416,2149,3937,-266,-1114,-400,126,-375,-179,22028,0.5276,busca
1,1705048800,748931,531897,1186,2225,3977,578,30,-184,137,101,367,60244,0.4466,busca
1,1705049100,748917,531700,321,2493,3914,942,410,-314,-287,98,-93,39485,0.5585,busca
1,1705049400,748916,531763,1768,2112,3982,628,-314,-455,90,-52,-137,9763,0.5783,busca
1,1705049700,748917,531953,1078,2269,3915,-2473,-87,-741,-131,289,0,55829,0.5614,busca
1,1705050000,748926,531932,3005,1895,3928,227,1930,-457,-242,190,11,1153,0.5049,busca
1,1705050300,748919,532095,2407,2013,3962,-904,384,-1057,59,83,205,25549,0.5674,busca
1,1705050600,748923,531945,2895,1933,3927,1578,-1470,-970,59,132,158,3988,0.5925,busca
1,1705050900,748897,532018,2260,2044,3988,810,139,-660,97,367,169,63361,0.4526,busca
1,1705051200,748866,532215,1249,2326,3959,916,130,-837,428,-181,94,39696,0.6287,busca
1,1705051500,748849,532098,3364,1852,3918,852,-42,-403,142,101,-233,27508,0.5762,busca
1,1705051800,748840,532063,2472,1905,3993,1815,-544,-468,52,-108,-180,2264,0.566,busca
1,1705052100,748855,532136,3612,1740,3974,1001,-458,-232,-223,-132,-177,14969,0.6699,busca
1,1705052400,748856,531948,2438,1990,3957,342,81,-230,-178,-205,60,32522,0.5591,busca
1,1705052700,748877,531983,2751,1897,3959,-395,-282,-79,-21,-23,-101,12469,0.5247,busca
1,1705053000,748850,532016,2651,1954,3915,61,1446,-313,123,-25,21,7924,0.538,busca
1,1705053300,748882,532087,1465,2198,3990,2133,1641,-1454,23,136,233,11209,0.5945,busca
1,1705053600,748911,532112,3610,1777,3911,-995,-472,-166,19,11,152,37237,0.5788,busca
1,1705053900,748928,532111,2719,1973,3954,857,-602,434,-269,-203,-213,57675,0.618,busca
1,1705054200,748937,532164,1176,2289,3953,1200,858,-613,45,38,-113,4509,0.4779,busca
1,1705054500,748888,532170,1022,2323,3936,861,0,54,80,-48,0,4634,0.4312,busca
1,1705054800,748916,532400,1251,2240,3923,-1264,28,-814,-88,-29,-196,13616,0.6652,busca
1,1705055100,748908,532435,7589,984,3901,-1695,3822,-1559,162,206,288,46343,0.5819,forrageando
1,1705055400,748910,532472,4461,721,3920,-250,-2691,-1593,67,35,701,49926,0.6176,forrageando
1,1705055700,748886,532581,5567,706,3964,1311,437,-306,-937,345,-74,20000,0.4612,forrageando
1,1705056000,748905,532776,4739,806,3911,4680,332,-1147,-269,-492,-715,3544,0.4857,forrageando
1,1705056300,748955,532646,4163,597,3964,-1981,-558,-472,-647,-111,-36,3673,0.6687,forrageando
1,1705056600,748968,532657,5081,754,3980,-1420,-457,-1115,-866,-62,-203,35822,0.4643,forrageando
1,1705056900,748939,532788,6064,830,3929,-348,-1152,-626,118,1021,521,54173,0.6797,forrageando
1,1705057200,748980,532833,3537,558,3908,-548,353,-1562,155,139,366,9273,0.6744,forrageando
1,1705057500,748987,532833,4186,599,3979,443,1274,-44,-208,-115,182,10358,0.4967,forrageando
1,1705057800,749119,532679,2738,392,3988,-451,525,-352,91,564,-870,34914,0.4595,forrageando
1,1705058100,749082,532811,3462,584,3992,-1029,-1264,-1537,-106,-268,93,7172,0.5173,forrageando
1,1705058400,749091,532713,4318,607,3917,-2107,3870,-476,-310,234,-321,41708,0.5164,forrageando
1,1705058700,749062,532722,7347,862,3953,693,-380,-707,865,-834,-249,5381,0.5983,forrageando
1,1705059000,749047,532731,4792,666,3984,343,1456,26,354,-226,-430,7852,0.4534,forrageando
1,1705059300,749096,532695,6597,753,3974,488,-1910,-2591,-231,85,-202,49033,0.4435,forrageando
1,1705059600,749024,532775,6444,816,3899,3010,-2347,-120,118,733,316,7371,0.502,forrageando
1,1705059900,749007,532683,5182,668,3935,-2048,2338,-967,953,-603,-237,5520,0.4841,forrageando
1,1705060200,749065,532507,3321,516,3921,-354,-3817,-1,1174,183,259,12628,0.4028,forrageando
1,1705060500,749111,532717,3690,551,3983,-3604,455,-952,96,563,1,37325,0.5108,forrageando
1,1705060800,749082,532737,4727,640,3986,-3379,-1382,-24,511,518,905,16336,0.3736,forrageando
1,1705061100,749077,532867,4432,592,3979,1504,-1090,-1540,976,-627,205,3777,0.4929,forrageando
1,1705061400,749072,532975,4846,750,3987,988,-328,-50,587,-20,572,53793,0.5689,forrageando
1,1705061700,749068,532873,2489,449,3979,-3022,2310,-1999,498,-634,335,44482,0.5691,forrageando
1,1705062000,749054,532905,3292,513,3989,-989,2484,-260,-485,-545,614,15536,0.6727,forrageando
1,1705062300,749048,533033,6527,770,3976,-3709,-586,-1482,684,-175,-13,61692,0.5114,forrageando
1,1705062600,749059,532957,2354,423,3920,-2687,-899,-902,-232,72,78,60311,0.3592,forrageando
1,1705062900,749047,532560,2984,500,3923,-265,941,-448,79,-285,598,36309,0.4285,forrageando
1,1705063200,748948,532425,6166,838,3899,970,1995,-1614,-463,-80,331,31672,0.4309,forrageando
1,1705063500,748979,532558,6475,783,3955,-1233,4197,-705,-176,-1362,347,49222,0.5295,forrageando
1,1705063800,748965,532403,2855,425,3954,828,721,-1550,-198,1361,419,12723,0.4291,forrageando
1,1705064100,748973,532035,4949,705,3935,-3261,-1285,-3400,311,-706,-327,34868,0.4669,forrageando
1,1705064400,748919,532014,5605,640,3916,1450,2462,-866,174,-272,-38,28845,0.4825,forrageando
1,1705064700,748940,532055,5188,821,3926,-2422,922,-903,-50,40,-507,6410,0.365,forrageando
1,1705065000,748984,531839,1653,2213,3961,1472,378,-483,-261,127,-74,239,0.2429,busca
1,1705065300,748979,531487,1396,2129,3901,-364,-689,-1516,7,-201,9,58758,0.4755,busca
1,1705065600,748960,531264,1347,2281,3961,383,-481,510,-79,143,54,27200,0.4484,busca
1,1705065900,748943,531574,2707,1795,3934,342,915,-1263,47,-141,-223,17779,0.35,busca
1,1705066200,749025,531662,1682,2093,3920,1481,21,-265,479,187,161,30811,0.3913,busca
1,1705066500,749006,531802,234,2444,3907,280,37,-404,-20,113,-2,62000,0.3297,transitando
1,1705066800,749129,531956,85,2579,3920,1329,-506,0,-121,-74,33,58964,0.4477,transitando
1,1705067100,749222,531737,425,2345,3916,1064,385,26,268,133,-43,54915,0.4061,transitando
1,1705067400,749209,532153,260,2425,3931,1765,-705,-310,-208,132,64,42381,0.3537,transitando
1,1705067700,749259,532361,343,2392,3986,1560,-24,-39,79,16,11,63580,0.3537,transitando
1,1705068000,749356,532024,486,2397,3929,1781,-446,154,139,-55,-90,35429,0.4117,transitando
1,1705068300,749333,531797,131,2516,3931,1416,-294,235,107,93,28,24494,0.2957,transitando
1,1705068600,749399,531228,340,2446,3922,1941,-463,-131,-103,-191,64,122,0.3192,transitando
1,1705068900,749409,531667,321,2401,3966,1416,-13,-432,0,-19,-49,22647,0.3653,transitando
1,1705069200,749434,531949,139,2552,3939,1205,-275,-60,165,85,-26,20763,0.3278,transitando
1,1705069500,749336,532041,234,2450,3982,1459,-138,-123,-57,-25,34,6563,0.3083,transitando
1,1705069800,749442,531970,67,2587,3916,1330,-186,-499,-58,43,-8,46378,0.5307,transitando
1,1705070100,749423,531862,186,2489,3910,1168,-570,-49,-93,-64,-115,8578,0.4591,transitando
1,1705070400,749453,531739,477,2348,3951,2350,-169,447,-61,-51,0,39212,0.3024,transitando
1,1705070700,749327,531487,289,2465,3918,1284,69,-137,-18,241,20,10390,0.469,transitando
1,1705071000,749232,531606,245,2462,3968,1072,-309,27,-51,-85,-23,22940,0.3073,transitando
1,1705071300,749236,531200,464,2392,3901,380,-326,-93,-156,44,-60,55225,0.3537,transitando
1,1705071600,749333,531201,210,2423,3928,2176,-798,-109,75,170,-32,56521,0.3042,transitando
1,1705071900,749435,531399,439,2437,3920,419,-144,-45,-37,-40,7,9113,0.3962,transitando
1,1705072200,749546,531480,370,2490,3945,789,-287,-145,94,-85,-40,6377,0.3827,transitando
1,1705072500,749611,531776,317,2469,3966,716,-92,-98,-159,-97,-66,40851,0.398,transitando
1,1705072800,749564,531655,261,2440,3925,1437,297,428,193,17,-32,36284,0.453,transitando
1,1705073100,749552,531902,223,2557,3990,1159,-209,-256,-55,-20,-97,13919,0.3558,transitando
1,1705073400,749517,532257,368,2486,3949,647,-17,19,20,184,-20,47680,0.3729,transitando
1,1705073700,749549,532637,256,2458,3924,891,131,77,-26,85,36,39023,0.3283,transitando
1,1705074000,749438,532640,274,2446,3968,852,-30,44,14,4,38,61511,0.347,transitando
1,1705074300,749339,532691,209,2521,3960,996,-484,477,-42,-51,-25,49889,0.3418,transitando
1,1705074600,749280,532330,399,2430,3914,935,38,-357,-79,40,19,40868,0.2601,transitando
1,1705074900,749387,532245,445,2423,3967,601,-267,-343,107,152,27,12807,0.3936,transitando
1,1705075200,749346,531963,141,2394,3900,1668,-219,-177,94,-26,-54,23817,0.3189,transitando
1,1705075500,749369,532499,404,2316,3986,1655,50,43,-19,-88,-26,23478,0.2572,transitando
1,1705075800,749440,532913,496,2385,3910,640,159,7,-44,44,-55,25213,0.3519,transitando
1,1705076100,749491,533037,405,2364,3983,1074,276,3,-54,99,-40,2495,0.3644,transitando
1,1705076400,749448,533140,448,2518,3912,1149,7,-337,-95,23,16,56730,0.4285,transitando
1,1705076700,749502,533253,453,2343,3914,597,-75,0,-2,27,-6,16341,0.275,transitando
1,1705077000,749611,533410,238,2383,3965,1360,627,-57,-71,-2,-119,12214,0.3112,transitando
1,1705077300,749473,533414,459,2425,3909,1134,-328,62,14,50,31,53293,0.2874,transitando
1,1705077600,749492,532927,343,2370,3919,1000,-283,-202,-180,-21,39,62229,0.387,transitando
1,1705077900,749493,533217,458,2387,3990,991,488,-266,216,-117,-48,63564,0.3444,transitando
1,1705078200,749363,533581,448,2466,3962,515,-477,-155,3,-29,-20,47807,0.3426,transitando
1,1705078500,749294,533789,151,2428,3898,563,133,-256,-53,107,-4,25107,0.376,transitando
1,1705078800,749253,534019,125,2467,3983,1530,72,-600,15,-28,-88,12192,0.4425,transitando
1,1705079100,749230,533832,451,2352,3988,487,-203,18,80,-28,22,48414,0.3383,transitando
1,1705079400,749242,534220,337,2490,3947,802,503,-156,4,-45,45,56804,0.448,transitando
1,1705079700,749152,533953,306,2349,3907,1206,432,-161,43,-100,55,20327,0.2794,transitando
1,1705080000,749102,533346,188,2443,3920,405,-24,-82,-143,-198,51,34068,0.367,transitando
1,1705080300,749126,533576,414,2442,3944,241,-73,-54,111,2,-39,61174,0.4051,transitando
1,1705080600,749037,533343,466,2379,3956,888,119,183,115,-19,88,5928,0.3146,transitando
1,1705080900,748923,533577,224,2393,3942,1688,317,104,6,46,104,9238,0.2894,transitando
1,1705081200,748929,533055,54,2459,3914,339,48,508,175,57,19,3182,0.2631,transitando
1,1705081500,749029,533103,378,2363,3902,1389,32,-155,-5,19,-10,56559,0.3022,transitando
1,1705081800,749143,532988,463,2511,3970,459,328,96,46,150,40,38799,0.3259,transitando
1,1705082100,749044,533052,133,2422,3966,1439,444,-111,46,-107,-73,24111,0.2645,transitando
1,1705082400,749164,533012,378,2428,3917,856,136,132,86,103,0,45691,0.3315,transitando
1,1705082700,749063,532876,294,2430,3976,814,432,9,-44,-125,-53,57699,0.309,transitando
1,1705083000,748974,532864,394,2382,3979,764,159,-254,233,59,29,23150,0.2045,transitando
1,1705083300,748939,533272,90,2450,3982,978,-428,-327,91,43,64,17518,0.3335,transitando
1,1705083600,749023,533511,302,2381,3980,1132,44,-238,139,55,-67,27813,0.3667,transitando
1,1705083900,748928,533430,299,2374,3980,284,-20,175,115,53,11,64383,0.2497,transitando
1,1705084200,748987,533111,384,2348,3923,1373,5,-20,115,7,-89,41535,0.2921,transitando
1,1705084500,748896,533416,479,2460,3907,1426,-635,-46,-53,-23,38,57693,0.1954,transitando
1,1705084800,748999,533702,68,2484,3931,-128,-548,103,-107,-15,2,12660,0.2313,transitando
1,1705085100,748907,533442,140,2449,3957,396,-239,19,-134,61,12,58352,0.3213,transitando
1,1705085400,748903,532993,272,2474,3899,1810,352,-173,-69,-79,-96,36942,0.232,transitando
1,1705085700,748781,532898,148,2451,3940,1233,-110,-395,-74,-66,37,19981,0.2041,transitando
1,1705086000,748920,532776,250,2408,3946,1947,-142,-125,73,49,-94,9749,0.4044,transitando
1,1705086300,748992,532771,350,2429,3925,988,-101,84,-64,15,5,6450,0.4255,transitando
1,1705086600,749063,532802,169,2456,3910,1177,-63,-288,-65,-90,-15,41707,0.3598,transitando
1,1705086900,748999,533052,318,2428,3900,1330,-352,253,185,12,-53,4454,0.3591,transitando
1,1705087200,749009,533279,79,2536,3940,1434,-38,323,-43,107,13,38719,0.4628,transitando
1,1705087500,749043,533388,276,2516,3985,952,-598,-143,-40,-6,54,54347,0.399,transitando
1,1705087800,748979,533103,444,2446,3906,879,860,-131,-6,147,-56,8297,0.4002,transitando
1,1705088100,748985,533374,271,2441,3925,1216,-413,74,-17,-54,10,52984,0.307,transitando
1,1705088400,748956,533702,209,2413,3956,909,101,-118,-153,-32,29,52830,0.3019,transitando
1,1705088700,749077,533527,92,2405,3899,499,-151,150,203,91,-18,48745,0.3919,transitando
1,1705089000,749029,533633,100,2501,3900,1662,93,-31,-105,65,-81,10142,0.4512,transitando
1,1705089300,748983,533839,186,2485,3933,1289,-238,182,82,-31,40,18594,0.4602,transitando
1,1705089600,749036,533779,106,2502,3945,1322,6,-203,-6,-110,33,15922,0.3958,transitando
1,1705089900,749099,533917,415,2444,3953,929,2,-333,118,55,-72,46351,0.4045,transitando
1,1705090200,749008,533870,285,2442,3983,47,256,-153,-21,31,-1,30537,0.4578,transitando
1,1705090500,749087,533796,204,2487,3995,945,298,-238,36,9,-22,64713,0.464,transitando
1,1705090800,749131,534052,93,2492,3966,683,163,57,-45,101,32,29989,0.3657,transitando
1,1705091100,749058,534341,110,2429,3927,1981,21,56,-3,74,15,3183,0.49,transitando
1,1705091400,749017,534528,432,2435,3908,579,-245,-32,215,110,53,36898,0.3865,transitando
1,1705091700,749078,534291,301,2491,3957,824,194,497,-113,8,-33,24347,0.3886,transitando
1,1705092000,749040,534565,265,2506,3965,775,42,-201,39,-73,-11,21774,0.4113,transitando
1,1705092300,749030,534196,445,2326,3934,623,14,-27,79,45,-83,20571,0.3169,transitando
1,1705092600,748952,534364,498,2432,3956,978,151,244,-110,-37,-5,33995,0.4814,transitando
1,1705092900,748999,534414,448,2393,3964,326,707,-11,-55,-49,-60,31895,0.4109,transitando
1,1705093200,749054,534566,427,2373,3944,1600,43,197,-87,131,23,39223,0.4534,transitando
1,1705093500,749111,534741,380,2335,3899,551,237,-34,69,-8,-22,49394,0.2576,transitando
1,1705093800,748965,535037,386,2481,3912,826,-104,-281,32,70,89,7734,0.3101,transitando
1,1705094100,748922,535346,309,2425,3903,846,230,-166,8,-18,-147,34785,0.3601,transitando
1,1705094400,748930,535105,397,2420,3991,652,-56,415,11,-30,-80,40095,0.4325,transitando
1,1705094700,748959,535289,146,2402,3909,1240,-438,-88,69,-53,30,37023,0.4107,transitando
1,1705095000,748946,535723,317,2452,3974,545,-159,120,-100,-41,-21,33999,0.3773,transitando
1,1705095300,749048,535680,306,2462,3928,854,-856,-166,-39,6,-47,31349,0.2452,transitando
1,1705095600,748961,535558,117,2546,3992,1057,114,210,-84,23,0,60318,0.3957,transitando
1,1705095900,748999,535717,344,2448,3967,1005,-663,-90,-65,31,-77,8655,0.3906,transitando
1,1705096200,749079,535883,303,2402,3929,1762,162,166,-20,-98,25,56562,0.3436,transitando
1,1705096500,749090,536359,364,2352,3910,354,80,98,107,52,57,4018,0.3632,transitando
1,1705096800,749045,536041,76,2406,3950,870,12,109,304,-39,8,46603,0.4373,transitando
1,1705097100,749110,535771,273,2388,3956,991,91,296,-124,34,29,40348,0.3279,transitando
1,1705097400,749217,535804,477,2435,3953,2347,-301,-45,127,-8,-29,50975,0.4131,transitando
1,1705097700,749263,536164,469,2352,3961,1688,-745,97,-105,-142,28,25182,0.3298,transitando
1,1705098000,749160,536153,455,2397,3985,574,-473,268,-96,-34,-37,63492,0.2734,transitando
1,1705098300,749103,536476,362,2441,3929,614,6,36,-137,15,-67,53502,0.4525,transitando
1,1705098600,749158,536631,393,2394,3960,241,9,-23,-18,-174,51,20741,0.4319,transitando
1,1705098900,749158,536366,407,2348,3901,977,-216,180,-3,28,25,62875,0.4752,transitando
1,1705099200,749137,536038,55,2545,3965,1189,-580,-191,-16,155,-6,56908,0.2424,transitando
1,1705099500,749038,536215,431,2448,3982,748,113,-125,179,0,-41,32743,0.3489,transitando
1,1705099800,748996,536592,480,2343,3937,2118,162,-168,-99,-194,-102,50872,0.296,transitando
1,1705100100,749137,536764,427,2480,3945,1186,-104,17,38,33,-42,62836,0.3481,transitando
1,1705100400,749072,536412,335,2477,3964,358,192,541,60,50,33,16846,0.3328,transitando
1,1705100700,748943,536111,377,2444,3897,817,-270,59,-193,-64,7,20079,0.3577,transitando
1,1705101000,749015,535884,459,2388,3940,1418,-199,-234,56,79,-5,65225,0.4609,transitando
1,1705101300,749041,535658,324,2470,3903,1711,142,87,201,-46,48,28913,0.3706,transitando
1,1705101600,748990,535791,365,2340,3939,683,66,-121,22,-37,37,2586,0.4084,transitando
1,1705101900,748947,535610,336,2433,3903,461,219,363,-151,66,-27,2302,0.2972,transitando
1,1705102200,749065,535815,153,2506,3919,1012,399,82,117,99,68,9542,0.4583,transitando
1,1705102500,749092,536087,331,2488,3985,402,37,-18,165,8,0,3827,0.4757,transitando
1,1705102800,749136,536322,378,2357,3960,528,-64,-137,-106,14,71,54127,0.4259,transitando
1,1705103100,749088,536147,68,2504,3973,1077,484,-49,-26,42,8,35568,0.3974,transitando
1,1705103400,749173,536086,372,2442,3919,1546,60,-212,-26,14,1,2343,0.3638,transitando
1,1705103700,749110,536060,495,2351,3903,1111,338,-151,9,182,-39,29427,0.3563,transitando
1,1705104000,749154,536399,196,2533,3972,239,-295,-345,-77,0,-6,25317,0.2932,transitando
1,1705104300,749263,536265,127,2541,3988,1403,383,-146,-16,-212,-44,37888,0.3501,transitando
1,1705104600,749193,536173,129,2423,3986,1219,493,-145,-159,27,-91,43957,0.4978,transitando
1,1705104900,749167,536331,276,2581,3985,870,193,31,-11,90,-37,3707,0.3665,transitando
1,1705105200,749230,536532,71,2420,3900,2009,816,110,113,-162,-58,61322,0.3715,transitando
1,1705105500,749318,536405,80,2437,3915,1092,42,336,6,31,40,20216,0.3687,transitando
1,1705105800,749210,536591,84,2528,3911,622,34,214,-105,83,1,19227,0.3433,transitando
1,1705106100,749213,536228,257,2467,3957,806,434,-205,15,-73,-54,57396,0.3998,transitando
1,1705106400,749288,536186,311,2478,3945,989,275,220,-20,-141,57,4400,0.3971,transitando
1,1705106700,749220,536407,227,2516,3900,876,-324,-34,-88,55,-22,56691,0.4538,transitando
1,1705107000,749337,536467,295,2518,3965,573,-198,175,32,-76,-71,8935,0.5365,transitando
1,1705107300,749337,536521,440,2404,3970,1288,-490,-198,-44,53,-2,6033,0.4007,transitando
1,1705107600,749252,536615,94,2501,3948,334,242,-164,-100,73,94,9475,0.4118,transitando
1,1705107900,749181,536737,259,2329,3992,1410,-414,98,-43,-30,-17,44006,0.3947,transitando
1,1705108200,749212,537040,187,2525,3987,1087,-169,32,8,43,1,2777,0.342,transitando
1,1705108500,749141,536786,412,2462,3989,1291,-4,203,11,-96,-18,64505,0.3395,transitando
1,1705108800,749223,536529,398,2410,3921,616,-190,-446,-58,-114,1,43009,0.3526,transitando
1,1705109100,749158,536671,213,2453,3906,1292,-14,407,-74,4,34,12133,0.354,transitando
1,1705109400,749186,536822,329,2413,3988,537,2,-48,30,-17,-25,30613,0.4838,transitando
1,1705109700,749233,536831,66,2466,3942,1421,-269,-407,86,-121,44,62481,0.4212,transitando
1,1705110000,749330,536744,127,2442,3904,153,226,-35,-34,-59,-74,46638,0.4531,transitando
1,1705110300,749385,536541,129,2580,3898,859,-88,215,-66,-59,-8,25640,0.4036,transitando
1,1705110600,749384,536212,164,2485,3963,450,63,448,-32,18,-7,54194,0.574,transitando
1,1705110900,749396,536154,457,2355,3970,1164,183,-354,-126,127,7,2386,0.4605,transitando
1,1705111200,749345,536272,1450,2124,3905,665,-340,-1381,-1013,-79,-64,57512,0.4064,forrageando
1,1705111500,749383,536092,1239,2307,3927,1642,-99,-1717,-92,-564,628,42835,0.4044,forrageando
1,1705111800,749453,535982,703,2334,3958,-1866,-1862,971,352,-333,-486,46644,0.4847,forrageando
1,1705112100,749388,536326,1362,2275,3964,-967,2572,-1111,664,380,-429,17004,0.6347,forrageando
1,1705112400,749358,536263,965,2272,3949,1633,4620,-2376,62,643,-67,51998,0.2923,forrageando
1,1705112700,749456,536120,477,2444,3992,2351,-446,-1503,238,-7,409,9958,0.2651,forrageando
1,1705113000,749603,536390,491,2446,3938,-4542,176,-1490,93,377,73,50719,0.4736,forrageando
1,1705113300,749573,536686,514,2429,3918,2294,-2321,-553,-291,-185,-32,16872,0.4505,forrageando
1,1705113600,749599,536484,675,2411,3905,1959,-349,-2338,699,-143,289,52231,0.5043,forrageando
1,1705113900,749621,536453,304,2462,3899,-2945,-1422,-840,-334,191,281,15951,0.5006,forrageando
1,1705114200,749629,536426,621,2371,3994,768,322,43,-220,741,458,3837,0.4154,forrageando
1,1705114500,749548,536343,694,2372,3951,-1257,-3338,-1793,464,-14,-528,9525,0.374,forrageando
2,1705028400,-327819,1543057,497,2359,3947,116,-47,-1127,97,-99,-81,26063,0.3458,busca
2,1705028700,-327816,1542962,1459,2226,3982,-1468,-551,-807,292,39,-30,2174,0.4508,busca
2,1705029000,-327876,1542998,388,2400,3963,1817,454,-565,108,76,-171,40653,0.4716,busca
2,1705029300,-327935,1542952,1505,2331,3914,-708,-1242,-865,322,-82,117,60282,0.3043,busca
2,1705029600,-327931,1542873,340,2422,3974,70,651,151,162,-262,-88,51457,0.4022,busca
2,1705029900,-327970,1542939,403,2378,3906,524,-1067,418,-101,361,71,61695,0.3703,busca
2,1705030200,-328003,1542994,1200,2325,3903,657,-363,422,-99,-347,-165,2811,0.5103,busca
2,1705030500,-328009,1543024,1105,2248,3993,836,86,-720,65,-144,14,3289,0.5203,busca
2,1705030800,-327988,1543040,1750,2134,3951,184,-1617,392,-180,-140,245,3926,0.3658,busca
2,1705031100,-328065,1543004,1464,2184,3997,-468,-1098,-323,285,187,-476,36247,0.3137,busca
2,1705031400,-327942,1543022,917,2264,3972,43,135,-913,-42,-51,-193,23151,0.5255,busca
2,1705031700,-327959,1543055,2242,2004,3954,-223,647,-1149,78,35,-236,49781,0.4748,busca
2,1705032000,-327896,1543071,478,2276,3908,-19,109,-703,357,-53,-144,40816,0.3396,busca
2,1705032300,-327947,1542979,1048,2334,3911,361,-1064,585,1,-417,115,48176,0.4217,busca
2,1705032600,-327875,1542909,2055,2197,3972,1975,698,-620,-100,-29,-152,32760,0.4206,busca
2,1705032900,-327938,1542971,1413,2228,3992,-804,667,-67,147,-161,164,25374,0.3133,busca
2,1705033200,-328004,1542851,1618,2191,3942,372,629,408,-93,-102,322,40873,0.4693,busca
2,1705033500,-327994,1542759,736,2349,3942,742,1182,-1504,-378,-7,-44,33958,0.415,busca
2,1705033800,-327976,1542803,1898,2126,3992,49,-570,-578,-34,90,-168,62183,0.396,busca
2,1705034100,-327927,1542734,1340,2274,3924,1059,-1237,-483,95,468,8,12867,0.4422,busca
2,1705034400,-328036,1542792,1283,2223,3981,967,-170,-452,144,-143,193,63590,0.4552,busca
2,1705034700,-328060,1542845,1248,2196,3992,431,1061,264,190,-404,135,36586,0.516,busca
2,1705035000,-328057,1542829,1105,2280,3960,306,-228,-487,177,-60,-147,20721,0.4915,busca
2,1705035300,-328006,1542782,1970,2111,3965,-56,1246,-825,89,-457,-280,29986,0.3986,busca
2,1705035600,-327932,1542825,1629,2117,3931,-1521,-414,-642,-382,-236,-41,56782,0.4121,busca
2,1705035900,-327970,1542924,402,2445,3916,-599,312,-919,-163,-4,184,55785,0.3606,busca
2,1705036200,-327932,1543038,619,2383,3900,91,882,56,233,169,-77,53195,0.5048,busca
2,1705036500,-327932,1543015,983,2349,3902,-230,-184,-318,4,-137,-233,14465,0.4755,busca
2,1705036800,-327999,1542986,303,2478,3937,623,-472,-778,65,-27,304,50433,0.3909,busca
2,1705037100,-327951,1543073,2274,2022,3919,2105,373,-925,188,144,-45,51125,0.4717,busca
2,1705037400,-328010,1543061,426,2369,3954,1780,370,-898,-153,-238,-273,39898,0.4873,busca
2,1705037700,-328032,1543129,522,2361,3915,286,-936,269,-257,275,-168,30543,0.4536,busca
2,1705038000,-328005,1543096,1154,2280,3909,-285,397,-848,150,-196,-180,42617,0.4487,busca
2,1705038300,-328122,1543106,1992,2116,3964,426,-1086,-550,275,-328,-311,19714,0.5115,busca
2,1705038600,-328125,1543081,1021,2411,3925,1522,-929,78,82,165,133,34128,0.4084,busca
2,1705038900,-328093,1543085,371,2482,3932,651,-1290,-1190,-36,-225,58,30525,0.4328,busca
2,1705039200,-328054,1543140,2221,2018,3950,-226,-863,-123,191,237,-41,18585,0.5731,busca
2,1705039500,-328041,1543154,1102,2193,3972,-293,179,-841,106,506,95,12445,0.508,busca
2,1705039800,-328038,1543127,1636,2162,3954,-1267,52,-431,-90,281,-65,20811,0.4226,busca
2,1705040100,-328090,1543165,1741,2154,3918,65,216,-438,-77,53,-254,44965,0.466,busca
2,1705040400,-328051,1543094,1567,2112,3952,548,-489,-381,-147,151,-196,63299,0.3888,busca
2,1705040700,-328024,1543009,525,2450,3924,-690,11,-745,-114,68,82,27594,0.5089,busca
2,1705041000,-328022,1543033,1524,2210,3966,327,497,-863,-418,188,-213,7026,0.4812,busca
2,1705041300,-327963,1543065,1287,2236,3922,629,-118,-447,120,94,184,17900,0.6758,busca
2,1705041600,-327950,1543040,1209,2178,3940,375,-1757,-934,392,-231,-76,50385,0.3667,busca
2,1705041900,-327928,1543062,610,2394,3960,903,279,115,-142,257,161,38334,0.6365,busca
2,1705042200,-327918,1543041,295,2423,3930,-3576,-2122,-833,101,35,-38,62737,0.5848,forrageando
2,1705042500,-327901,1542995,1289,2230,3908,-818,-1059,-753,246,15,-242,60027,0.4957,forrageando
2,1705042800,-327926,1543103,314,2491,3935,1012,-1824,-1586,1370,-151,158,20414,0.5091,forrageando
2,1705043100,-327898,1543082,604,2482,3945,-1069,2570,-1763,-126,69,95,43215,0.5876,forrageando
2,1705043400,-327874,1543067,1372,2203,3968,-2588,1139,-1473,-81,-396,-14,2784,0.5379,forrageando
2,1705043700,-327896,1543080,249,2453,3963,1848,2407,-2876,-299,-405,193,30251,0.4856,forrageando
2,1705044000,-327952,1543057,280,2427,3977,-2402,-2199,-2295,87,620,-470,23523,0.4898,forrageando
2,1705044300,-328010,1543052,936,2359,3962,1051,4005,-824,69,583,6,25521,0.5283,forrageando
2,1705044600,-328032,1543101,281,2445,3946,-2666,1364,-1911,529,-853,233,22040,0.5089,forrageando
2,1705044900,-327998,1543108,268,2510,3958,419,-1305,-767,-417,-61,-225,13142,0.5115,forrageando
2,1705045200,-328021,1543099,361,2446,3967,1408,-709,-335,-139,36,-573,12764,0.489,forrageando
2,1705045500,-328057,1543044,1079,2165,3988,-189,-1497,-1534,-531,-884,198,35714,0.613,forrageando
2,1705045800,-328043,1543035,777,2328,3921,-2627,-2688,-1611,-658,331,6,34076,0.4372,forrageando
2,1705046100,-327987,1542984,1239,2230,3957,-2771,1313,-2107,-533,-170,-295,64052,0.5026,forrageando
2,1705046400,-328004,1543010,981,2226,3974,835,3042,86,-29,342,-402,23034,0.5168,forrageando
2,1705046700,-328015,1543015,992,2270,3976,622,1295,-341,-215,-158,-46,52664,0.4851,forrageando
2,1705047000,-328044,1543022,731,2380,3914,-1144,-3214,-1478,-409,176,-186,6893,0.6338,forrageando
2,1705047300,-328029,1543045,919,2425,3922,-849,-1048,-492,417,-308,249,15472,0.4122,forrageando
2,1705047600,-328091,1543052,1458,2271,3911,-2026,-492,-441,384,-118,85,32311,0.4226,forrageando
2,1705047900,-328088,1542983,513,2380,3980,-918,697,-2943,229,-1011,-16,59506,0.3846,forrageando
2,1705048200,-328056,1543042,1270,2144,3951,2579,2241,-737,490,946,-223,63882,0.5302,forrageando
2,1705048500,-328069,1543041,365,2439,3955,5102,-2253,-1990,-121,19,272,34059,0.3637,forrageando
2,1705048800,-328137,1543028,683,2334,3973,341,-327,-1154,-14,322,-29,31467,0.534,forrageando
2,1705049100,-328122,1543026,590,2320,3913,-2256,-2764,-1053,877,369,-43,28558,0.4963,forrageando
2,1705049400,-328230,1543031,765,2385,3912,3324,310,-781,-374,475,-47,6959,0.517,forrageando
2,1705049700,-328288,1543060,547,2349,3993,-3610,-906,-2199,-215,116,-156,25604,0.4988,forrageando
2,1705050000,-328209,1543117,1160,2335,3923,1806,5140,-1244,-86,-397,219,49362,0.5404,forrageando
2,1705050300,-328199,1543096,2663,456,3965,-2034,-2484,-148,-302,-358,274,12359,0.5034,forrageando
2,1705050600,-328211,1543100,1477,2183,3957,1480,-8,-2313,-218,-626,162,36684,0.4934,forrageando
2,1705050900,-328202,1543008,1885,2126,3968,2006,958,546,-250,-123,323,11547,0.4723,forrageando
2,1705051200,-328104,1542998,2070,533,3989,-2356,-3474,-703,-371,61,134,58475,0.4551,forrageando
2,1705051500,-327980,1543016,2870,455,3904,814,930,313,313,-398,-217,63235,0.437,forrageando
2,1705051800,-327919,1543004,2067,405,3959,1622,1258,-284,376,-126,93,22410,0.4779,forrageando
2,1705052100,-327846,1543050,1242,2289,3993,2680,-977,-1418,316,130,-159,11912,0.5677,forrageando
2,1705052400,-327866,1543073,1412,2345,3988,250,1861,-1325,-350,361,82,49833,0.5732,forrageando
2,1705052700,-327875,1543100,516,2380,3933,829,1423,-758,-130,-100,303,13686,0.6094,forrageando
2,1705053000,-327890,1543101,3524,589,3967,2580,-650,-2863,448,17,197,54840,0.4804,forrageando
2,1705053300,-327811,1543178,2786,548,3986,-3316,-74,-1046,191,364,-294,1296,0.5796,forrageando
2,1705053600,-327788,1543176,2171,443,3967,783,-1197,-173,132,-369,-203,16946,0.5332,forrageando
2,1705053900,-327788,1543200,1688,2242,3957,-1458,103,-881,-159,-142,217,17661,0.4846,forrageando
2,1705054200,-327731,1543151,3201,586,3926,-3084,351,-111,426,-73,-237,52223,0.5287,forrageando
2,1705054500,-327717,1543115,1307,2279,3961,1160,29,-883,629,-197,-61,3490,0.56,forrageando
2,1705054800,-327671,1543136,1955,2142,3954,2256,1171,-455,-887,-77,-14,10060,0.4263,forrageando
2,1705055100,-327689,1543116,1700,2054,3997,999,-712,-299,-183,797,157,50356,0.3797,forrageando
2,1705055400,-327702,1543184,1556,2256,3996,-972,-2158,125,813,496,-543,37547,0.5738,forrageando
2,1705055700,-327691,1543231,1999,2061,3954,-6043,-2542,-1226,-7,359,359,43688,0.5919,forrageando
2,1705056000,-327657,1543216,1526,2240,3988,-661,2150,-388,-690,361,330,19729,0.5467,forrageando
2,1705056300,-327633,1543196,528,2347,3952,-253,-2558,-1244,-773,540,-284,49707,0.5811,forrageando
2,1705056600,-327634,1543187,1982,2007,3985,-875,2195,-13,-778,-606,59,32007,0.4515,forrageando
2,1705056900,-327596,1543211,3463,546,3975,-1434,-1140,-2072,134,16,-216,4260,0.467,forrageando
2,1705057200,-327483,1543238,480,2354,3921,-3935,-2097,-1363,837,338,-184,18711,0.4944,forrageando
2,1705057500,-327462,1543207,1408,2188,3915,-557,-742,-1058,-247,-685,-447,7937,0.5099,forrageando
2,1705057800,-327467,1543184,671,2362,3980,789,-2990,-1280,431,253,-202,61551,0.4285,forrageando
2,1705058100,-327528,1543137,1050,2348,3937,-4784,-4595,-1340,782,168,346,24065,0.4239,forrageando
2,1705058400,-327582,1543090,518,2334,3966,-502,444,-294,-85,239,121,45061,0.5212,forrageando
2,1705058700,-327564,1543099,473,2431,3969,3832,-1582,-2181,-193,330,-268,60521,0.3944,forrageando
2,1705059000,-327579,1543133,750,2353,3931,2616,-612,-458,-388,-76,129,2779,0.5605,forrageando
2,1705059300,-327543,1543160,3098,562,3976,-275,178,598,200,-462,361,23317,0.3898,forrageando
2,1705059600,-327453,1543113,595,2381,3989,2583,-1564,-319,-125,187,355,41959,0.4021,forrageando
2,1705059900,-327416,1543100,1222,2252,3972,3213,2669,1270,-389,103,-17,65033,0.3689,forrageando
2,1705060200,-327432,1543133,1164,2373,3938,-1030,2448,-1206,-302,364,-57,48664,0.3409,forrageando
2,1705060500,-327378,1542971,2085,454,3927,-619,376,-1024,-1294,-1,-440,6012,0.5129,forrageando
2,1705060800,-327370,1543006,627,2432,3998,-3902,-1082,73,-65,-654,309,3992,0.5935,forrageando
2,1705061100,-327341,1543039,819,2303,3996,-1627,-1876,-980,328,-678,400,31831,0.5732,forrageando
2,1705061400,-327317,1543051,869,2285,3901,2938,-5036,-1247,806,163,-155,15782,0.386,forrageando
2,1705061700,-327421,1542913,2415,367,3934,-2442,-1280,1185,39,-864,-47,64305,0.465,forrageando
2,1705062000,-327289,1542895,2297,500,3991,-1687,-1494,-522,-100,314,109,48875,0.5355,forrageando
2,1705062300,-327297,1542880,1248,2212,3935,290,-1641,-360,-1054,-271,511,64999,0.4024,forrageando
2,1705062600,-327314,1542758,917,2353,3944,756,-2446,-1762,324,-58,-17,42142,0.4318,forrageando
2,1705062900,-327255,1542790,2926,507,3951,349,-1415,-1962,891,-115,-3,52154,0.6209,forrageando
2,1705063200,-327298,1542809,1027,2308,3925,64,3068,-612,-1179,21,-214,58586,0.5462,forrageando
2,1705063500,-327286,1542788,1600,2108,3978,-1127,-2549,-1781,565,603,217,33652,0.4704,forrageando
2,1705063800,-327229,1542849,596,2372,3978,-2313,3656,-385,843,95,-224,40394,0.3929,forrageando
2,1705064100,-327235,1542820,2229,450,3914,1448,1483,-1027,730,154,-51,26034,0.4337,forrageando
2,1705064400,-327238,1542802,1237,2335,3932,-1111,-780,-1414,-662,30,558,37432,0.4535,forrageando
2,1705064700,-327269,1542809,1911,2093,3938,-265,-1519,-747,-1299,-227,264,5710,0.5154,forrageando
2,1705065000,-327263,1542835,622,2381,3948,-2912,3130,-716,276,663,459,32800,0.371,forrageando
2,1705065300,-327330,1542797,2233,410,3996,-2206,433,-394,-863,-8,-107,47408,0.4306,forrageando
2,1705065600,-327246,1542883,1267,2329,3998,850,-761,119,-102,-450,550,65238,0.3773,forrageando
2,1705065900,-327175,1542881,2522,420,3901,1224,-2154,-1399,-230,332,314,43935,0.4338,forrageando
2,1705066200,-327221,1542856,2161,434,3926,-1095,1317,-539,100,-972,-216,8478,0.3739,forrageando
2,1705066500,-327259,1542772,1743,2106,3919,-1539,1330,-750,748,188,143,30177,0.2832,forrageando
2,1705066800,-327179,1542760,1456,2247,3933,-1860,2540,-1543,-576,-1227,68,32800,0.4249,forrageando
2,1705067100,-327098,1542733,3125,442,3965,-444,-1007,-151,207,-1000,249,1381,0.3892,forrageando
2,1705067400,-327150,1542781,1259,2176,3948,1639,180,-276,-851,-319,287,62904,0.4458,forrageando
2,1705067700,-327050,1542783,1022,2319,3996,-1762,1593,-1301,216,587,-189,33425,0.3956,forrageando
2,1705068000,-327016,1542915,546,2423,3963,-1486,1702,345,505,-364,-118,25849,0.3277,forrageando
2,1705068300,-327159,1542921,1651,2060,3988,887,-2762,482,-837,812,-181,29140,0.2533,forrageando
2,1705068600,-327214,1542952,1375,2237,3998,-2371,-1263,232,46,-211,-446,51303,0.3884,forrageando
2,1705068900,-327217,1542932,911,2307,3952,1831,-462,-2304,-243,439,-222,24897,0.4218,forrageando
2,1705069200,-327244,1542922,2677,567,3995,28,701,232,-392,-791,423,46281,0.3395,forrageando
2,1705069500,-327273,1542890,2724,456,3932,-1217,-749,27,246,322,-484,22208,0.3835,forrageando
2,1705069800,-327254,1542850,1585,2125,3979,-3206,-5801,-1328,-950,89,-56,15079,0.3323,forrageando
2,1705070100,-327189,1542654,2673,1873,3986,-601,-173,-1199,519,-17,249,44921,0.2596,busca
2,1705070400,-327261,1542629,3654,1805,3907,332,604,-1043,183,33,-100,3696,0.2798,busca
2,1705070700,-327229,1542701,2784,1963,3974,1619,-208,82,174,-143,-101,56614,0.4602,busca
2,1705071000,-327287,1542695,2806,2011,3969,-4,-228,-383,-333,-14,23,2573,0.2918,busca
2,1705071300,-327389,1542759,2560,1937,3956,196,-38,-236,108,-213,-5,59089,0.353,busca
2,1705071600,-327357,1542713,3093,1892,3911,-289,-16,-13,-45,452,-149,44555,0.3815,busca
2,1705071900,-327278,1542680,1150,2368,3929,449,247,-192,-302,104,-121,7621,0.2945,busca
2,1705072200,-327271,1542804,3585,1777,3915,-2171,223,-629,499,15,298,64454,0.306,busca
2,1705072500,-327248,1542732,4323,1622,3924,1046,-1261,-930,-112,194,358,17525,0.3361,busca
2,1705072800,-327221,1542674,2648,1936,3912,416,-1096,-925,244,-324,-59,59387,0.3891,busca
2,1705073100,-327209,1542584,3340,1849,3911,816,2230,-945,-71,237,205,13785,0.4101,busca
2,1705073400,-327176,1542586,938,2275,3925,2898,-682,-888,-180,25,43,43194,0.4051,busca
2,1705073700,-327151,1542525,3528,1769,3939,448,259,-168,351,-137,38,5420,0.4222,busca
2,1705074000,-327040,1542549,2035,2126,3943,652,-757,-736,39,-165,279,42747,0.3825,busca
2,1705074300,-327100,1542506,4110,1738,3942,-319,-212,-598,21,343,-209,30825,0.3911,busca
2,1705074600,-327137,1542448,1446,2243,3959,1752,1517,-779,-71,335,-49,64575,0.4433,busca
2,1705074900,-327094,1542607,2492,1992,3987,-1196,-708,484,-85,66,-64,59976,0.2842,busca
2,1705075200,-326997,1542714,1679,2164,3957,-1256,1623,-740,-148,-324,-174,59769,0.277,busca
2,1705075500,-326980,1542540,2131,2078,3922,-212,-230,-1238,119,140,-34,58530,0.4094,busca
2,1705075800,-326858,1542530,3555,1744,3911,270,1118,-518,-192,-217,102,51871,0.419,busca
2,1705076100,-326825,1542457,3743,1804,3923,1326,-1097,-245,13,8,249,15489,0.3876,busca
2,1705076400,-326847,1542513,3407,1863,3979,-123,-384,-92,70,-203,-27,2945,0.2711,busca
2,1705076700,-326826,1542440,2364,2009,3915,-258,-42,45,20,-10,207,40846,0.2627,busca
2,1705077000,-326752,1542384,1246,2306,3905,358,1370,690,-172,137,5,58976,0.3543,busca
2,1705077300,-326855,1542386,3375,1832,3946,1489,1092,-939,392,23,-63,21042,0.4523,busca
2,1705077600,-326901,1542419,3353,1846,3929,1597,63,-275,191,95,158,7198,0.3198,busca
2,1705077900,-326962,1542478,283,2461,3987,1037,238,-166,-68,-48,-15,13544,0.3439,transitando
2,1705078200,-326979,1542337,297,2468,3897,-164,-121,353,-7,-44,-51,15718,0.3117,transitando
2,1705078500,-326948,1542235,347,2471,3960,2129,298,-53,-19,58,-14,31652,0.2911,transitando
2,1705078800,-326963,1542113,57,2462,3920,1415,-133,-221,11,183,-16,30439,0.2962,transitando
2,1705079100,-326918,1541977,339,2451,3971,666,190,9,-40,154,0,25628,0.2401,transitando
2,1705079400,-326945,1541862,497,2349,3972,1808,112,-178,-71,86,-1,58766,0.2984,transitando
2,1705079700,-326849,1541823,406,2394,3944,844,-169,-37,-11,239,-51,58905,0.2633,transitando
2,1705080000,-326739,1541943,320,2526,3923,876,251,55,-70,33,6,22725,0.2311,transitando
2,1705080300,-326629,1541966,489,2419,3961,960,63,194,-75,-110,32,14048,0.3045,transitando
2,1705080600,-326754,1541903,363,2357,3908,1213,202,-392,65,103,-1,19910,0.2417,transitando
2,1705080900,-326845,1541823,428,2361,3985,1720,-10,-52,170,53,36,29630,0.3336,transitando
2,1705081200,-326957,1541841,340,2410,3919,1139,54,83,-21,-33,68,9439,0.3023,transitando
2,1705081500,-326966,1541959,505,2312,3932,705,130,-214,38,61,-1,27732,0.2603,transitando
2,1705081800,-326932,1542066,411,2401,3923,-15,406,284,256,-50,20,55959,0.4118,transitando
2,1705082100,-326950,1542115,363,2475,3979,699,395,128,-21,129,42,54015,0.3352,transitando
2,1705082400,-326885,1542002,302,2443,3919,-69,355,-98,147,2,-16,62771,0.4748,transitando
2,1705082700,-326877,1541907,409,2389,3972,721,280,51,-56,98,2,36814,0.2633,transitando
2,1705083000,-326778,1541872,76,2486,3941,960,624,305,16,93,-66,13812,0.2313,transitando
2,1705083300,-326884,1541852,181,2418,3986,771,-493,22,38,-110,25,3691,0.2641,transitando
2,1705083600,-326870,1542031,340,2382,3965,479,-502,-1,20,-68,-89,16729,0.4165,transitando
2,1705083900,-326906,1541982,69,2529,3899,600,126,-101,56,117,-32,59638,0.326,transitando
2,1705084200,-326867,1542097,55,2478,3994,656,-333,68,56,-112,88,23941,0.3699,transitando
2,1705084500,-326903,1542190,84,2492,3976,1408,-205,-55,-9,-33,61,7458,0.1766,transitando
2,1705084800,-326799,1542202,274,2396,3992,1481,216,381,17,13,17,53583,0.324,transitando
2,1705085100,-326701,1542174,280,2441,3936,1636,29,-8,-115,-35,34,48734,0.1921,transitando
2,1705085400,-326628,1542026,241,2424,3917,148,-70,-755,117,-2,62,29749,0.272,transitando
2,1705085700,-326689,1541883,509,2459,3962,43,-34,-182,99,-82,-85,17670,0.3195,transitando
2,1705086000,-326702,1542019,317,2494,3910,2094,-534,177,49,140,12,20441,0.2729,transitando
2,1705086300,-326703,1542148,499,2433,3911,1762,-7,69,257,-221,-52,5871,0.3636,transitando
2,1705086600,-326678,1542053,58,2432,3897,1317,-126,-563,-214,37,47,29679,0.318,transitando
2,1705086900,-326733,1542120,152,2452,3992,993,1,-161,29,96,-17,35321,0.3281,transitando
2,1705087200,-326720,1541949,61,2493,3977,34,79,16,114,-84,122,43073,0.2136,transitando
2,1705087500,-326827,1541999,53,2468,3979,1351,-11,285,-48,-27,59,56292,0.4088,transitando
2,1705087800,-326855,1541927,339,2343,3907,405,261,-335,-19,-4,-6,54739,0.2899,transitando
2,1705088100,-326889,1541819,133,2465,3971,789,108,-174,83,-94,63,38510,0.3169,transitando
2,1705088400,-326861,1541927,239,2491,3989,1008,25,0,13,171,49,48690,0.3958,transitando
2,1705088700,-326816,1542018,522,2321,3994,1401,14,179,-87,92,-51,9536,0.3178,transitando
2,1705089000,-326858,1541875,476,2387,3969,1377,37,129,-94,159,-52,15005,0.3896,transitando
2,1705089300,-326918,1541828,277,2424,3942,1033,-865,-44,34,8,-7,19654,0.4417,transitando
2,1705089600,-326873,1541840,382,2360,3957,1495,-199,-159,79,-146,36,29637,0.2696,transitando
2,1705089900,-326776,1541754,218,2416,3903,525,-314,-40,-79,-57,122,36847,0.3981,transitando
2,1705090200,-326737,1541704,334,2447,3906,1037,-322,-50,-142,-122,-36,23877,0.3742,transitando
2,1705090500,-326658,1541721,180,2511,3928,1482,148,-74,-15,-63,-2,52975,0.3131,transitando
2,1705090800,-326710,1541578,340,2466,3937,933,409,234,-8,18,-9,22434,0.304,transitando
2,1705091100,-326798,1541715,537,2363,3991,1183,401,-334,285,-188,-14,62588,0.3336,transitando
2,1705091400,-326673,1541812,457,2385,3934,1517,372,-121,-10,111,46,59390,0.4701,transitando
2,1705091700,-326706,1541678,256,2424,3962,307,240,-161,-81,168,8,40143,0.5071,transitando
2,1705092000,-326737,1541686,200,2484,3900,1211,365,-193,48,-19,3,22113,0.3517,transitando
2,1705092300,-326726,1541618,181,2520,3946,873,-179,39,43,-30,-4,30875,0.4465,transitando
2,1705092600,-326758,1541672,257,2523,3976,340,146,-100,-93,15,-16,64070,0.3286,transitando
2,1705092900,-326673,1541643,156,2467,3985,517,142,-40,-230,-34,15,12669,0.3635,transitando
2,1705093200,-326787,1541673,362,2397,3988,960,456,-129,-115,-4,-39,62991,0.3593,transitando
2,1705093500,-326806,1541767,257,2466,3996,373,62,108,29,-7,0,9375,0.3384,transitando
2,1705093800,-326702,1541719,210,2517,3937,677,-125,-134,2,169,-22,47385,0.4052,transitando
2,1705094100,-326615,1541728,412,2439,3946,1431,397,160,68,-55,-19,45272,0.38,transitando
2,1705094400,-326715,1541689,117,2493,3983,916,132,-1,100,59,-23,57780,0.2984,transitando
2,1705094700,-326808,1541734,315,2460,3927,357,-116,-229,168,105,32,14426,0.442,transitando
2,1705095000,-326876,1541808,346,2452,3906,992,-220,-103,13,-25,-15,6552,0.269,transitando
2,1705095300,-326832,1541925,447,2275,3958,480,350,-148,55,0,39,22523,0.3171,transitando
2,1705095600,-326928,1542032,216,2519,3994,1929,81,-39,-104,-50,48,13937,0.3902,transitando
2,1705095900,-327009,1542018,127,2590,3939,1305,363,-97,78,-28,-70,55312,0.4592,transitando
2,1705096200,-326962,1542068,282,2471,3906,978,-23,-131,196,-62,-5,25185,0.3672,transitando
2,1705096500,-326865,1542052,222,2456,3900,880,246,37,-160,-81,-35,9356,0.3048,transitando
2,1705096800,-326915,1542182,196,2441,3990,1580,-213,148,-7,-14,2,6571,0.332,transitando
2,1705097100,-326903,1542292,323,2487,3920,714,210,7,-65,58,67,14443,0.4463,transitando
2,1705097400,-326850,1542310,409,2399,3899,1560,-258,168,41,-29,-12,39018,0.3542,transitando
2,1705097700,-326926,1542241,304,2430,3920,677,-111,-36,-140,-76,-36,39609,0.3074,transitando
2,1705098000,-326901,1542128,73,2491,3954,1225,-19,220,9,-92,8,109,0.4125,transitando
2,1705098300,-327005,1542085,61,2474,3981,1256,-173,-6,32,55,33,59107,0.3297,transitando
2,1705098600,-327089,1542201,184,2472,3926,933,-191,538,60,-55,-19,12111,0.3934,transitando
2,1705098900,-327104,1542283,79,2535,3899,1243,180,362,52,3,28,6944,0.4319,transitando
2,1705099200,-327052,1542384,298,2394,3919,753,100,-205,-169,-23,-57,9272,0.445,transitando
2,1705099500,-327012,1542474,307,2460,3952,925,-266,-82,83,93,-6,8887,0.3859,transitando
2,1705099800,-327014,1542384,63,2594,3949,1150,520,-86,-110,104,27,53670,0.3719,transitando
2,1705100100,-326987,1542287,359,2486,3990,146,157,-26,-40,24,-45,62309,0.4085,transitando
2,1705100400,-327044,1542315,169,2388,3960,2591,48,2,100,-114,-31,32749,0.3432,transitando
2,1705100700,-327028,1542473,238,2538,3915,580,-89,286,26,27,19,49195,0.2849,transitando
2,1705101000,-327114,1542311,416,2311,3991,706,-55,18,-31,191,37,61790,0.417,transitando
2,1705101300,-327139,1542374,306,2428,3907,497,219,-192,-83,-85,119,47438,0.3251,transitando
2,1705101600,-327180,1542181,110,2511,3973,1118,-67,-570,-39,273,-6,11910,0.3969,transitando
2,1705101900,-327229,1542081,144,2444,3915,611,101,-124,-74,66,62,29133,0.4685,transitando
2,1705102200,-327272,1542136,97,2467,3957,1728,519,-411,-41,-186,51,2786,0.3765,transitando
2,1705102500,-327236,1542229,350,2343,3957,1624,-218,-389,4,-33,-41,27557,0.3156,transitando
2,1705102800,-327293,1542123,219,2450,3910,1372,58,221,-84,188,17,43983,0.2928,transitando
2,1705103100,-327189,1542070,341,2452,3957,649,-102,-195,-9,16,39,9638,0.2727,transitando
2,1705103400,-327174,1542246,498,2466,3934,465,321,-231,-6,272,-7,589,0.368,transitando
2,1705103700,-327052,1542206,238,2470,3979,858,-184,-62,101,-37,21,58582,0.4043,transitando
2,1705104000,-326957,1542162,307,2464,3936,834,-400,168,126,196,0,43201,0.4471,transitando
2,1705104300,-326911,1542146,458,2306,3995,1165,-302,137,-83,-20,7,4656,0.4194,transitando
2,1705104600,-326972,1542172,99,2471,3966,1121,82,150,-50,-5,-53,52703,0.3212,transitando
2,1705104900,-326936,1542287,394,2402,3992,2175,-18,-438,74,-40,43,12227,0.3631,transitando
2,1705105200,-326871,1542332,70,2441,3955,955,-163,-28,42,-10,33,55,0.3727,transitando
2,1705105500,-326818,1542346,451,2462,3947,695,-203,60,72,128,91,53149,0.3137,transitando
2,1705105800,-326698,1542274,440,2379,3920,897,193,-109,-23,54,0,11502,0.3238,transitando
2,1705106100,-326810,1542238,422,2423,3967,2187,604,-50,-1,27,57,39890,0.4196,transitando
2,1705106400,-326846,1542327,417,2398,3915,1833,-263,41,-60,72,-44,54268,0.2994,transitando
2,1705106700,-326719,1542407,553,2453,3929,801,294,329,254,-145,-101,57094,0.4151,transitando
2,1705107000,-326677,1542319,245,2453,3968,843,-51,469,-146,-70,-35,2839,0.3216,transitando
2,1705107300,-326552,1542386,249,2483,3938,1947,243,140,-24,51,44,52193,0.3291,transitando
2,1705107600,-326576,1542517,412,2390,3917,248,85,20,105,-64,57,51868,0.3757,transitando
2,1705107900,-326551,1542576,223,2397,3990,1542,-490,-465,59,-141,71,35290,0.4296,transitando
2,1705108200,-326662,1542543,338,2439,3979,705,313,-248,-86,-102,0,63810,0.4363,transitando
2,1705108500,-326732,1542603,265,2492,3979,511,319,177,206,-99,-10,31912,0.4258,transitando
2,1705108800,-326784,1542547,233,2431,3925,1037,-183,-314,19,122,-32,15433,0.4328,transitando
2,1705109100,-326731,1542648,164,2462,3955,1506,-52,56,36,58,-27,14047,0.4984,transitando
2,1705109400,-326675,1542658,49,2466,3953,1008,-211,177,44,-76,39,20475,0.3959,transitando
2,1705109700,-326586,1542579,477,2406,3989,859,-401,57,64,161,21,54708,0.4395,transitando
2,1705110000,-326656,1542668,429,2426,3945,-7,-276,3,109,-169,-12,57452,0.3187,transitando
2,1705110300,-326567,1542552,405,2473,3986,1129,-32,-123,-47,72,-101,19596,0.4299,transitando
2,1705110600,-326499,1542677,292,2483,3941,375,-48,-39,183,82,-5,40416,0.4859,transitando
2,1705110900,-326565,1542663,352,2441,3909,480,-245,214,-226,-72,18,65514,0.477,transitando
2,1705111200,-326665,1542678,267,2410,3902,999,381,-10,196,49,0,54040,0.5253,transitando
2,1705111500,-326687,1542680,213,2441,3955,872,-647,167,56,20,-33,28503,0.4136,transitando
2,1705111800,-326692,1542740,248,2503,3915,1344,-262,-18,77,109,-13,57918,0.477,transitando
2,1705112100,-326753,1542791,273,2461,3988,1493,10,-318,46,68,-24,59472,0.5293,transitando
2,1705112400,-326712,1542805,208,2474,3939,841,262,164,154,-117,-86,35028,0.5655,transitando
2,1705112700,-326686,1542792,507,2352,3941,66,253,329,-178,5,-23,29182,0.6125,transitando
2,1705113000,-326658,1542797,331,2391,3897,983,136,-339,-20,-87,-23,53486,0.4023,transitando
2,1705113300,-326630,1542910,63,2543,3938,1223,-72,296,-61,84,35,43290,0.3637,transitando
2,1705113600,-326619,1542846,278,2477,3920,517,-27,86,162,-149,-29,25059,0.3731,transitando
2,1705113900,-326649,1542787,146,2502,3909,1370,-44,-66,24,221,-28,64848,0.5639,transitando
2,1705114200,-326680,1542772,139,2421,3898,379,503,77,82,-60,-60,14456,0.4594,transitando
2,1705114500,-326758,1542890,336,2466,3926,705,-110,-219,-219,-30,-80,46993,0.4042,transitando
3,1705028400,721302,209903,1086,2183,3914,1727,-1079,-261,170,-53,57,39283,0.3302,busca
3,1705028700,721428,210073,1260,2263,3909,901,-926,-679,91,136,-3,53,0.4269,busca
3,1705029000,721393,210190,1514,2214,3943,851,203,-951,-113,141,311,63763,0.2698,busca
3,1705029300,721453,210033,1661,2184,3963,162,1720,-1214,288,-76,-112,30010,0.5194,busca
3,1705029600,721437,209991,1037,2347,3905,322,-576,-363,-151,33,80,50770,0.4636,busca
3,1705029900,721393,210075,558,2364,3938,125,2006,-1135,113,357,110,40336,0.44,busca
3,1705030200,721317,209987,1460,2141,3929,1398,167,-175,448,-22,-147,45122,0.4559,busca
3,1705030500,721287,209900,734,2392,3981,-1091,885,-463,-174,141,275,57623,0.4641,busca
3,1705030800,721367,209735,1496,2195,3950,-203,-859,-488,-313,-50,99,17706,0.3918,busca
3,1705031100,721434,210136,1613,2174,3991,543,399,80,121,-211,164,33343,0.471,busca
3,1705031400,721538,210117,1199,2260,3941,197,-277,-352,266,-159,226,31895,0.3704,busca
3,1705031700,721476,210140,1556,2145,3917,-2073,-442,-448,208,-36,80,4202,0.3358,busca
3,1705032000,721391,210324,1840,2114,3995,462,-283,-141,210,-484,-34,56097,0.5653,busca
3,1705032300,721372,210289,1949,2061,3997,-66,-1020,-413,73,241,-118,44428,0.5329,busca
3,1705032600,721378,210349,960,2316,3968,2214,25,-107,11,305,-142,28422,0.3924,busca
3,1705032900,721354,210246,1638,2201,3940,853,-293,-652,378,-226,-252,19071,0.4319,busca
3,1705033200,721396,210626,488,2413,3982,1004,-58,-357,408,-281,10,10011,0.3766,busca
3,1705033500,721327,210831,1480,2363,3946,-192,-2396,-499,-166,-234,26,12761,0.5949,forrageando
3,1705033800,721325,210760,1440,2286,3927,53,4700,-245,380,294,-200,28766,0.4238,forrageando
3,1705034100,721433,210997,1234,2298,3923,2574,-694,-1344,-244,-261,102,514,0.5544,forrageando
3,1705034400,721422,210988,1048,2259,3932,54,297,-1300,-493,-218,435,52118,0.4424,forrageando
3,1705034700,721416,210879,401,2373,3955,-621,569,-1022,-747,-262,-171,21357,0.5785,forrageando
3,1705035000,721411,210913,630,2327,3996,-2182,-2578,-1888,204,0,-129,56887,0.3325,forrageando
3,1705035300,721377,211588,1251,2279,3919,698,2825,1377,-280,-565,182,50790,0.4914,forrageando
3,1705035600,721382,211217,467,2375,3967,-806,-3069,-3129,-764,-72,354,32078,0.4349,forrageando
3,1705035900,721353,210918,1148,2246,3911,-3584,-2468,-619,187,-12,370,31379,0.4267,forrageando
3,1705036200,721330,210853,1106,2327,3902,-898,717,-1146,-32,-3,-273,34672,0.4908,forrageando
3,1705036500,721296,210807,1421,2275,3948,2931,-151,780,256,423,593,12747,0.4312,forrageando
3,1705036800,721322,210560,1017,2420,3979,-1723,1296,285,-168,-334,549,64017,0.4972,forrageando
3,1705037100,721361,210529,1013,2330,3945,-620,-1523,-2273,-42,-1016,-506,23756,0.4508,forrageando
3,1705037400,721352,210251,280,2422,3975,-2518,334,-1882,613,543,-334,9914,0.4229,forrageando
3,1705037700,721318,210199,974,2298,3959,-1733,1129,-1911,491,530,-278,7013,0.417,forrageando
3,1705038000,721397,210046,470,2447,3931,-943,1904,-471,552,-70,308,13657,0.5202,forrageando
3,1705038300,721417,210057,687,2385,3942,-297,1003,-851,-161,354,426,35146,0.5638,forrageando
3,1705038600,721404,210202,852,2380,3987,-3206,2291,-1227,-423,91,348,3927,0.4137,forrageando
3,1705038900,721379,209905,401,2409,3994,-4745,322,1390,-435,-89,-395,5074,0.5115,forrageando
3,1705039200,721346,209922,522,2432,3902,3592,-1088,-1105,-494,449,-399,24475,0.4569,forrageando
3,1705039500,721342,210264,1475,2155,3981,1331,81,358,525,542,-185,9648,0.5681,forrageando
3,1705039800,721368,210282,348,2359,3970,-229,-2219,72,568,211,55,34357,0.5172,forrageando
3,1705040100,721368,210405,1324,2163,3949,-303,-793,-1051,-298,94,-74,44131,0.5431,forrageando
3,1705040400,721347,210407,813,2355,3973,801,-649,-1620,88,841,-175,728,0.3745,forrageando
3,1705040700,721266,210437,339,2404,3995,-1402,-1771,-869,-497,798,168,61455,0.4759,forrageando
3,1705041000,721274,210343,919,2333,3976,967,3824,-1377,325,-131,-428,51365,0.5355,forrageando
3,1705041300,721247,210411,208,2409,3976,-1554,-2913,-1429,-615,425,117,18394,0.4665,forrageando
3,1705041600,721230,210387,1163,2294,3926,-2440,1464,-1170,203,1198,178,11606,0.5055,forrageando
3,1705041900,721232,210301,1351,2198,3937,1314,1518,-1802,172,-417,-77,47461,0.5406,forrageando
3,1705042200,721217,210322,596,2388,3922,-59,-1031,-1451,-2,573,185,5440,0.5753,forrageando
3,1705042500,721220,210285,397,2411,3989,-2204,2146,-823,-955,461,-18,54402,0.3743,forrageando
3,1705042800,721166,209986,1284,2293,3972,-223,1234,-2934,48,-353,-56,32777,0.4899,forrageando
3,1705043100,721205,210426,445,2355,3997,1473,363,-2048,-355,-233,52,18570,0.5189,forrageando
3,1705043400,721236,210357,599,2363,3972,-3164,1454,-1267,-154,197,-393,34432,0.3413,forrageando
3,1705043700,721224,209987,886,2341,3988,-3970,559,-1090,4,343,189,31337,0.6006,forrageando
3,1705044000,721199,209961,1342,2296,3909,709,1278,1,-229,-8,260,5773,0.4354,forrageando
3,1705044300,721133,209838,595,2382,3940,-1306,1357,-1553,6,412,296,55063,0.4101,forrageando
3,1705044600,721169,209561,1361,2281,3931,868,2173,-475,-138,-141,-50,9251,0.4501,forrageando
3,1705044900,721185,209675,1032,2406,3998,3527,-780,-525,-236,391,-34,3437,0.579,forrageando
3,1705045200,721197,209694,600,2419,3934,-1412,826,-954,-659,71,160,56042,0.438,forrageando
3,1705045500,721126,209760,500,2410,3929,-731,-738,-523,-170,704,220,63634,0.5175,forrageando
3,1705045800,721119,209732,1376,2270,3992,1699,-3074,-2424,386,-76,230,34640,0.5395,forrageando
3,1705046100,721150,209835,302,2542,3950,-781,-3043,-361,79,763,-343,33655,0.5178,forrageando
3,1705046400,721158,209869,1040,2185,3934,210,-1995,-1205,653,619,-41,36440,0.5384,forrageando
3,1705046700,721170,209901,668,2396,3994,-2889,1462,-844,204,-478,7,62307,0.4766,forrageando
3,1705047000,721080,209527,895,2310,3900,-439,-2967,37,-9,-174,-276,61533,0.6001,forrageando
3,1705047300,721104,209635,454,2387,3936,1289,186,-1012,877,21,115,11131,0.5348,forrageando
3,1705047600,721143,209737,1477,2240,3960,-2925,-284,-807,-206,671,300,15757,0.471,forrageando
3,1705047900,721062,209963,1490,2164,3970,-1314,3771,-1727,-18,392,137,51142,0.3877,forrageando
3,1705048200,721003,210280,1000,2324,3956,-169,-5681,-713,566,-435,1,49097,0.4801,forrageando
3,1705048500,720964,210264,747,2277,3942,-1079,2064,-1692,19,68,240,8178,0.4349,forrageando
3,1705048800,720917,210540,203,2530,3931,-1672,-825,110,-17,-328,690,14398,0.6154,forrageando
3,1705049100,720895,210569,692,2410,3964,-744,-2937,-322,329,481,-102,23838,0.5635,forrageando
3,1705049400,720910,210434,924,2360,3929,-531,2826,-76,-904,-1003,-524,65488,0.5461,forrageando
3,1705049700,720882,210375,1189,2252,3959,2441,695,-1529,191,-382,237,15409,0.5693,forrageando
3,1705050000,720828,210349,2111,360,3993,-1073,-2212,-97,98,-499,470,20555,0.6008,forrageando
3,1705050300,720813,210291,856,2319,3906,468,-490,-866,-162,-12,-473,36615,0.5189,forrageando
3,1705050600,720802,210251,821,2215,3929,-1244,1103,-352,1060,-945,-131,2669,0.5819,forrageando
3,1705050900,720794,210231,909,2386,3985,-2553,-938,-3405,-627,-282,321,7916,0.3704,forrageando
3,1705051200,720848,210286,1228,2324,3960,760,-1130,-1264,-265,-454,-19,65010,0.5494,forrageando
3,1705051500,720864,210301,2549,537,3956,-1275,912,-1459,-556,121,147,55044,0.4795,forrageando
3,1705051800,720968,210236,2679,444,3987,4188,-2458,-1214,-130,-161,12,3829,0.6189,forrageando
3,1705052100,721002,210280,1565,2186,3957,-95,-1010,-410,-435,-258,-146,25173,0.454,forrageando
3,1705052400,720968,210124,1026,2345,3907,2347,-808,-1012,602,800,378,54828,0.5936,forrageando
3,1705052700,720991,210161,879,2257,3985,-1406,-1614,-13,-414,145,-155,1874,0.5703,forrageando
3,1705053000,720997,210216,1626,2146,3935,1058,-4043,-1078,-549,-709,368,16521,0.5947,forrageando
3,1705053300,720967,210323,2300,443,3958,2121,-764,-177,-1183,-774,-28,42741,0.4799,forrageando
3,1705053600,720917,210622,510,2427,3918,-17,-1580,-805,65,55,-101,19466,0.4976,forrageando
3,1705053900,720870,210458,1900,2188,3917,1304,1333,-687,405,-36,-234,54189,0.5589,forrageando
3,1705054200,720884,210425,2718,518,3959,2927,-687,-236,-769,133,-306,19728,0.5911,forrageando
3,1705054500,720860,210389,1416,2126,3906,-1318,848,-2076,426,293,278,54890,0.5209,forrageando
3,1705054800,720861,210448,867,2416,3899,-118,-72,-1175,-412,-815,81,57794,0.5705,forrageando
3,1705055100,720837,210388,2655,482,3951,3297,2595,-403,413,-559,55,316,0.5151,forrageando
3,1705055400,720843,210490,649,2447,3993,-1282,-261,-1678,-469,182,-101,64597,0.5799,forrageando
3,1705055700,720812,210652,1297,2202,3901,-4266,-2450,1296,-98,-26,-103,11690,0.4792,forrageando
3,1705056000,720856,210881,1956,2049,3937,1387,627,548,-378,-442,-395,4499,0.6015,forrageando
3,1705056300,720893,210812,2948,424,3907,1017,-1637,-1341,-587,-120,-381,3915,0.5521,forrageando
3,1705056600,720885,210767,2411,476,3994,-1614,160,214,-1042,556,0,3499,0.3997,forrageando
3,1705056900,720813,210532,2438,429,3991,3761,3218,-1052,887,-199,-319,31177,0.5296,forrageando
3,1705057200,720809,210560,2415,459,3913,1014,-5653,-380,288,600,-225,28950,0.5262,forrageando
3,1705057500,720814,210594,1939,2104,3912,664,351,-2812,-72,-890,-798,19249,0.5775,forrageando
3,1705057800,720789,210640,834,2312,3910,5070,607,52,-456,-595,397,33495,0.4461,forrageando
3,1705058100,720783,210545,2842,482,3964,961,-2512,-1156,-65,555,-90,55095,0.4509,forrageando
3,1705058400,720720,210781,584,2390,3959,-1661,-3973,-2623,-841,-650,-31,4016,0.5715,forrageando
3,1705058700,720718,210731,2376,454,3901,-2794,-2992,109,-67,-595,-67,48163,0.5208,forrageando
3,1705059000,720741,210771,2516,513,3906,-2099,-260,277,399,-705,-518,43503,0.6095,forrageando
3,1705059300,720754,210769,2807,396,3949,2336,-3849,-720,-360,321,-49,5620,0.4997,forrageando
3,1705059600,720771,210957,2146,291,3933,-1885,-456,-2848,356,-14,471,8757,0.572,forrageando
3,1705059900,720771,210922,2204,346,3901,1885,-1862,-1136,12,-284,46,4361,0.4592,forrageando
3,1705060200,720794,210529,964,2365,3996,-2176,-1078,-2018,-635,259,197,46671,0.559,forrageando
3,1705060500,720819,210572,2113,454,3926,-5289,1254,-1905,-811,330,-19,61494,0.3998,forrageando
3,1705060800,720814,210946,1508,2145,3963,2037,-330,-1758,244,-244,363,52548,0.4511,forrageando
3,1705061100,720789,211085,2642,577,3985,-2472,-866,1231,477,-280,-170,34996,0.4229,forrageando
3,1705061400,720809,210996,1719,2164,3952,1785,4495,-1842,114,-159,191,42589,0.6079,forrageando
3,1705061700,720805,210899,1354,2209,3971,-367,-2692,-1985,-100,18,-603,47404,0.3349,forrageando
3,1705062000,720844,210978,1250,2272,3912,1632,-1134,-2239,-610,139,71,11078,0.5807,forrageando
3,1705062300,720831,211042,2512,411,3905,-600,-718,-1076,-485,1,110,42405,0.3653,forrageando
3,1705062600,720881,211184,2116,343,3952,1106,-2566,-1829,-795,208,-314,41017,0.499,forrageando
3,1705062900,720837,211179,1132,2250,3965,-275,-54,-2434,-119,-156,24,27315,0.4809,forrageando
3,1705063200,720742,211123,869,2363,3986,-3363,2057,21,-546,-456,-412,23394,0.3094,forrageando
3,1705063500,720651,211175,1366,2293,3976,4546,1150,-974,-196,147,212,19288,0.4548,forrageando
3,1705063800,720648,210845,1451,2235,3915,-701,3306,-1399,-413,-56,252,20034,0.5215,forrageando
3,1705064100,720650,210767,2717,507,3903,2509,1090,-993,1051,398,-194,63209,0.4463,forrageando
3,1705064400,720655,210664,1942,2091,3939,-722,366,-195,531,-1623,389,16035,0.5459,forrageando
3,1705064700,720697,210763,1123,2287,3903,977,640,-1048,-387,-491,81,8049,0.529,forrageando
3,1705065000,720720,210822,1294,2294,3960,-4094,-268,-559,-417,-543,236,22898,0.4043,forrageando
3,1705065300,720705,210630,2511,392,3985,-1669,-1268,-2367,-384,-357,-157,20278,0.509,forrageando
3,1705065600,720729,210622,1389,2230,3934,1234,-890,-186,-330,-220,-210,5145,0.4079,forrageando
3,1705065900,720784,210591,1645,2115,3959,2303,3693,-1309,1466,465,-296,2289,0.3469,forrageando
3,1705066200,720676,210627,1648,2178,3927,2521,-869,-634,-121,-8,-338,33446,0.3735,forrageando
3,1705066500,720717,210474,2042,460,3953,-2289,224,-51,238,-146,94,46852,0.4267,forrageando
3,1705066800,720650,210413,2748,438,3907,-2784,-337,-3639,352,-1042,-436,60682,0.51,forrageando
3,1705067100,720649,210366,1432,2194,3961,-2781,1462,-1400,365,-1271,-110,37799,0.4852,forrageando
3,1705067400,720674,210232,982,2256,3920,-2718,-735,-1334,-692,-243,-64,42983,0.3684,forrageando
3,1705067700,720645,210226,2533,455,3983,-473,4132,-1418,148,74,408,59072,0.4602,forrageando
3,1705068000,720696,210293,817,2295,3922,1877,-255,-1022,104,1084,122,47010,0.31,forrageando
3,1705068300,720611,210232,1879,2007,3973,-153,1542,-1015,-126,-589,202,36899,0.3041,forrageando
3,1705068600,720625,209621,2666,518,3928,-2068,-1701,-244,-80,140,591,16931,0.3533,forrageando
3,1705068900,720632,209430,755,2281,3975,-1329,2294,-309,-653,275,-304,29594,0.4072,forrageando
3,1705069200,720656,209099,2907,533,3916,-829,-33,-497,-34,-450,-320,3490,0.4559,forrageando
3,1705069500,720629,209271,2558,428,3906,661,-2033,-946,-425,-830,-9,20339,0.3732,forrageando
3,1705069800,720663,209078,1943,2045,3913,-172,3512,-1896,1050,-355,-59,52066,0.3539,forrageando
3,1705070100,720713,209161,1602,2193,3981,2564,-1988,-705,-78,-63,109,49155,0.4367,forrageando
3,1705070400,720718,209064,1894,2144,3957,-1484,731,-261,-309,50,-184,50430,0.4052,forrageando
3,1705070700,720757,209133,1933,2133,3912,1989,-2978,-1878,42,186,-476,10912,0.4039,forrageando
3,1705071000,720855,209152,923,2282,3998,-723,-749,-1414,-144,-247,267,5628,0.371,forrageando
3,1705071300,720835,209472,2766,474,3995,1983,1234,-530,-592,-578,-17,30364,0.3469,forrageando
3,1705071600,720935,209464,908,2347,3931,2787,-960,-640,-857,-18,-178,60683,0.3361,forrageando
3,1705071900,720809,209213,1928,2123,3913,-568,-1440,-129,-315,286,433,20908,0.398,forrageando
3,1705072200,720783,209543,2927,455,3988,270,273,-263,198,172,56,46759,0.3715,forrageando
3,1705072500,720801,209580,572,2492,3936,-3196,2502,1,822,-458,-242,65135,0.2815,forrageando
3,1705072800,720842,209457,2362,412,3954,2047,3919,-1911,715,177,106,46298,0.4811,forrageando
3,1705073100,720748,209209,876,2300,3993,-2369,3156,-2315,175,200,299,54747,0.3229,forrageando
3,1705073400,720752,209353,2892,1843,3991,215,-1004,-727,-473,57,-64,7254,0.2827,busca
3,1705073700,720671,209299,2689,2021,3934,1605,-629,756,-172,301,-21,11155,0.3017,busca
3,1705074000,720570,209583,3803,1777,3919,-643,1632,-184,179,-59,-373,17192,0.3769,busca
3,1705074300,720610,209527,3869,1710,3914,137,645,-541,-416,387,-359,37751,0.2591,busca
3,1705074600,720607,209766,2650,1935,3937,112,909,-634,-181,48,75,7341,0.3517,busca
3,1705074900,720664,209723,156,2416,3910,1448,194,-369,167,-77,0,60786,0.3292,transitando
3,1705075200,720633,209404,284,2409,3911,1497,92,43,-70,168,-14,59953,0.2271,transitando
3,1705075500,720739,209249,315,2371,3955,1235,473,-32,135,-44,61,1348,0.4407,transitando
3,1705075800,720829,209373,285,2422,3951,216,-640,28,3,57,0,46691,0.3514,transitando
3,1705076100,720747,209477,78,2479,3944,1609,-256,23,88,65,7,28836,0.3989,transitando
3,1705076400,720788,209660,353,2463,3947,1296,-491,161,-154,-18,7,56301,0.331,transitando
3,1705076700,720948,209651,312,2549,3971,1949,149,-219,140,77,78,1293,0.2393,transitando
3,1705077000,721028,209812,367,2454,3990,1315,231,513,15,40,-25,63432,0.3305,transitando
3,1705077300,721142,209775,87,2544,3980,1289,192,41,90,30,11,7644,0.3411,transitando
3,1705077600,721047,209911,112,2497,3903,1014,226,-138,85,-40,54,11110,0.2919,transitando
3,1705077900,720979,209579,58,2458,3966,1181,415,202,-98,28,-53,62320,0.3353,transitando
3,1705078200,720920,209239,296,2430,3942,1551,-398,257,32,150,-1,11478,0.3196,transitando
3,1705078500,720821,208918,359,2386,3899,1002,-271,469,-64,-63,28,46867,0.2527,transitando
3,1705078800,720934,208906,270,2475,3916,1284,46,-222,-15,-40,91,4691,0.2602,transitando
3,1705079100,720842,209068,271,2449,3953,247,178,-64,-98,-5,50,35850,0.3503,transitando
3,1705079400,720778,209074,341,2452,3911,-274,364,-299,-27,-51,20,49073,0.2239,transitando
3,1705079700,720834,208776,472,2342,3942,853,643,-40,159,9,9,37780,0.3111,transitando
3,1705080000,720901,209143,182,2520,3958,1462,-278,-36,88,-31,-9,47769,0.2283,transitando
3,1705080300,720799,209006,144,2417,3904,912,-45,2,-10,-13,40,41780,0.3019,transitando
3,1705080600,720854,209391,335,2560,3898,2308,127,-52,38,111,-49,2208,0.2341,transitando
3,1705080900,720962,209420,207,2421,3914,714,-258,-68,170,273,-105,22700,0.3466,transitando
3,1705081200,721028,209042,254,2504,3947,1580,69,101,-37,68,-67,12967,0.287,transitando
3,1705081500,721088,209270,270,2428,3905,1106,-22,-111,-67,16,1,51000,0.158,transitando
3,1705081800,721224,209497,78,2448,3978,1293,276,1,48,206,-20,653,0.3735,transitando
3,1705082100,721335,209639,352,2501,3960,946,-184,108,135,-143,-9,20667,0.2954,transitando
3,1705082400,721451,209326,484,2398,3971,509,209,-32,56,76,79,3107,0.2642,transitando
3,1705082700,721333,209475,455,2379,3959,747,27,213,-31,181,-38,51609,0.3352,transitando
3,1705083000,721199,209377,323,2388,3957,1255,-248,272,-38,140,0,20603,0.3457,transitando
3,1705083300,721199,208837,298,2422,3944,1090,-334,-18,124,-244,-22,29442,0.2236,transitando
3,1705083600,721309,208663,430,2442,3980,1091,-18,-20,56,-104,-112,17353,0.2295,transitando
3,1705083900,721199,208784,353,2390,3996,2334,196,155,-26,48,-34,29505,0.3208,transitando
3,1705084200,721262,208507,185,2529,3911,1893,87,0,-138,-32,-11,33540,0.2607,transitando
3,1705084500,721271,208999,77,2543,3940,531,340,-168,-205,89,-1,35751,0.2735,transitando
3,1705084800,721208,208729,461,2381,3963,743,-121,83,-26,-37,-75,64276,0.3536,transitando
3,1705085100,721217,208998,61,2531,3910,848,45,262,8,45,-33,25461,0.2807,transitando
3,1705085400,721299,209310,113,2423,3898,-435,-244,2,109,192,10,54717,0.4373,transitando
3,1705085700,721305,209047,348,2402,3915,503,-727,-110,-143,-66,21,31285,0.2588,transitando
3,1705086000,721315,209508,191,2410,3984,1633,-201,73,228,-29,-38,8683,0.3172,transitando
3,1705086300,721375,209807,378,2360,3955,2486,527,-113,70,92,-16,13274,0.3505,transitando
3,1705086600,721410,209973,419,2444,3961,1011,-375,-177,51,-103,-22,60619,0.3878,transitando
3,1705086900,721352,209969,75,2514,3967,1905,129,-69,-6,97,-23,44199,0.2827,transitando
3,1705087200,721387,209580,132,2463,3958,1104,262,36,-41,28,37,3329,0.2108,transitando
3,1705087500,721318,209277,93,2483,3908,991,131,86,-9,247,-96,10440,0.2776,transitando
3,1705087800,721393,209000,489,2418,3966,782,-58,-72,43,-118,23,6571,0.2807,transitando
3,1705088100,721375,208697,192,2430,3979,438,-163,184,-55,-28,26,36224,0.252,transitando
3,1705088400,721291,208586,214,2539,3961,1409,167,58,10,11,-53,11325,0.3607,transitando
3,1705088700,721331,208747,188,2480,3914,370,-179,459,101,-40,6,32912,0.2725,transitando
3,1705089000,721223,208770,238,2482,3969,847,-147,-20,-100,-34,21,40856,0.3378,transitando
3,1705089300,721225,209150,258,2467,3903,972,-41,216,145,42,-20,39345,0.4469,transitando
3,1705089600,721270,209262,439,2430,3954,1095,155,310,-106,23,-101,47584,0.2246,transitando
3,1705089900,721353,209414,235,2496,3898,1399,59,145,-63,60,-33,25146,0.4133,transitando
3,1705090200,721313,209715,131,2412,3982,575,-285,25,43,113,33,38501,0.3202,transitando
3,1705090500,721282,210092,383,2384,3934,1404,420,209,-161,-83,-45,5312,0.3424,transitando
3,1705090800,721165,210357,457,2423,3992,-137,2,-196,-87,121,41,48764,0.3369,transitando
3,1705091100,721080,210636,355,2346,3909,1207,-233,78,-42,2,33,34832,0.2935,transitando
3,1705091400,721214,210686,396,2378,3906,1298,-166,361,-34,11,-12,43485,0.3584,transitando
3,1705091700,721217,210850,351,2422,3958,640,29,225,-99,41,-24,33164,0.3595,transitando
3,1705092000,721152,210637,432,2411,3946,1062,160,192,-141,-57,129,57869,0.2896,transitando
3,1705092300,721012,210812,76,2488,3903,555,351,46,-184,-127,-6,1713,0.3175,transitando
3,1705092600,720916,210709,88,2461,3966,2007,-92,-60,191,-89,-27,17329,0.3519,transitando
3,1705092900,720877,210512,204,2476,3917,471,279,46,-48,-201,5,57175,0.4084,transitando
3,1705093200,720927,210403,344,2428,3939,144,-84,86,-58,50,-7,58244,0.3365,transitando
3,1705093500,720821,210310,454,2389,3963,1387,572,-142,25,-68,0,34739,0.3944,transitando
3,1705093800,720816,210622,271,2480,3990,824,79,182,48,67,-31,2255,0.3355,transitando
3,1705094100,720723,210824,177,2390,3902,362,-161,-2,133,102,-44,60099,0.2761,transitando
3,1705094400,720609,211174,232,2372,3920,1282,73,115,38,145,53,4580,0.2696,transitando
3,1705094700,720487,211203,422,2351,3930,562,-207,-151,-32,-276,-9,49102,0.2327,transitando
3,1705095000,720556,210887,98,2529,3988,1388,306,61,-138,-172,-28,9987,0.3131,transitando
3,1705095300,720492,210549,251,2423,3916,1483,332,217,34,-15,96,37756,0.3272,transitando
3,1705095600,720460,210852,352,2412,3931,1132,-18,-19,-94,91,17,63818,0.4816,transitando
3,1705095900,720525,211043,132,2474,3996,576,490,-186,-72,55,-15,35525,0.425,transitando
3,1705096200,720584,211281,290,2464,3955,1727,-552,64,-22,91,-49,6641,0.4282,transitando
3,1705096500,720574,211009,419,2460,3937,1361,164,-101,-39,-11,42,22861,0.473,transitando
3,1705096800,720571,211251,332,2565,3909,929,739,-46,24,55,36,53031,0.2693,transitando
3,1705097100,720708,211113,306,2502,3975,1349,1,153,-157,69,-2,25148,0.2815,transitando
3,1705097400,720733,210645,299,2414,3916,1009,-467,326,102,-41,26,41441,0.3612,transitando
3,1705097700,720643,210626,335,2440,3959,1546,-226,-20,22,90,-24,43325,0.2293,transitando
3,1705098000,720659,210245,229,2490,3907,396,63,-171,-34,41,25,39690,0.2333,transitando
3,1705098300,720673,209779,228,2316,3985,1428,145,-357,-83,230,43,38999,0.414,transitando
3,1705098600,720602,209743,67,2505,3919,443,-20,397,-7,112,12,51069,0.3277,transitando
3,1705098900,720441,209627,496,2472,3972,943,-165,70,-14,129,-16,28483,0.2556,transitando
3,1705099200,720288,209813,439,2464,3925,1435,-409,-120,27,28,144,62022,0.3756,transitando
3,1705099500,720349,209649,139,2501,3958,1078,-501,190,-44,-12,-33,16544,0.2824,transitando
3,1705099800,720356,210130,354,2368,3965,587,220,-85,3,38,3,41520,0.4235,transitando
3,1705100100,720352,209933,321,2443,3918,1064,-262,143,-20,-88,12,38220,0.4757,transitando
3,1705100400,720406,210272,404,2542,3922,633,593,259,206,61,103,52614,0.3957,transitando
3,1705100700,720363,210382,50,2322,3931,1545,470,323,-15,-57,-141,16272,0.3441,transitando
3,1705101000,720372,210795,487,2410,3944,1506,212,-260,159,53,-39,59127,0.3875,transitando
3,1705101300,720429,210847,186,2468,3995,849,706,45,96,19,6,4595,0.441,transitando
3,1705101600,720413,210659,354,2390,3940,-32,214,-10,75,-74,45,40395,0.3634,transitando
3,1705101900,720389,210782,147,2405,3918,405,-20,279,2,50,34,846,0.4491,transitando
3,1705102200,720363,210581,180,2484,3961,-22,227,-217,137,61,28,60542,0.3284,transitando
3,1705102500,720447,210119,254,2403,3982,-114,-346,67,-64,-112,-48,28159,0.3134,transitando
3,1705102800,720456,210440,122,2462,3996,971,-271,-38,113,111,40,51182,0.4299,transitando
3,1705103100,720417,210232,332,2407,3906,1267,-89,56,132,-18,46,53207,0.4573,transitando
3,1705103400,720311,210058,222,2446,3979,1229,-820,55,196,115,24,51213,0.2776,transitando
3,1705103700,720294,209695,179,2455,3920,1476,-179,-162,9,16,112,34662,0.3274,transitando
3,1705104000,720154,209705,93,2499,3961,573,423,66,-50,36,-63,38078,0.3571,transitando
3,1705104300,720125,209529,338,2400,3987,1467,260,78,76,-55,37,61368,0.3554,transitando
3,1705104600,720131,209251,356,2387,3971,274,274,-62,-92,132,7,22860,0.3258,transitando
3,1705104900,720068,208998,386,2442,3922,848,-580,-1,41,16,-10,12815,0.3727,transitando
3,1705105200,719995,209075,142,2495,3980,773,183,-194,59,-103,26,48128,0.3577,transitando
3,1705105500,720034,209263,223,2478,3993,1395,-242,94,185,-6,-9,3960,0.4059,transitando
3,1705105800,720032,208991,137,2454,3988,999,154,29,-182,-123,145,59972,0.4052,transitando
3,1705106100,720084,209154,139,2457,3985,698,336,95,21,95,-42,25327,0.354,transitando
3,1705106400,720013,209488,446,2384,3973,859,-299,-239,-207,-98,-15,14408,0.4009,transitando
3,1705106700,719962,209589,401,2436,3973,2012,-242,146,-99,-122,111,53351,0.3939,transitando
3,1705107000,719997,209224,149,2455,3933,863,-414,-5,-127,1,-63,11595,0.3926,transitando
3,1705107300,719901,208951,391,2386,3979,-103,1,395,13,51,-12,2393,0.3192,transitando
3,1705107600,720047,209168,56,2531,3941,766,348,29,11,187,23,13877,0.4119,transitando
3,1705107900,720014,209355,301,2471,3926,1031,-2,88,-60,-19,-4,2455,0.5128,transitando
3,1705108200,719995,209316,263,2441,3906,938,335,324,31,8,-34,2173,0.4573,transitando
3,1705108500,719973,209476,360,2443,3988,1208,-53,-168,-136,-5,-33,40541,0.3655,transitando
3,1705108800,720038,209576,308,2512,3905,391,60,298,231,98,1,57194,0.4512,transitando
3,1705109100,720128,209558,293,2376,3933,476,-66,-168,-121,-111,27,9983,0.3895,transitando
3,1705109400,720068,209787,350,2336,3899,1952,-109,71,51,-133,4,56440,0.3243,transitando
3,1705109700,720091,210151,217,2482,3910,93,454,205,105,-17,-28,54050,0.2767,transitando
3,1705110000,720020,209861,258,2478,3967,640,-283,283,-129,8,78,52529,0.2984,transitando
3,1705110300,719938,209854,464,2335,3973,1613,363,453,-125,-2,32,1133,0.3433,transitando
3,1705110600,719872,209538,205,2485,3953,1532,-273,-89,89,-49,-16,673,0.3952,transitando
3,1705110900,719799,209849,486,2406,3897,993,55,95,44,-96,23,25574,0.3646,transitando
3,1705111200,719726,209833,187,2409,3900,1389,252,61,-53,6,85,50582,0.4739,transitando
3,1705111500,719694,209936,433,2427,3906,354,129,420,-100,-93,3,12996,0.4351,transitando
3,1705111800,719635,210226,111,2400,3921,20,165,75,28,1,-8,63491,0.3711,transitando
3,1705112100,719581,210335,108,2419,3951,1037,355,-106,-37,-150,-6,9907,0.5255,transitando
3,1705112400,719600,210392,276,2479,3926,842,331,-89,140,-128,9,35264,0.4766,transitando
3,1705112700,719555,210521,465,2423,3931,-56,-441,154,-55,79,-49,18305,0.4104,transitando
3,1705113000,719483,210523,132,2458,3905,1425,44,517,-62,129,59,14678,0.4979,transitando
3,1705113300,719444,210358,324,2323,3916,1242,-135,171,147,41,67,50742,0.4102,transitando
3,1705113600,719545,210538,480,2398,3904,1226,-148,-72,189,-56,32,66,0.3881,transitando
3,1705113900,719522,210193,65,2544,3898,757,141,-14,62,-9,16,40881,0.4915,transitando
3,1705114200,719441,210041,89,2439,3961,1118,-104,-22,5,-25,-40,24134,0.3739,transitando
3,1705114500,719469,209774,201,2369,3954,187,-36,-78,-6,32,-23,58465,0.4907,transitando
4,1705028400,-276754,1797515,427,2463,3909,-27,292,446,54,222,152,50406,0.3046,busca
4,1705028700,-276840,1797501,1745,2104,3972,1252,803,-226,-49,-20,217,11864,0.3856,busca
4,1705029000,-276898,1797518,1933,2105,3963,-499,-1328,-151,-332,-202,-242,40765,0.3298,busca
4,1705029300,-276790,1797538,1266,2323,3915,-150,392,-646,-385,-58,-112,37089,0.2977,busca
4,1705029600,-276851,1797570,1292,2192,3966,-637,-758,-255,222,132,52,20848,0.5704,busca
4,1705029900,-276869,1797526,1281,2190,3925,2524,624,-1002,-219,255,65,22893,0.2957,busca
4,1705030200,-276984,1797543,1108,2236,3948,882,312,-214,270,97,-79,37009,0.4008,busca
4,1705030500,-276952,1797498,1135,2289,3953,1652,316,-273,-24,32,-337,39757,0.4608,busca
4,1705030800,-276957,1797402,1609,2228,3906,699,258,-418,8,61,-159,39544,0.3902,busca
4,1705031100,-276861,1797416,1348,2154,3966,618,742,-793,-32,-279,215,22339,0.4729,busca
4,1705031400,-276901,1797447,384,2484,3942,182,-880,-249,-37,-39,43,14849,0.4163,busca
4,1705031700,-276956,1797420,1444,2208,3924,-337,34,420,-291,255,-101,54962,0.3896,busca
4,1705032000,-277013,1797396,1883,2143,3928,1168,1223,-470,-186,96,122,63103,0.3819,busca
4,1705032300,-277014,1797443,766,2353,3992,2266,874,-985,34,-128,-130,5418,0.388,busca
4,1705032600,-277007,1797402,842,2373,3958,1140,-596,-72,-15,-118,-140,26259,0.4457,busca
4,1705032900,-276916,1797405,853,2293,3925,533,378,-860,-4,-21,-28,36223,0.3902,busca
4,1705033200,-276894,1797249,1552,2207,3947,-2597,734,-298,86,-29,35,39003,0.4256,busca
4,1705033500,-276793,1797242,930,2320,3904,715,938,-624,255,125,-31,53284,0.4399,busca
4,1705033800,-276706,1797194,1157,2262,3938,615,1103,-371,-12,-107,61,5907,0.3569,busca
4,1705034100,-276758,1797159,1829,2216,3903,-240,1191,-535,-94,59,-226,56579,0.4051,busca
4,1705034400,-276831,1797156,965,2294,3951,823,294,-1090,-149,44,-136,18545,0.4922,busca
4,1705034700,-276860,1797092,468,2415,3920,1003,386,-1014,-28,14,130,2693,0.4784,busca
4,1705035000,-276886,1797009,612,2360,3954,1945,-27,-1090,254,44,65,41550,0.431,busca
4,1705035300,-276843,1796929,428,2518,3934,2022,468,-264,270,-196,-45,10832,0.3822,busca
4,1705035600,-276937,1796851,532,2415,3933,-348,-156,17,-77,90,11,18750,0.4307,busca
4,1705035900,-276864,1796888,936,2348,3920,1304,1402,-1267,167,-190,-89,1117,0.3245,busca
4,1705036200,-276942,1796915,1964,2050,3909,777,324,397,-81,-56,12,26445,0.4247,busca
4,1705036500,-276924,1796972,1035,2325,3911,-400,714,-686,-212,-145,139,16762,0.5288,busca
4,1705036800,-276929,1797001,1778,2166,3991,539,964,-1126,-352,125,-70,27072,0.4662,busca
4,1705037100,-276982,1796958,1083,2240,3917,878,380,-887,-173,110,229,63626,0.3631,busca
4,1705037400,-277074,1797009,405,2436,3920,282,250,713,-243,-39,-118,2546,0.5859,busca
4,1705037700,-277086,1797034,650,2300,3943,851,1490,747,-16,114,62,42364,0.5747,busca
4,1705038000,-277035,1797018,1800,2139,3902,702,160,149,-93,267,-321,11330,0.4842,busca
4,1705038300,-277066,1797039,737,2345,3982,585,-187,-495,-10,-64,-285,5336,0.4725,busca
4,1705038600,-277112,1797041,648,2427,3931,-692,511,-586,-44,129,-30,2802,0.388,busca
4,1705038900,-277154,1797107,841,2331,3959,499,3214,250,-286,106,-3,51564,0.5479,busca
4,1705039200,-277174,1797142,580,2371,3980,1441,756,-41,-70,-54,67,26382,0.4109,busca
4,1705039500,-277235,1797109,775,2401,3993,784,122,-513,198,-89,75,25574,0.5466,busca
4,1705039800,-277250,1797072,461,2418,3984,1363,-517,-613,-138,-184,-198,31952,0.4763,busca
4,1705040100,-277139,1797060,1810,2183,3939,1140,442,-779,200,188,-11,26308,0.5271,busca
4,1705040400,-277123,1797030,883,2335,3951,497,-324,-757,324,264,-8,12359,0.4114,busca
4,1705040700,-277042,1796991,1573,2148,3996,691,1066,-643,44,122,-36,64265,0.5043,busca
4,1705041000,-277017,1796989,1396,2162,3978,442,-249,-560,-157,-353,-59,49737,0.6655,busca
4,1705041300,-277030,1796988,1151,2258,3912,1432,317,-1669,-20,-14,200,10816,0.5294,busca
4,1705041600,-277028,1797024,343,2381,3951,513,846,-1301,-114,279,-105,60360,0.3932,busca
4,1705041900,-277001,1797118,796,2275,3960,1267,683,-31,-15,-130,50,54779,0.4805,busca
4,1705042200,-277067,1797209,1594,2203,3967,496,873,-684,-402,190,84,21773,0.6076,busca
4,1705042500,-277060,1797185,1234,2206,3963,-77,-115,722,298,-223,435,22756,0.519,busca
4,1705042800,-277093,1797214,888,2384,3921,86,-1002,-217,-26,-158,94,7162,0.5208,busca
4,1705043100,-277076,1797196,1151,2287,3908,358,1209,-1071,-112,-35,128,47510,0.4216,busca
4,1705043400,-277097,1797091,1454,2168,3968,-303,382,-293,93,-336,36,8394,0.4392,busca
4,1705043700,-277021,1797032,1124,2334,3916,1332,-715,-170,114,347,102,53917,0.6031,busca
4,1705044000,-277065,1796991,683,2461,3989,-90,-1462,-1062,-195,-102,-18,63058,0.4616,busca
4,1705044300,-277066,1797058,1868,2222,3901,1294,-1982,-518,148,402,-176,49674,0.6271,busca
4,1705044600,-277044,1797084,1881,2155,3933,1218,-274,630,185,141,156,7066,0.4565,busca
4,1705044900,-277070,1797124,1472,2095,3968,-795,-2,-586,12,194,228,27806,0.5549,busca
4,1705045200,-277076,1797107,1891,2125,3915,1344,1207,-731,208,-70,120,61387,0.6392,busca
4,1705045500,-277072,1797066,744,2325,3908,-2062,485,-337,165,196,-69,29623,0.5264,busca
4,1705045800,-277110,1797056,1580,2144,3966,427,-1096,-904,418,163,-149,36616,0.4358,busca
4,1705046100,-277067,1797038,1906,2072,3925,28,865,-313,-238,-223,41,3616,0.6058,busca
4,1705046400,-277086,1797046,1196,2234,3990,-288,2288,-214,-295,106,-231,27250,0.5727,forrageando
4,1705046700,-277098,1797065,829,2341,3950,-3755,-764,-981,243,-847,-156,40359,0.6587,forrageando
4,1705047000,-277099,1797042,951,2266,3962,-2411,3429,-391,23,191,-198,33794,0.6314,forrageando
4,1705047300,-277079,1797026,1496,2157,3899,-751,-2815,-1456,-403,141,-320,46671,0.488,forrageando
4,1705047600,-277033,1797048,1171,2324,3912,545,141,108,596,0,194,44480,0.5506,forrageando
4,1705047900,-276995,1797045,1238,2258,3931,-2232,-1354,-1895,-577,888,-61,56603,0.4281,forrageando
4,1705048200,-277049,1796942,1406,2202,3970,-129,3811,1068,-579,304,-493,38794,0.5155,forrageando
4,1705048500,-277058,1796927,205,2524,3986,-1120,-2543,-161,-1151,252,-77,4338,0.5241,forrageando
4,1705048800,-277057,1796875,1115,2236,3986,2505,-756,-90,888,79,451,15362,0.4111,forrageando
4,1705049100,-277065,1796915,1067,2257,3942,1302,243,-733,-81,-121,-16,34754,0.5118,forrageando
4,1705049400,-277102,1796920,1342,2321,3960,1023,-2822,-1847,69,115,-231,27244,0.5371,forrageando
4,1705049700,-277075,1796978,1233,2237,3945,720,-3747,-1395,161,-813,93,42477,0.5168,forrageando
4,1705050000,-277072,1796957,4586,637,3993,1111,462,-1573,48,154,335,57448,0.5339,forrageando
4,1705050300,-277066,1796981,3868,520,3962,1157,2404,-1044,-344,-511,-334,53351,0.5332,forrageando
4,1705050600,-277030,1796963,4640,655,3958,205,1050,-245,560,-14,-257,1393,0.4544,forrageando
4,1705050900,-276913,1797009,6658,897,3981,126,-1209,-2150,-93,196,-232,11736,0.4606,forrageando
4,1705051200,-276890,1797105,5760,806,3953,177,-5170,-1051,363,-756,556,50105,0.5515,forrageando
4,1705051500,-276864,1797125,2308,368,3931,4092,-808,540,55,-232,221,10862,0.6545,forrageando
4,1705051800,-276856,1797096,5582,815,3954,1332,-767,-751,128,-279,494,49059,0.5572,forrageando
4,1705052100,-276855,1797163,3510,643,3931,1109,-2469,76,-495,488,-351,42277,0.5145,forrageando
4,1705052400,-276841,1797152,5988,793,3908,4824,-4547,-1161,146,175,601,40732,0.5962,forrageando
4,1705052700,-276819,1797176,6642,800,3956,-1299,-1174,-1276,374,-446,-252,45515,0.471,forrageando
4,1705053000,-276886,1797144,5539,668,3951,525,-151,-1355,-9,-72,-95,46613,0.5773,forrageando
4,1705053300,-276874,1797159,7315,905,3922,-968,981,-1113,-18,-375,125,33150,0.5419,forrageando
4,1705053600,-276898,1797175,2861,450,3959,1931,1054,825,-1222,738,152,59135,0.499,forrageando
4,1705053900,-276942,1797219,2311,400,3998,188,2001,-731,88,797,-519,28538,0.4822,forrageando
4,1705054200,-276935,1797303,7379,970,3899,2471,4836,-3104,-240,49,-8,4563,0.5852,forrageando
4,1705054500,-276917,1797281,5754,743,3933,-1008,-1203,276,-935,196,-171,44477,0.5563,forrageando
4,1705054800,-276964,1797275,3806,559,3988,-37,1908,-1915,1007,154,414,4000,0.5928,forrageando
4,1705055100,-276973,1797299,3131,527,3945,1053,-451,-1722,-546,-53,-256,37964,0.443,forrageando
4,1705055400,-277077,1797380,4709,754,3955,4854,-6321,-1104,297,77,-115,43077,0.625,forrageando
4,1705055700,-277101,1797322,6502,849,3964,-3034,3513,-2509,381,-75,198,59752,0.4961,forrageando
4,1705056000,-277130,1797381,4901,718,3911,-2125,-4630,-1096,200,589,-303,51716,0.5348,forrageando
4,1705056300,-277111,1797338,4446,730,3912,-545,-961,-926,642,541,438,25810,0.4102,forrageando
4,1705056600,-277055,1797324,7219,857,3948,-115,1398,-327,0,-72,-393,57895,0.5413,forrageando
4,1705056900,-277060,1797286,3725,536,3937,219,266,-1607,-865,1479,14,20995,0.5032,forrageando
4,1705057200,-277075,1797262,5917,779,3916,2118,-3871,-623,216,-491,642,54124,0.5842,forrageando
4,1705057500,-277076,1797275,7742,901,3985,-365,-1835,-737,33,44,-482,20244,0.4376,forrageando
4,1705057800,-277122,1797319,2217,480,3945,-1534,-295,-1038,-486,-50,311,34684,0.5191,forrageando
4,1705058100,-277113,1797340,6470,825,3900,-5427,1640,-1858,-337,290,848,39781,0.4604,forrageando
4,1705058400,-277100,1797275,6898,795,3956,3358,2053,-1704,-68,14,146,61591,0.4492,forrageando
4,1705058700,-277032,1797234,4219,663,3950,1911,-673,-274,76,169,-224,57702,0.3855,forrageando
4,1705059000,-276967,1797280,4929,690,3915,919,-1774,-1130,-127,-891,-321,45387,0.4044,forrageando
4,1705059300,-277056,1797243,3675,536,3972,2072,-2710,-2340,110,712,365,6884,0.6268,forrageando
4,1705059600,-277062,1797241,7411,991,3976,1243,4188,-408,-167,35,-225,15222,0.4872,forrageando
4,1705059900,-277138,1797249,5995,843,3904,254,2581,-2079,2,188,571,27144,0.4452,forrageando
4,1705060200,-277082,1797196,7194,938,3935,219,-255,36,365,-152,-7,13864,0.5028,forrageando
4,1705060500,-277117,1797214,5279,687,3954,2275,-413,-1826,574,-510,348,8507,0.4625,forrageando
4,1705060800,-277137,1797356,2069,457,3942,979,-5,-860,-390,325,32,15430,0.4592,forrageando
4,1705061100,-277161,1797353,3756,642,3986,-1585,-3523,-368,124,-531,121,2745,0.4377,forrageando
4,1705061400,-277201,1797337,6798,934,3970,-393,2558,-1405,-5,-421,-206,61062,0.5404,forrageando
4,1705061700,-277199,1797329,2856,470,3965,1574,-16,-2344,19,303,285,33374,0.5211,forrageando
4,1705062000,-277180,1797312,5494,777,3977,1078,524,-3287,816,-95,-411,17344,0.5477,forrageando
4,1705062300,-277189,1797314,2008,416,3951,1205,-4579,-1791,-102,548,-212,58046,0.4259,forrageando
4,1705062600,-277267,1797387,3814,570,3944,239,-1590,-1935,1010,-254,524,49961,0.439,forrageando
4,1705062900,-277339,1797441,6327,962,3988,-1744,914,-2197,-32,-816,-185,9858,0.4414,forrageando
4,1705063200,-277374,1797478,7982,984,3970,7012,-1399,-412,867,791,211,27875,0.4809,forrageando
4,1705063500,-277376,1797556,5517,678,3972,1558,825,-1550,-146,110,-531,53049,0.5725,forrageando
4,1705063800,-277371,1797543,7782,959,3982,1222,1420,-197,755,474,309,16555,0.4281,forrageando
4,1705064100,-277287,1797448,5829,811,3921,-126,2793,-1996,228,-420,48,16631,0.3566,forrageando
4,1705064400,-277228,1797460,6636,805,3906,-889,894,-2067,-43,448,-221,36738,0.4793,forrageando
4,1705064700,-277146,1797527,3532,548,3936,606,-2438,-870,543,-1130,-117,58689,0.3104,forrageando
4,1705065000,-277066,1797538,2171,375,3996,-3224,-2680,-1078,43,-523,-253,38489,0.4428,forrageando
4,1705065300,-277039,1797534,6025,843,3962,-933,-214,21,68,727,306,2333,0.367,forrageando
4,1705065600,-276946,1797571,3308,549,3972,4681,-631,-2421,616,122,374,45907,0.3876,forrageando
4,1705065900,-276989,1797505,4409,731,3949,-2490,2363,-105,147,315,-279,27455,0.4666,forrageando
4,1705066200,-277039,1797405,2015,454,3937,-105,-461,12,419,354,-157,6021,0.3894,forrageando
4,1705066500,-277058,1797514,5595,683,3964,-3124,1348,-1132,-145,-11,-196,4208,0.4242,forrageando
4,1705066800,-276998,1797516,3226,522,3925,-1689,-675,44,-412,520,105,50850,0.4228,forrageando
4,1705067100,-277058,1797461,7609,1019,3961,-3679,-2128,-1626,124,841,-140,50190,0.3551,forrageando
4,1705067400,-277030,1797394,2920,472,3960,-4603,-2596,-1027,-120,-300,90,31714,0.3669,forrageando
4,1705067700,-277111,1797342,6853,826,3943,4722,-188,-2207,118,83,-604,763,0.3488,forrageando
4,1705068000,-276976,1797228,7592,1006,3938,-2348,-1705,-915,735,-779,-75,24422,0.4646,forrageando
4,1705068300,-276995,1797257,5024,687,3912,1451,-1521,-717,-188,-390,-232,27880,0.3946,forrageando
4,1705068600,-276987,1797191,5875,796,3942,2182,-76,673,-14,-400,-53,61958,0.3153,forrageando
4,1705068900,-277019,1797307,4973,731,3910,-938,-831,-1709,746,5,39,12955,0.2883,forrageando
4,1705069200,-277023,1797119,7584,941,3920,-1345,2373,-2100,-396,1405,133,14202,0.4869,forrageando
4,1705069500,-277075,1797110,3117,485,3950,-4303,1539,-2447,-448,-562,-396,2360,0.4255,forrageando
4,1705069800,-277117,1797020,4920,598,3954,401,1911,-1344,491,-42,102,20263,0.4141,forrageando
4,1705070100,-277149,1796974,7758,965,3924,2380,1785,-516,-64,581,215,956,0.3711,forrageando
4,1705070400,-277108,1796979,6954,923,3991,1410,-604,-1785,-239,-383,215,54638,0.383,forrageando
4,1705070700,-277221,1796878,3199,547,3964,568,-354,22,-126,160,-211,13341,0.3579,forrageando
4,1705071000,-277140,1796827,5872,937,3917,-1475,409,-295,-88,-398,58,39138,0.3247,forrageando
4,1705071300,-277135,1796914,4484,627,3922,389,-1188,-358,-314,304,95,57498,0.3769,forrageando
4,1705071600,-277189,1796846,3323,537,3921,584,-1337,1220,-678,253,-204,51643,0.4121,forrageando
4,1705071900,-277161,1796821,6234,848,3979,-518,-2792,-593,-13,81,-403,34720,0.3104,forrageando
4,1705072200,-276971,1796909,4685,649,3928,-3318,4173,-719,410,-1102,131,12919,0.4164,forrageando
4,1705072500,-276956,1796926,6070,773,3979,-829,-606,-401,-228,147,-242,60150,0.4516,forrageando
4,1705072800,-277071,1796858,6944,906,3979,-955,1242,-1031,765,181,-26,23851,0.3298,forrageando
4,1705073100,-277088,1796966,5490,741,3954,-1730,3710,-58,-844,-388,-67,13479,0.3518,forrageando
4,1705073400,-277038,1796892,5572,630,3976,2919,-557,-1352,23,1400,-235,54524,0.3328,forrageando
4,1705073700,-276955,1796755,6108,787,3993,-2430,1264,-1632,338,478,-25,59195,0.4599,forrageando
4,1705074000,-276974,1796881,3335,520,3926,-106,-566,-981,432,319,15,15085,0.3082,forrageando
4,1705074300,-276871,1796774,3631,583,3996,368,1969,730,-385,-344,232,3367,0.4242,forrageando
4,1705074600,-276915,1796832,7340,871,3952,-830,-956,1072,-988,216,103,45201,0.3437,forrageando
4,1705074900,-276878,1796781,7191,936,3970,438,577,-617,903,98,61,28011,0.2763,forrageando
4,1705075200,-276870,1796543,6467,879,3900,-3444,-952,-1250,129,-230,-17,64347,0.3465,forrageando
4,1705075500,-276815,1796463,5822,804,3997,-1073,-1110,-494,308,-37,368,31731,0.2508,forrageando
4,1705075800,-276750,1796306,6434,820,3914,-855,-113,468,-1101,-511,-193,43314,0.2957,forrageando
4,1705076100,-276820,1796229,6526,853,3937,781,2222,-1383,-328,302,-171,31824,0.3075,forrageando
4,1705076400,-276810,1796282,7401,953,3938,1791,611,-1889,-170,-744,-320,4851,0.2775,forrageando
4,1705076700,-276837,1796428,5659,793,3917,31,3157,-2078,269,281,-101,62818,0.3837,forrageando
4,1705077000,-276815,1796406,2790,490,3969,-5451,1609,-1678,502,434,-133,42327,0.3395,forrageando
4,1705077300,-276731,1796534,2110,473,3980,-4121,-1910,-944,646,-41,-9,14807,0.3346,forrageando
4,1705077600,-276722,1796484,2840,473,3932,2295,3069,-696,-657,-442,336,26833,0.3237,forrageando
4,1705077900,-276679,1796536,6468,792,3943,-5064,1247,-1977,-71,-548,-188,33130,0.2581,forrageando
4,1705078200,-276646,1796687,2842,491,3977,-707,-144,-1389,770,225,290,6077,0.2798,forrageando
4,1705078500,-276570,1796556,3439,537,3910,2249,-1266,255,467,276,106,50518,0.2789,forrageando
4,1705078800,-276566,1796681,7998,1041,3948,-748,-2250,-670,-179,-282,247,59278,0.2838,forrageando
4,1705079100,-276603,1796626,7280,933,3983,-4157,-770,-589,-134,-41,207,46696,0.365,forrageando
4,1705079400,-276699,1796630,3899,564,3987,-322,385,-166,469,184,-75,26290,0.2403,forrageando
4,1705079700,-276670,1796779,6583,902,3931,3809,2453,-497,597,-451,-173,4020,0.2881,forrageando
4,1705080000,-276703,1796813,2791,442,3902,23,3456,-962,-2,-492,101,43060,0.384,forrageando
4,1705080300,-276743,1796821,7604,963,3906,-3082,-156,-1357,-51,442,204,15173,0.329,forrageando
4,1705080600,-276817,1796670,5452,781,3907,1004,-1334,-1556,56,744,-48,28676,0.2657,forrageando
4,1705080900,-276937,1796547,5903,855,3909,3314,-2245,-205,41,-457,288,45671,0.2264,forrageando
4,1705081200,-276849,1796574,6814,893,3901,-2702,3124,-983,-956,213,234,20994,0.2419,forrageando
4,1705081500,-276897,1796648,4075,601,3953,-746,2310,-2372,666,-210,-306,38141,0.4564,forrageando
4,1705081800,-276960,1796701,2967,521,3990,1827,1636,-1984,422,-414,55,54548,0.3938,forrageando
4,1705082100,-276872,1796687,6291,806,3899,-1392,-1298,-2080,-622,-36,258,22864,0.2968,forrageando
4,1705082400,-276811,1796491,2833,532,3983,-2389,2073,-3,-753,258,161,57108,0.1843,forrageando
4,1705082700,-276749,1796516,6537,836,3985,-272,89,732,251,947,163,5083,0.1937,forrageando
4,1705083000,-276890,1796471,6715,899,3917,2556,-247,-1014,-191,336,562,54664,0.2549,forrageando
4,1705083300,-277014,1796615,3176,623,3987,-2589,1976,-1772,139,627,-22,58491,0.2779,forrageando
4,1705083600,-277004,1796583,3361,596,3956,-142,-3149,-869,199,152,-110,36294,0.2292,forrageando
4,1705083900,-277170,1796700,5335,870,3907,1127,610,-185,-622,-592,-341,47263,0.2493,forrageando
4,1705084200,-277102,1796753,4190,602,3900,822,2463,-193,-271,-295,-40,65260,0.2305,forrageando
4,1705084500,-277075,1796809,4733,635,3907,790,2012,-1403,217,1093,1,54658,0.3049,forrageando
4,1705084800,-277230,1796781,2866,542,3935,-2389,-145,-2148,122,-1513,-260,7615,0.381,forrageando
4,1705085100,-277314,1796759,2042,385,3918,3227,-1396,-1963,1039,605,276,53305,0.242,forrageando
4,1705085400,-277255,1796721,7955,999,3954,2075,-511,-1702,-120,-506,533,14081,0.3835,forrageando
4,1705085700,-277217,1796647,5450,743,3984,1709,-3092,-299,-215,389,525,7464,0.3229,forrageando
4,1705086000,-277234,1796694,5494,693,3948,4599,-112,-1814,-652,-42,-480,26735,0.3033,forrageando
4,1705086300,-277390,1796693,7687,957,3943,-807,-1276,-215,-136,-776,527,20411,0.2845,forrageando
4,1705086600,-277561,1796793,7446,931,3998,1695,-843,393,-106,80,-22,40757,0.3794,forrageando
4,1705086900,-277556,1796730,6868,881,3939,103,-1706,-897,-385,-489,54,47771,0.2294,forrageando
4,1705087200,-277472,1796856,2678,472,3957,3438,-455,-1698,160,291,-301,34712,0.2264,forrageando
4,1705087500,-277472,1796899,7631,997,3936,-230,2406,-1019,-387,-938,-89,24938,0.3239,forrageando
4,1705087800,-277409,1796772,2228,412,3987,-2165,-1850,-2297,1202,159,-22,22517,0.1724,forrageando
4,1705088100,-277559,1796781,2314,490,3954,-613,1198,-1700,120,-445,273,26284,0.2978,forrageando
4,1705088400,-277606,1796915,3826,610,3929,-1737,2017,383,-867,292,77,62162,0.2578,forrageando
4,1705088700,-277755,1796869,2681,549,3955,978,155,-1039,-257,479,-277,32441,0.2754,forrageando
4,1705089000,-277677,1796948,5846,773,3910,-3092,-1233,-1564,-258,-456,-35,59976,0.3543,forrageando
4,1705089300,-277749,1796902,3539,489,3935,3872,-555,-2809,-137,-172,-3,42651,0.2323,forrageando
4,1705089600,-277658,1797011,6559,785,3969,-6,2379,-1623,821,-540,-65,43271,0.3539,forrageando
4,1705089900,-277687,1797084,5357,732,3978,-83,1384,-1430,610,-142,-283,5686,0.3943,forrageando
4,1705090200,-277743,1797073,5158,778,3919,983,5496,-808,-889,-11,268,39844,0.2863,forrageando
4,1705090500,-277721,1797121,6968,856,3996,2063,-1297,-1837,912,377,-136,25393,0.2997,forrageando
4,1705090800,-277756,1796938,2274,371,3904,1932,2999,74,-180,-38,-360,45106,0.412,forrageando
4,1705091100,-277752,1796916,2273,400,3955,-1174,-399,-683,-587,292,337,32432,0.3693,forrageando
4,1705091400,-277636,1796867,7601,923,3925,-3332,2623,-2195,434,69,324,27814,0.3414,forrageando
4,1705091700,-277467,1796908,2606,438,3975,-3883,851,-2539,-344,-99,11,17866,0.3392,forrageando
4,1705092000,-277459,1796801,1356,2275,3990,1485,298,472,128,198,210,5646,0.2936,busca
4,1705092300,-277323,1796846,2687,2032,3913,-1206,-978,4,104,-132,166,52510,0.344,busca
4,1705092600,-277436,1796952,2333,2158,3917,1346,-153,-137,238,6,-137,25825,0.2215,busca
4,1705092900,-277392,1796987,3675,1819,3919,-580,-507,-903,18,-268,118,53994,0.3735,busca
4,1705093200,-277410,1796904,2666,2032,3942,610,-423,-227,-59,31,-2,4981,0.3458,busca
4,1705093500,-277332,1796918,1271,2186,3958,1585,-1235,-69,-14,-295,12,26709,0.4267,busca
4,1705093800,-277389,1796942,1598,2152,3945,1362,443,-482,261,675,-148,45698,0.2992,busca
4,1705094100,-277335,1796988,399,2435,3932,436,-275,-1192,-150,231,69,22745,0.2554,busca
4,1705094400,-277243,1796954,810,2360,3967,964,745,-623,-319,235,40,16527,0.2284,busca
4,1705094700,-277260,1796866,1054,2249,3912,-219,-248,-1380,-340,-124,-119,21955,0.3237,busca
4,1705095000,-277389,1796752,1542,2222,3988,248,-122,-1042,-198,175,-43,38022,0.3155,busca
4,1705095300,-277289,1796834,1535,2210,3932,1316,889,-463,376,-228,128,11463,0.2952,busca
4,1705095600,-277333,1796951,423,2383,3959,1360,138,-1021,71,177,46,35282,0.4427,busca
4,1705095900,-277330,1796908,1754,2187,3911,547,965,-352,-251,-60,-42,46267,0.2096,busca
4,1705096200,-277199,1796885,1401,2201,3930,2190,450,-57,-95,301,204,54989,0.2758,busca
4,1705096500,-277253,1796992,1506,2146,3915,-683,501,-1025,-223,-151,179,14093,0.3817,busca
4,1705096800,-277288,1797045,387,2459,3981,907,-177,-1109,338,-333,-101,7024,0.3751,busca
4,1705097100,-277229,1797082,1222,2307,3949,1183,-1445,-178,551,-160,-71,54911,0.4305,busca
4,1705097400,-277243,1797147,711,2317,3923,2176,-282,-822,-54,-51,-63,14263,0.3719,busca
4,1705097700,-277304,1797077,886,2394,3962,1191,450,-84,-163,76,-129,49548,0.2213,busca
4,1705098000,-277378,1797110,586,2345,3947,-909,-252,-1010,39,-232,-2,8204,0.3523,busca
4,1705098300,-277288,1797091,917,2341,3972,1934,442,-577,299,-49,-74,46821,0.3305,busca
4,1705098600,-277179,1796962,1473,2213,3978,-325,1573,-775,-165,-348,-151,47011,0.3801,busca
4,1705098900,-277204,1797104,355,2463,3924,-194,-439,-434,-266,22,114,12012,0.3406,busca
4,1705099200,-277155,1797271,1351,2265,3949,136,-50,-357,311,-8,82,55390,0.3333,busca
4,1705099500,-277157,1797395,451,2478,3901,764,-3,-400,25,-13,-28,58210,0.2787,transitando
4,1705099800,-277037,1797389,380,2423,3994,1387,25,-135,20,-63,4,3944,0.3229,transitando
4,1705100100,-276927,1797411,205,2449,3995,1365,183,413,221,-27,-24,51913,0.3329,transitando
4,1705100400,-276965,1797507,493,2447,3906,324,146,162,-183,-313,3,41114,0.3694,transitando
4,1705100700,-277026,1797526,298,2503,3910,515,305,-3,-122,-61,-24,43523,0.3316,transitando
4,1705101000,-276925,1797504,229,2482,3944,701,231,138,-4,-178,21,35269,0.3391,transitando
4,1705101300,-276979,1797624,210,2464,3900,1442,177,421,-114,117,-31,18137,0.3706,transitando
4,1705101600,-277020,1797571,174,2461,3932,1197,-50,-304,-80,-47,-33,33371,0.2648,transitando
4,1705101900,-277009,1797417,387,2408,3972,1623,-217,-11,153,-89,19,50789,0.3422,transitando
4,1705102200,-277135,1797413,225,2400,3992,1240,-99,-131,38,-76,21,48849,0.2941,transitando
4,1705102500,-277151,1797322,78,2500,3928,1391,234,126,-66,-67,-96,33349,0.2949,transitando
4,1705102800,-277226,1797200,99,2453,3940,1018,6,190,32,-73,-6,43614,0.4132,transitando
4,1705103100,-277197,1797240,361,2508,3995,834,111,99,89,-22,-52,14040,0.4577,transitando
4,1705103400,-277126,1797281,107,2452,3923,1661,-594,84,-105,5,-77,51288,0.305,transitando
4,1705103700,-277010,1797302,175,2569,3959,200,-18,-349,-338,-86,-48,29198,0.2975,transitando
4,1705104000,-276903,1797371,95,2418,3916,1165,28,164,145,-129,4,26024,0.3148,transitando
4,1705104300,-277022,1797311,453,2364,3944,430,-53,60,-31,72,-82,62555,0.4466,transitando
4,1705104600,-277039,1797194,127,2492,3981,55,407,100,71,26,90,10940,0.2251,transitando
4,1705104900,-276929,1797184,185,2483,3966,652,643,195,76,63,-14,26397,0.3376,transitando
4,1705105200,-276845,1797091,224,2479,3949,620,216,358,94,-78,29,11725,0.3827,transitando
4,1705105500,-276865,1797005,342,2456,3911,1894,99,-118,-116,-130,17,14611,0.3254,transitando
4,1705105800,-276866,1797107,386,2302,3917,931,117,-350,-49,-10,49,40753,0.387,transitando
4,1705106100,-276920,1797038,447,2425,3918,1218,170,59,108,-131,-18,44781,0.2637,transitando
4,1705106400,-276832,1797158,78,2542,3986,1576,-132,117,-79,-93,-56,3807,0.4048,transitando
4,1705106700,-276776,1797224,363,2442,3914,147,174,-49,-62,-80,38,11837,0.3349,transitando
4,1705107000,-276828,1797306,112,2475,3994,971,-81,-289,29,89,44,54303,0.4252,transitando
4,1705107300,-276898,1797313,157,2475,3932,886,-217,322,-36,-45,21,48575,0.449,transitando
4,1705107600,-276994,1797359,145,2525,3984,565,-126,-61,101,252,-10,50608,0.3504,transitando
4,1705107900,-276943,1797331,128,2542,3946,1181,107,207,37,108,-44,61638,0.3445,transitando
4,1705108200,-277038,1797272,176,2440,3970,1147,-358,-179,-60,129,-39,4491,0.2406,transitando
4,1705108500,-277156,1797223,319,2420,3982,1378,-392,176,-137,-29,9,53019,0.4286,transitando
4,1705108800,-277112,1797342,435,2448,3908,357,-136,222,-87,-16,48,17892,0.41,transitando
4,1705109100,-277128,1797274,171,2389,3990,227,109,-280,132,86,29,10445,0.3632,transitando
4,1705109400,-277207,1797324,184,2425,3991,701,-561,-140,-117,-52,-91,1215,0.2701,transitando
4,1705109700,-277181,1797195,465,2406,3965,587,-344,-295,84,-87,-31,62366,0.3032,transitando
4,1705110000,-277299,1797195,143,2386,3934,555,316,-377,-11,-17,-40,42733,0.4442,transitando
4,1705110300,-277327,1797152,181,2457,3920,424,-614,79,-29,4,-10,10861,0.3762,transitando
4,1705110600,-277313,1797203,155,2384,3965,728,330,123,-140,-44,-16,57978,0.5303,transitando
4,1705110900,-277314,1797184,354,2406,3996,993,195,109,-47,-118,90,20640,0.3046,transitando
4,1705111200,-277439,1797212,395,2495,3965,654,-366,282,-65,-82,-22,27478,0.4247,transitando
4,1705111500,-277396,1797147,92,2528,3992,864,488,7,-104,51,-48,12552,0.3366,transitando
4,1705111800,-277338,1796997,106,2425,3996,819,362,80,228,-11,119,24746,0.3178,transitando
4,1705112100,-277421,1796946,498,2416,3963,1246,-122,42,-52,92,-33,30943,0.4052,transitando
4,1705112400,-277517,1797030,129,2461,3901,1682,-126,99,-71,-32,-63,18683,0.4474,transitando
4,1705112700,-277531,1797139,129,2454,3914,1437,419,-32,8,-199,37,49478,0.4339,transitando
4,1705113000,-277563,1797100,487,2282,3946,820,190,-111,76,-14,-55,57646,0.4676,transitando
4,1705113300,-277617,1797068,466,2396,3946,1112,490,-273,55,68,16,16654,0.3891,transitando
4,1705113600,-277707,1797094,455,2454,3993,1247,-130,17,-18,21,-43,50464,0.3703,transitando
4,1705113900,-277748,1797113,206,2455,3924,1086,-58,-455,19,44,55,31261,0.3854,transitando
4,1705114200,-277833,1797079,450,2363,3947,1195,176,-103,-24,-138,7,48165,0.3398,transitando
4,1705114500,-277770,1796916,308,2465,3969,710,-108,133,-130,59,12,38023,0.4244,transitando
5,1705028400,13642,76765,917,2342,3959,1159,-350,-931,-192,219,7,19218,0.2869,busca
5,1705028700,13654,76844,749,2331,3905,1250,501,-70,-101,-124,-68,44500,0.3868,busca
5,1705029000,13720,76820,1770,2084,3988,920,-588,-581,-189,90,427,33644,0.448,busca
5,1705029300,13709,76768,1440,2198,3951,1580,436,-1707,326,16,2,57222,0.3669,busca
5,1705029600,13709,76805,1249,2193,3900,1224,1554,-724,159,282,24,22841,0.3267,busca
5,1705029900,13757,76741,434,2481,3984,366,236,274,301,97,111,8590,0.3438,busca
5,1705030200,13730,76792,332,2532,3995,721,1092,478,-36,-162,250,9293,0.325,busca
5,1705030500,13747,76875,484,2464,3967,2076,-103,-871,258,2,-305,62556,0.3064,busca
5,1705030800,13666,76933,1870,2179,3948,59,203,-48,170,-126,-29,11720,0.3695,busca
5,1705031100,13754,76925,1537,2137,3944,1807,-1771,-659,-92,200,54,64866,0.5255,busca
5,1705031400,13736,76929,615,2390,3935,947,1301,15,93,-30,86,16187,0.3869,busca
5,1705031700,13787,76972,1895,2110,3992,369,906,-825,-391,631,187,53308,0.4524,busca
5,1705032000,13754,77090,1621,2179,3970,134,-1061,-803,44,-18,-70,49330,0.4741,busca
5,1705032300,13796,77024,1968,2071,3919,915,-503,-732,308,-157,168,35990,0.4118,busca
5,1705032600,13863,77122,511,2353,3945,-390,-759,312,-25,-89,27,24966,0.51,busca
5,1705032900,13861,77137,1653,2244,3921,617,-439,-1007,87,-67,-45,21631,0.348,busca
5,1705033200,13900,77078,647,2416,3932,-914,311,-612,25,209,-192,19879,0.4662,busca
5,1705033500,13903,77030,1557,2229,3944,1585,-426,-581,-136,-145,61,44950,0.4493,busca
5,1705033800,13851,77042,1831,2109,3904,876,125,-458,-29,-361,-204,55004,0.4029,busca
5,1705034100,13821,77079,719,2312,3969,750,-186,-670,97,174,-54,49756,0.3852,busca
5,1705034400,13924,77107,372,2371,3920,-102,138,226,-51,-222,-185,59045,0.4972,busca
5,1705034700,13990,77139,1368,2201,3948,2197,626,-664,-180,303,-165,60048,0.6051,busca
5,1705035000,13999,77164,1488,2252,3987,-514,281,-888,-349,-216,109,48973,0.5366,busca
5,1705035300,13986,77174,1156,2230,3972,951,-70,31,139,-112,-99,6686,0.5316,busca
5,1705035600,13999,77166,897,2256,3990,2533,290,-440,156,291,-19,21813,0.5561,busca
5,1705035900,13997,77205,1289,2254,3920,957,-651,-1122,-185,120,46,26559,0.5086,busca
5,1705036200,14015,77231,449,2367,3935,981,1354,-1147,4,-58,69,3351,0.4868,busca
5,1705036500,14057,77198,1167,2257,3977,782,-415,505,86,-2,328,44644,0.4806,busca
5,1705036800,13996,77157,1731,2101,3903,-1060,-1291,-268,34,248,255,2014,0.6079,busca
5,1705037100,14029,77160,1143,2253,3940,496,160,-1001,30,-577,-65,8990,0.3763,busca
5,1705037400,14078,77171,716,2321,3936,1469,-406,-119,21,0,-245,526,0.4213,busca
5,1705037700,14061,77116,2158,2016,3977,659,-710,-345,27,-200,-234,41450,0.5568,busca
5,1705038000,14072,77080,1003,2308,3946,462,-748,-602,289,38,50,58255,0.4472,busca
5,1705038300,14048,77030,341,2406,3975,-1265,492,81,-3,-280,105,42415,0.3926,busca
5,1705038600,14073,76945,1179,2270,3998,319,98,-1358,225,-137,12,61227,0.5656,busca
5,1705038900,14099,76985,1410,2170,3930,2432,1164,-311,-59,-226,-76,9022,0.5016,busca
5,1705039200,14098,77017,1204,2242,3902,1404,-535,-550,-200,21,-125,53591,0.4156,busca
5,1705039500,14144,76999,1178,2228,3939,372,673,-971,121,-255,-5,7003,0.4581,busca
5,1705039800,14087,76910,1444,2187,3905,708,-618,611,-189,-358,183,20719,0.407,busca
5,1705040100,14039,76960,326,2427,3998,-1571,251,-261,53,191,-65,44705,0.4772,busca
5,1705040400,14089,76919,1281,2223,3956,-353,619,-252,469,-21,117,64479,0.3744,busca
5,1705040700,14147,76854,500,2273,3981,-505,395,78,-101,211,-15,25680,0.5149,busca
5,1705041000,14169,76863,1450,2233,3924,1261,257,-636,-356,-373,-117,15778,0.4852,busca
5,1705041300,14251,76934,1215,2237,3963,-40,-47,-742,374,136,46,53438,0.4813,busca
5,1705041600,14158,77019,334,2493,3942,294,1360,-303,-99,-355,-157,43291,0.3735,busca
5,1705041900,14192,77058,895,2359,3913,-2679,-703,-402,-163,-196,88,46531,0.3772,busca
5,1705042200,14238,77106,1364,2093,3980,1203,-1139,-1099,-307,-131,77,3237,0.4839,busca
5,1705042500,14169,77167,1926,2076,3933,293,-813,85,188,64,-165,16480,0.4687,busca
5,1705042800,14210,77163,391,2410,3973,-884,314,-374,310,202,95,846,0.51,busca
5,1705043100,14201,77154,1476,2256,3992,-312,186,13,-131,-104,-245,26715,0.5084,busca
5,1705043400,14237,77147,2032,2067,3918,348,-520,-1086,-458,7,-162,8355,0.4741,busca
5,1705043700,14259,77120,898,2276,3916,1684,-1130,197,38,-184,44,33331,0.5554,busca
5,1705044000,14277,77120,1731,2147,3953,-626,392,-1309,27,-127,8,33966,0.5496,busca
5,1705044300,14266,77100,673,2496,3980,309,-453,-26,313,124,32,12170,0.5778,busca
5,1705044600,14278,77094,917,2276,3907,-1306,-2897,-455,10,-2,-73,50897,0.5887,busca
5,1705044900,14255,77101,486,2452,3961,1468,-968,60,321,-194,301,51769,0.3775,busca
5,1705045200,14326,77105,1316,2280,3928,1234,1410,-425,-108,-214,123,10618,0.5985,busca
5,1705045500,14361,77110,795,2374,3909,363,-430,-691,-26,385,88,41016,0.4911,busca
5,1705045800,14322,77048,725,2323,3955,805,1623,-465,-62,179,-163,62229,0.5486,busca
5,1705046100,14319,77057,803,2322,3964,-1,1005,-1580,-36,179,-20,34668,0.4094,busca
5,1705046400,14318,77128,1502,2222,3899,-530,1298,-148,52,469,220,35536,0.4482,busca
5,1705046700,14334,77103,586,2319,3952,987,-48,9,71,-75,18,35349,0.4599,busca
5,1705047000,14369,77067,1271,2140,3987,1598,1359,-784,-164,-215,-71,5226,0.5998,busca
5,1705047300,14367,77089,1683,2158,3940,1636,-959,-507,113,-8,288,6319,0.5779,busca
5,1705047600,14348,77114,2302,2006,3971,1321,-188,-821,-177,-247,-292,46828,0.4719,busca
5,1705047900,14246,77123,1486,2186,3937,-836,-1137,-731,228,-373,-25,34901,0.6263,busca
5,1705048200,14223,77140,774,2324,3950,1575,-1054,57,198,145,185,7180,0.5761,busca
5,1705048500,14227,77159,520,2404,3988,567,-10,-73,-280,139,-53,28867,0.5217,busca
5,1705048800,14220,77142,1689,2116,3920,-207,952,937,183,132,45,64323,0.5739,busca
5,1705049100,14214,77105,1017,2314,3915,-993,657,-580,-13,-201,-447,33364,0.6207,busca
5,1705049400,14249,77090,1306,2257,3912,3318,775,-1109,-258,-170,37,58757,0.5974,busca
5,1705049700,14222,77075,1417,2271,3971,429,-623,-867,52,17,56,44953,0.6404,busca
5,1705050000,14221,77102,3663,1746,3937,539,-846,-505,-243,145,-152,64798,0.6432,busca
5,1705050300,14216,77064,3960,1649,3977,1676,811,-779,234,-119,225,24623,0.4715,busca
5,1705050600,14187,77018,1896,2149,3948,1532,-831,-460,-29,11,150,18541,0.658,busca
5,1705050900,14204,77022,3708,1856,3951,-1005,-1105,-536,-33,50,-10,5417,0.6179,busca
5,1705051200,14202,77058,2199,2106,3941,80,97,-5,-146,-154,-262,469,0.6628,busca
5,1705051500,14184,77060,1850,2132,3929,554,474,-808,-93,-290,-104,54524,0.4708,busca
5,1705051800,14182,77143,2226,2018,3937,208,938,-331,25,-159,-81,12216,0.5216,busca
5,1705052100,14155,77145,1530,2247,3989,726,1078,-864,-215,109,-42,33524,0.5636,busca
5,1705052400,14165,77135,1908,2064,3925,60,-1434,-711,-6,149,104,44168,0.6608,busca
5,1705052700,14164,77165,2491,1951,3996,867,1404,-907,-92,252,219,22973,0.6287,busca
5,1705053000,14118,77153,2852,1857,3906,-586,463,-395,173,-54,-71,13749,0.6828,busca
5,1705053300,14095,77134,1805,2089,3926,208,1028,-1425,-179,77,-75,13933,0.66,busca
5,1705053600,14118,77141,2637,2051,3923,-371,767,-553,-201,-216,257,62917,0.5469,busca
5,1705053900,14096,77140,1548,2240,3958,-1147,-608,-685,-79,-107,-154,61036,0.5459,busca
5,1705054200,14119,77091,2263,2028,3981,389,31,-606,332,88,73,44640,0.6407,busca
5,1705054500,14114,77079,2782,2002,3926,1871,304,-740,-92,-1,47,11154,0.5922,busca
5,1705054800,14134,77065,3036,1976,3936,-543,1075,-452,309,-239,59,4629,0.5144,busca
5,1705055100,14159,77026,3537,1859,3927,101,-1102,1302,8,-158,-392,26367,0.6627,busca
5,1705055400,14149,77014,2956,1822,3939,-885,413,-290,-155,-67,181,10224,0.6784,busca
5,1705055700,14176,77051,3076,1932,3915,-544,1046,493,16,152,306,14050,0.5624,busca
5,1705056000,14133,77023,3905,1657,3930,222,156,-575,168,-127,-94,5032,0.5245,busca
5,1705056300,14155,77016,1240,2194,3901,-943,-824,-1065,139,6,-73,33240,0.6417,busca
5,1705056600,14164,76987,1970,2013,3937,1142,144,-853,64,-76,-6,9865,0.4499,busca
5,1705056900,14098,76928,2734,2031,3965,1559,438,-1123,283,-414,-43,32791,0.5691,busca
5,1705057200,14078,76921,2517,2028,3968,2182,593,-524,231,274,-22,44041,0.6194,busca
5,1705057500,14053,76952,1445,2134,3909,220,1044,-911,-92,-299,16,39449,0.6049,busca
5,1705057800,14036,76945,2275,2079,3912,1347,1027,-752,10,304,-132,24900,0.3656,busca
5,1705058100,14098,76996,2762,1888,3903,1052,537,-591,230,-102,35,40991,0.6621,busca
5,1705058400,14096,77024,2725,1955,3993,976,-73,-868,317,215,13,38694,0.4608,busca
5,1705058700,14007,77039,3055,1877,3933,892,310,-406,166,-124,-10,7860,0.5478,busca
5,1705059000,14054,77023,2846,1942,3993,304,-1840,-1037,36,-47,64,4747,0.4593,busca
5,1705059300,14120,77019,3879,1669,3927,527,762,-949,-35,-184,-315,28380,0.5814,busca
5,1705059600,14107,77027,1772,2084,3922,1707,645,-380,234,17,-33,20453,0.5248,busca
5,1705059900,14143,77031,2704,2072,3945,743,-413,-538,-24,15,-137,318,0.4124,busca
5,1705060200,14092,76970,2445,1997,3988,889,759,-12,-16,-20,246,40554,0.5638,busca
5,1705060500,14067,76969,1509,2114,3916,-691,-779,-492,122,118,79,5418,0.5173,busca
5,1705060800,14069,77002,1462,2131,3913,394,1029,-670,232,93,-96,56515,0.5107,busca
5,1705061100,14050,76979,3412,1848,3944,334,-799,-1223,-85,-142,-53,61855,0.5115,busca
5,1705061400,14059,77011,2462,1900,3907,-902,176,-611,80,-180,-127,29618,0.6291,busca
5,1705061700,14051,77042,1113,2220,3954,-635,1198,-259,-185,-190,-310,39156,0.6478,busca
5,1705062000,14020,77045,2327,2032,3965,632,1052,-326,106,406,-218,32857,0.4184,busca
5,1705062300,14127,77090,1363,2169,3926,1898,-84,-960,-235,-256,-59,1986,0.5708,busca
5,1705062600,14119,77122,3981,1620,3915,1186,389,-774,-109,29,-165,4547,0.5573,busca
5,1705062900,14125,77162,2259,2015,3958,-899,-1615,-265,56,-424,-230,36612,0.5289,busca
5,1705063200,14132,77134,1348,2186,3959,2592,-425,-187,235,-37,119,29964,0.4279,busca
5,1705063500,14143,77172,3411,1708,3930,4259,401,-631,-212,-109,-102,35437,0.5432,busca
5,1705063800,14165,77174,3019,1905,3920,967,15,-787,313,164,6,52365,0.4932,busca
5,1705064100,14087,77164,1887,2103,3968,-342,-264,488,-185,308,216,14904,0.4495,busca
5,1705064400,13966,77159,3480,1824,3980,880,-116,-867,-480,-549,-158,6865,0.4119,busca
5,1705064700,13960,77090,2252,2085,3982,1101,-1391,-462,193,28,228,3201,0.3916,busca
5,1705065000,14010,77086,3527,1857,3904,1283,-630,-88,195,-12,27,35732,0.3616,busca
5,1705065300,13995,77141,3039,1887,3907,2096,197,-35,-608,-205,190,50,0.4565,busca
5,1705065600,13942,77167,1580,2267,3933,885,477,-588,-293,156,39,39734,0.4991,busca
5,1705065900,14057,77142,1126,2270,3921,1134,36,-447,-287,-265,-105,20520,0.4566,busca
5,1705066200,14049,77223,3810,1743,3940,611,1006,-706,-202,120,-40,21673,0.4431,busca
5,1705066500,14076,77184,1768,2137,3968,423,197,-583,234,94,-68,3291,0.5098,busca
5,1705066800,14079,77195,4320,1724,3994,1192,-108,-777,-251,-474,-303,21734,0.3547,busca
5,1705067100,14088,77142,3065,1977,3901,1476,-413,-921,-115,-197,-208,52959,0.3991,busca
5,1705067400,14062,77119,3143,1852,3929,1794,610,-1326,-139,-82,124,52115,0.4963,busca
5,1705067700,14098,77142,3322,1782,3931,1139,-309,-435,-144,-131,-11,1896,0.4982,busca
5,1705068000,14167,77100,2362,1927,3952,-596,-1103,-219,-301,-118,-97,7117,0.3979,busca
5,1705068300,14149,77153,2972,1955,3981,1241,-881,-173,187,-89,115,62237,0.4212,busca
5,1705068600,14154,77110,4117,1642,3930,1539,-7,97,-183,-91,-45,38288,0.4769,busca
5,1705068900,14182,77124,1413,2252,3942,-1219,72,-604,-248,-36,-29,35575,0.3895,busca
5,1705069200,14219,77157,2763,1843,3967,106,-433,362,-38,-142,13,64762,0.3776,busca
5,1705069500,14157,77132,3932,1710,3983,546,-552,3,66,-161,399,23655,0.3245,busca
5,1705069800,14249,77198,1365,2194,3939,1742,672,-858,-105,-197,-228,61694,0.472,busca
5,1705070100,14194,77255,1133,2323,3914,244,-430,-1367,-95,-33,-16,35911,0.4571,busca
5,1705070400,14226,77278,2892,1860,3942,412,237,-595,291,-250,-28,44065,0.4706,busca
5,1705070700,14248,77255,1861,2105,3930,1164,380,-800,15,-284,-70,10872,0.4248,busca
5,1705071000,14295,77215,1787,2062,3931,-813,412,-1206,-122,131,160,19555,0.5404,busca
5,1705071300,14316,77173,2127,2118,3980,651,1532,-763,81,63,98,49294,0.5422,busca
5,1705071600,14296,77194,5150,720,3933,1717,-2345,-268,-679,-450,-609,24681,0.552,forrageando
5,1705071900,14292,77202,3274,1908,3968,-1159,1526,-1118,-259,37,-40,3616,0.3419,busca
5,1705072200,14136,77186,1959,2100,3981,882,645,-457,-5,101,205,8556,0.39,busca
5,1705072500,14123,77144,1157,2236,3974,-797,-1331,-410,36,-103,-167,9045,0.5354,busca
5,1705072800,14116,77119,3708,1775,3929,1428,360,523,-54,-29,141,30355,0.3862,busca
5,1705073100,14186,77100,1911,2139,3962,1434,212,-241,205,16,-175,30717,0.4373,busca
5,1705073400,14151,77117,1685,2156,3901,910,-1072,-290,-441,-234,-155,57550,0.3257,busca
5,1705073700,14088,77153,4155,1623,3917,164,251,-569,-116,-461,65,43845,0.3599,busca
5,1705074000,14122,77189,2843,1926,3930,485,-1308,-1265,235,-5,-111,55306,0.3993,busca
5,1705074300,14014,77146,3165,1863,3938,1211,821,-460,55,104,-64,51778,0.3587,busca
5,1705074600,14024,77078,3478,1843,3989,1078,785,-394,52,127,-251,39495,0.4547,busca
5,1705074900,14039,77156,2517,2085,3961,-138,315,-470,159,-51,-33,19375,0.4613,busca
5,1705075200,14012,77189,3365,1820,3950,2342,1169,-886,432,-104,-77,52085,0.2741,busca
5,1705075500,14083,77083,3038,1930,3944,-159,1493,225,-194,-305,-62,60063,0.3305,busca
5,1705075800,14163,77035,2554,2035,3912,-1282,402,-619,-199,-179,-175,58752,0.435,busca
5,1705076100,14113,77025,2405,2047,3938,954,1137,-12,-89,23,-142,9789,0.2825,busca
5,1705076400,14172,76980,1330,2204,3965,-1004,-978,-162,-171,-48,130,5986,0.4105,busca
5,1705076700,14225,76998,2099,2140,3921,61,26,-82,109,-38,230,20639,0.3853,busca
5,1705077000,14168,77068,2903,1887,3983,364,338,-747,196,90,92,57733,0.2908,busca
5,1705077300,14101,77089,2820,1895,3981,2734,-746,-1449,103,59,-90,8148,0.3342,busca
5,1705077600,14174,77003,3394,1813,3932,-1390,-34,-359,213,-163,112,2609,0.3101,busca
5,1705077900,14157,77103,2448,1979,3955,2015,813,-869,-29,-26,-234,61068,0.3179,busca
5,1705078200,14093,77080,3564,1787,3930,-312,-618,-268,-192,-247,-12,31807,0.2501,busca
5,1705078500,14198,77179,1409,2238,3923,1036,34,-285,-36,-63,-150,39576,0.3339,busca
5,1705078800,14185,77116,2204,2045,3980,1399,343,-7,10,-18,131,4018,0.2879,busca
5,1705079100,14052,77084,2011,2124,3977,333,656,-36,83,-329,-101,13169,0.329,busca
5,1705079400,14037,76912,1390,2175,3964,2010,702,-479,-146,158,-176,6864,0.4916,busca
5,1705079700,14037,77009,3641,1805,3928,1573,1048,-20,4,1,-256,22894,0.3314,busca
5,1705080000,13923,76976,930,2265,3900,886,-384,-527,-146,241,97,61951,0.3484,busca
5,1705080300,14043,77032,2650,1895,3917,58,-1752,-20,-192,27,-8,18629,0.4184,busca
5,1705080600,14019,77091,3167,1873,3946,3044,536,-664,100,64,17,23818,0.3091,busca
5,1705080900,14098,77102,2408,2048,3904,97,1873,-931,218,28,-85,7842,0.364,busca
5,1705081200,13991,77137,3155,1963,3909,1689,-625,177,146,-308,164,39499,0.2966,busca
5,1705081500,14047,77078,2569,2040,3909,762,1700,-1135,225,2,-143,30009,0.3573,busca
5,1705081800,14014,77051,3343,1851,3943,1330,-759,-870,-275,216,329,996,0.3273,busca
5,1705082100,13890,77123,3374,1852,3980,-1558,248,-475,90,-183,92,45486,0.411,busca
5,1705082400,13889,77081,2368,2105,3912,-1020,-65,-1008,82,344,-98,32480,0.3367,busca
5,1705082700,14026,77069,2652,1981,3991,-148,303,-482,-282,80,-2,57560,0.2486,busca
5,1705083000,14129,77028,1056,2189,3991,1534,780,-671,-102,10,-138,40259,0.5171,busca
5,1705083300,14100,77022,1072,2255,3960,-500,-1421,-257,233,-179,-143,52184,0.3263,busca
5,1705083600,14033,77098,2033,2129,3917,234,-2511,-653,149,235,-29,19196,0.3687,busca
5,1705083900,13997,77139,2783,1945,3917,-921,-139,-748,187,306,-149,31240,0.4347,busca
5,1705084200,14037,77148,2688,1955,3941,1643,522,-466,185,240,324,18526,0.3702,busca
5,1705084500,14082,77174,3568,1792,3915,-1091,-485,-218,21,40,273,45799,0.4211,busca
5,1705084800,14114,77269,2268,1989,3900,-610,-489,-77,-33,-261,165,15775,0.45,busca
5,1705085100,14078,77239,1522,2211,3994,1252,-872,-404,-26,-188,-142,25058,0.3351,busca
5,1705085400,14081,77342,2675,1940,3959,1135,117,-697,207,111,-205,43224,0.3561,busca
5,1705085700,14062,77443,2998,1876,3963,228,-4,-402,-143,59,99,15404,0.3849,busca
5,1705086000,14116,77522,3910,1640,3915,676,584,-842,124,-124,71,38600,0.4379,busca
5,1705086300,14100,77567,1103,2253,3927,45,824,375,-421,-43,-35,22942,0.4471,busca
5,1705086600,14040,77524,1245,2244,3914,1242,-87,-698,324,27,6,12652,0.3301,busca
5,1705086900,13970,77481,2532,2034,3985,1008,165,109,-58,10,-118,28326,0.4151,busca
5,1705087200,13962,77566,1003,2199,3948,901,-441,-1112,68,356,194,44732,0.2582,busca
5,1705087500,13891,77584,2590,1980,3931,-1497,-293,-349,70,58,232,29177,0.3397,busca
5,1705087800,13918,77513,4174,1670,3968,68,836,-769,188,-231,-9,10182,0.3223,busca
5,1705088100,13973,77595,1000,2364,3917,-214,274,341,-173,199,-41,668,0.4309,busca
5,1705088400,14075,77588,3154,1844,3976,1309,-118,-553,243,-173,149,25047,0.3168,busca
5,1705088700,14145,77599,3319,1887,3986,1329,-1061,-825,332,19,-172,23666,0.4337,busca
5,1705089000,14243,77604,3168,1898,3949,1157,388,-624,-48,-67,-49,18750,0.3366,busca
5,1705089300,14277,77537,2879,1946,3952,-681,117,122,-32,-58,148,14106,0.4925,busca
5,1705089600,14243,77554,2168,2142,3960,78,-898,-1035,-512,-217,-8,35855,0.5017,busca
5,1705089900,14251,77580,1418,2278,3986,2290,-343,-226,-154,-286,116,65238,0.4244,busca
5,1705090200,14331,77541,3769,1699,3978,166,-622,-836,-159,360,114,50939,0.4182,busca
5,1705090500,14319,77609,547,2406,3926,1457,-61,13,85,-27,-39,62121,0.3304,transitando
5,1705090800,14388,77509,97,2492,3954,1050,142,302,-27,-118,38,34669,0.3052,transitando
5,1705091100,14350,77642,191,2410,3965,1304,140,211,113,42,27,20456,0.356,transitando
5,1705091400,14388,77702,198,2475,3978,824,346,189,-312,-44,1,31270,0.3332,transitando
5,1705091700,14254,77733,222,2420,3950,305,-167,292,91,-73,-10,3971,0.4333,transitando
5,1705092000,14189,77768,513,2345,3916,1072,-461,-82,89,0,35,64053,0.3323,transitando
5,1705092300,14280,77851,352,2319,3932,953,244,135,-123,-106,18,46841,0.3926,transitando
5,1705092600,14217,77800,430,2417,3941,1204,718,64,-106,148,-11,32757,0.4223,transitando
5,1705092900,14141,77846,423,2446,3930,1710,-234,56,290,-80,7,61072,0.3505,transitando
5,1705093200,14201,77770,78,2458,3960,723,-148,-181,115,-125,-22,33733,0.4681,transitando
5,1705093500,14210,77858,398,2345,3952,1047,-315,-128,196,-137,20,52585,0.4424,transitando
5,1705093800,14216,77948,346,2553,3921,1019,-573,61,-30,-30,-46,19254,0.2844,transitando
5,1705094100,14207,78083,293,2471,3924,489,-45,36,104,127,4,63783,0.3015,transitando
5,1705094400,14180,78182,209,2427,3981,314,-646,-230,109,-58,-39,50742,0.3711,transitando
5,1705094700,14230,78235,484,2369,3945,931,265,-207,131,-52,8,46017,0.4905,transitando
5,1705095000,14240,78323,319,2492,3971,1346,490,80,126,-158,27,51104,0.3107,transitando
5,1705095300,14146,78389,100,2466,3986,981,196,-443,-56,178,-65,2823,0.3102,transitando
5,1705095600,14051,78429,326,2424,3908,1230,123,-28,102,-200,-32,26271,0.3107,transitando
5,1705095900,14120,78551,373,2398,3919,626,-440,-85,-174,77,-75,41104,0.4082,transitando
5,1705096200,14190,78546,423,2463,3986,1320,-66,232,160,-83,54,62098,0.3998,transitando
5,1705096500,14236,78491,442,2434,3905,1451,-181,395,48,-188,55,33603,0.4143,transitando
5,1705096800,14135,78567,371,2457,3989,632,-242,-82,-167,14,42,48831,0.3967,transitando
5,1705097100,14116,78614,405,2450,3916,1081,-83,-161,-69,47,7,55189,0.4503,transitando
5,1705097400,14163,78597,242,2506,3908,1345,42,-180,-44,4,-27,9741,0.4789,transitando
5,1705097700,14230,78661,267,2402,3946,1335,-318,-525,28,-24,12,24074,0.3645,transitando
5,1705098000,14326,78664,338,2466,3950,1085,-130,-365,11,-36,-3,54020,0.5031,transitando
5,1705098300,14358,78689,369,2384,3991,1474,188,71,-136,149,-39,23604,0.437,transitando
5,1705098600,14326,78780,159,2498,3996,1329,-170,-190,-74,124,-17,5438,0.3596,transitando
5,1705098900,14370,78849,446,2407,3977,1479,-134,354,79,-72,-72,12163,0.3958,transitando
5,1705099200,14362,78801,314,2427,3936,166,70,-212,-116,98,-18,11283,0.4187,transitando
5,1705099500,14433,78828,94,2457,3906,1636,116,30,90,50,-4,2929,0.4168,transitando
5,1705099800,14499,78849,208,2534,3989,1537,199,-183,184,-60,64,14114,0.5547,transitando
5,1705100100,14476,78875,415,2462,3996,1145,325,-89,56,-64,14,21672,0.4967,transitando
5,1705100400,14578,78835,274,2486,3978,510,-51,-350,-5,-38,-76,3001,0.4696,transitando
5,1705100700,14565,78916,477,2485,3936,1728,-39,-26,19,78,-34,21649,0.4432,transitando
5,1705101000,14489,78893,66,2439,3937,1130,225,217,223,119,-22,41869,0.4911,transitando
5,1705101300,14453,78983,317,2437,3931,598,55,-44,-5,63,37,26821,0.4287,transitando
5,1705101600,14422,78912,302,2382,3928,1436,-49,-378,106,41,-41,32495,0.3754,transitando
5,1705101900,14448,78831,578,2404,3970,371,-141,-325,-143,-92,96,63097,0.3747,transitando
5,1705102200,14387,78789,371,2400,3921,921,-17,-177,-97,-158,-57,58702,0.4157,transitando
5,1705102500,14371,78732,190,2393,3929,1166,-467,58,193,-11,107,44762,0.3617,transitando
5,1705102800,14434,78666,356,2280,3952,862,-137,75,17,90,-9,58897,0.3104,transitando
5,1705103100,14507,78731,355,2417,3980,227,398,-130,-42,104,189,1514,0.3476,transitando
5,1705103400,14632,78717,438,2390,3966,2007,865,-270,134,-36,-27,15695,0.3838,transitando
5,1705103700,14661,78757,239,2415,3985,326,-402,54,41,79,-9,3720,0.4314,transitando
5,1705104000,14688,78695,252,2417,3968,588,71,-193,86,-146,28,51229,0.2667,transitando
5,1705104300,14764,78574,224,2467,3960,526,-446,111,-6,-66,30,163,0.5062,transitando
5,1705104600,14805,78565,250,2487,3910,901,-12,79,5,-66,52,64166,0.4234,transitando
5,1705104900,14738,78524,267,2480,3989,522,-90,309,65,-125,96,37448,0.4887,transitando
5,1705105200,14735,78434,519,2417,3963,1139,344,42,24,56,-6,62600,0.3759,transitando
5,1705105500,14835,78442,499,2395,3934,668,-208,-81,128,-28,38,64801,0.3966,transitando
5,1705105800,14773,78437,105,2523,3926,709,-191,471,55,-22,58,30650,0.4233,transitando
5,1705106100,14775,78382,471,2403,3989,849,-135,-21,93,-110,-17,13881,0.5151,transitando
5,1705106400,14743,78376,368,2456,3913,1040,4,-161,-26,-21,-8,51994,0.3467,transitando
5,1705106700,14862,78380,521,2445,3938,1820,127,222,23,44,-27,10219,0.4223,transitando
5,1705107000,14913,78390,265,2441,3977,804,204,97,-90,55,-80,50489,0.4924,transitando
5,1705107300,15012,78392,229,2496,3994,1434,-386,-123,-83,-52,-64,29025,0.4724,transitando
5,1705107600,14954,78406,300,2488,3918,355,315,128,116,-104,46,56141,0.444,transitando
5,1705107900,14967,78477,430,2503,3959,854,-383,218,-280,103,-10,134,0.3746,transitando
5,1705108200,14909,78488,450,2454,3914,1362,128,-12,-105,133,-36,22288,0.459,transitando
5,1705108500,14973,78522,117,2489,3947,905,190,190,-52,-125,2,42734,0.4358,transitando
5,1705108800,14908,78628,175,2471,3924,1077,23,104,-119,-210,19,11926,0.4926,transitando
5,1705109100,14858,78699,126,2538,3960,558,-43,147,-33,-101,-40,42522,0.4805,transitando
5,1705109400,14792,78674,371,2405,3914,1072,315,-365,-168,-266,24,53950,0.4588,transitando
5,1705109700,14876,78651,320,2463,3937,755,-200,-10,-6,-65,-52,60600,0.4695,transitando
5,1705110000,14779,78721,301,2451,3948,466,-48,187,-53,77,-13,32903,0.3169,transitando
5,1705110300,14877,78615,238,2366,3906,2139,121,168,-27,4,0,4284,0.5432,transitando
5,1705110600,14891,78579,410,2363,3986,1699,86,56,-73,-201,31,37227,0.4977,transitando
5,1705110900,14959,78482,215,2397,3982,160,320,35,-94,143,-34,43556,0.5686,transitando
5,1705111200,14983,78509,462,2432,3939,586,-250,-370,52,149,-36,4731,0.3007,transitando
5,1705111500,14819,78492,379,2455,3922,950,828,237,134,-65,23,43793,0.5928,transitando
5,1705111800,14810,78535,397,2512,3937,857,571,-100,-77,-130,5,64281,0.5009,transitando
5,1705112100,14824,78507,321,2474,3985,1266,473,22,206,36,4,52092,0.4917,transitando
5,1705112400,14887,78532,428,2444,3929,879,242,234,-82,-192,-41,40449,0.5352,transitando
5,1705112700,14878,78548,311,2449,3940,1218,-116,-89,78,-78,-7,18130,0.3662,transitando
5,1705113000,14848,78618,536,2310,3966,-258,-107,-11,-147,120,5,59088,0.4517,transitando
5,1705113300,14749,78574,317,2344,3980,1574,245,-43,44,62,-9,11742,0.5576,transitando
5,1705113600,14721,78559,287,2454,3939,794,649,132,141,81,-9,64153,0.4952,transitando
5,1705113900,14830,78549,272,2473,3975,477,-174,-44,-13,-120,75,54199,0.4841,transitando
5,1705114200,14903,78448,200,2436,3959,1042,-345,-21,-18,17,-76,57558,0.4698,transitando
5,1705114500,14900,78516,94,2472,3962,180,-193,140,-19,-13,133,41746,0.451,transitando
6,1705028400,-15755,79024,1922,2141,3994,-1877,-69,141,183,-153,-71,22161,0.4649,busca
6,1705028700,-15735,79092,1632,2162,3942,1002,-754,-901,-158,124,-173,48385,0.3141,busca
6,1705029000,-15617,79092,474,2380,3936,468,728,723,-19,-154,-103,6414,0.5288,busca
6,1705029300,-15640,79106,1910,2019,3952,-2769,-247,-1053,204,231,249,19983,0.4755,busca
6,1705029600,-15595,79106,960,2329,3899,134,-85,597,-398,104,41,56690,0.3096,busca
6,1705029900,-15640,79234,870,2349,3956,224,529,181,240,-184,166,16073,0.2983,busca
6,1705030200,-15532,79289,1286,2316,3982,1313,412,-401,-74,216,-101,58414,0.3669,busca
6,1705030500,-15602,79348,445,2367,3986,1196,418,-518,301,-486,-95,37670,0.3244,busca
6,1705030800,-15619,79293,1578,2172,3933,788,1018,-537,231,197,224,24496,0.5072,busca
6,1705031100,-15642,79284,1730,2092,3959,847,-2032,-1497,22,-354,-12,27205,0.451,busca
6,1705031400,-15690,79244,999,2223,3950,309,-1769,-205,88,-100,48,22504,0.3678,busca
6,1705031700,-15697,79290,1062,2249,3969,609,53,-328,-126,194,-238,43655,0.4346,busca
6,1705032000,-15591,79286,1805,2130,3995,217,-156,-1248,277,-287,-178,11601,0.3986,busca
6,1705032300,-15517,79286,908,2314,3970,709,-654,-470,197,295,175,24220,0.512,busca
6,1705032600,-15493,79278,606,2374,3950,-407,-247,-375,-326,505,-18,65507,0.4839,busca
6,1705032900,-15443,79287,500,2441,3936,-438,497,-846,328,354,91,51520,0.5311,busca
6,1705033200,-15433,79271,1582,2137,3980,24,630,-943,43,158,-140,42994,0.4494,busca
6,1705033500,-15487,79291,585,2388,3962,1314,-1621,309,-109,-92,-33,33960,0.4767,busca
6,1705033800,-15547,79249,356,2435,3952,-532,2123,-101,-169,208,19,21356,0.3453,busca
6,1705034100,-15433,79323,522,2355,3997,257,-470,39,-63,-86,199,50835,0.4236,busca
6,1705034400,-15429,79407,1038,2287,3922,1811,-629,-607,45,-310,-21,26907,0.5457,busca
6,1705034700,-15417,79416,1012,2299,3907,963,899,-4,-315,-120,174,6859,0.4991,busca
6,1705035000,-15374,79379,1361,2241,3899,221,412,-518,-99,-123,-171,58122,0.4973,busca
6,1705035300,-15398,79416,1086,2280,3948,677,-1346,-220,3,255,-109,32173,0.3971,busca
6,1705035600,-15356,79324,1623,2142,3914,1196,-1106,-343,163,242,123,59066,0.3582,busca
6,1705035900,-15462,79334,646,2425,3940,156,-528,-938,-425,-88,1,4796,0.4734,busca
6,1705036200,-15492,79385,627,2360,3903,1985,-1060,724,63,233,-4,29829,0.5227,busca
6,1705036500,-15500,79410,521,2331,3975,1678,1170,-317,-101,-235,-185,49258,0.3791,busca
6,1705036800,-15535,79284,535,2409,3978,-641,-115,-279,46,-589,-63,16221,0.4208,busca
6,1705037100,-15472,79287,1424,2227,3922,-40,30,-719,321,-110,-70,48558,0.498,busca
6,1705037400,-15397,79207,754,2335,3993,761,-747,321,-284,-282,37,22945,0.267,busca
6,1705037700,-15502,79286,525,2357,3969,1594,49,-406,496,-340,-193,36125,0.4408,busca
6,1705038000,-15511,79378,1566,2186,3975,704,-823,-343,-96,229,310,32332,0.5076,busca
6,1705038300,-15510,79362,1430,2224,3966,1591,1019,-829,294,155,-242,28538,0.5087,busca
6,1705038600,-15501,79351,1818,2174,3973,1044,680,438,-250,-143,-68,23449,0.4097,busca
6,1705038900,-15555,79307,444,2437,3967,-103,1146,-240,-327,-125,178,3724,0.5414,busca
6,1705039200,-15522,79283,419,2450,3984,1137,2079,536,-368,436,-28,63306,0.4779,busca
6,1705039500,-15522,79234,1157,2296,3917,-920,1337,-961,-52,-419,-219,9539,0.4398,busca
6,1705039800,-15507,79288,1428,2195,3943,-1068,-308,5,53,39,64,35124,0.4634,busca
6,1705040100,-15460,79299,1067,2260,3997,1412,-538,-713,40,-135,-42,63982,0.5438,busca
6,1705040400,-15425,79280,1209,2205,3929,1051,-4,-684,63,-198,-104,16554,0.5319,busca
6,1705040700,-15420,79267,470,2344,3904,1170,589,-699,-116,-189,-154,14403,0.3987,busca
6,1705041000,-15463,79218,356,2481,3907,-73,54,-437,-119,215,157,55411,0.5828,busca
6,1705041300,-15489,79223,1407,2245,3930,-378,169,-634,-128,409,47,39942,0.5851,busca
6,1705041600,-15469,79250,1958,2048,3918,-572,29,-176,181,269,-244,27548,0.4136,busca
6,1705041900,-15516,79243,387,2474,3995,-1825,304,-562,154,235,-22,21345,0.6104,busca
6,1705042200,-15524,79208,846,2220,3945,-509,248,-182,129,63,339,48101,0.4651,busca
6,1705042500,-15657,79188,611,2399,3947,-1026,954,21,168,-282,84,1389,0.6377,busca
6,1705042800,-15668,79147,434,2395,3909,667,466,-480,-124,-229,-26,28802,0.4648,busca
6,1705043100,-15635,79180,599,2373,3960,2202,331,-610,-175,-431,269,7111,0.6479,busca
6,1705043400,-15623,79176,907,2419,3998,1655,425,41,105,231,-9,1324,0.6292,busca
6,1705043700,-15659,79156,891,2289,3955,-536,-22,70,-101,-96,5,37019,0.5272,busca
6,1705044000,-15682,79189,1933,2125,3954,-352,502,-1300,-140,29,-49,34781,0.4664,busca
6,1705044300,-15612,79159,597,2351,3942,-716,1374,20,-113,-365,117,6006,0.5639,busca
6,1705044600,-15575,79145,372,2405,3906,450,-1684,-201,108,149,162,42247,0.5041,busca
6,1705044900,-15584,79124,733,2398,3914,1688,123,-994,-179,85,177,4813,0.4598,busca
6,1705045200,-15605,79158,1839,2085,3998,349,-914,-995,75,394,-46,6992,0.374,busca
6,1705045500,-15600,79264,948,2383,3997,954,278,-575,250,196,-106,23346,0.4214,busca
6,1705045800,-15587,79189,467,2376,3930,954,549,-566,-141,200,-68,10316,0.615,busca
6,1705046100,-15597,79168,533,2439,3986,764,210,-199,233,-724,170,49255,0.3948,busca
6,1705046400,-15541,79102,1879,2134,3965,-592,155,-44,208,-100,108,62151,0.552,busca
6,1705046700,-15566,79086,1309,2254,3954,1748,342,-991,220,-58,-124,21553,0.5361,busca
6,1705047000,-15553,79090,423,2298,3905,1264,365,-868,-210,196,-136,51388,0.4623,busca
6,1705047300,-15559,79161,1789,2172,3915,644,-659,-250,224,-207,80,44284,0.6214,busca
6,1705047600,-15565,79155,1441,2224,3940,665,206,397,-82,-115,-241,13759,0.4918,busca
6,1705047900,-15569,79201,878,2384,3926,-648,-924,-955,-92,167,271,32662,0.5528,busca
6,1705048200,-15589,79191,923,2299,3899,-643,-90,90,-50,99,-122,23411,0.6625,busca
6,1705048500,-15604,79170,1005,2342,3954,-1257,-453,-220,133,0,-110,24053,0.5206,busca
6,1705048800,-15593,79149,1416,2265,3909,-367,604,-1081,-15,-87,-200,47512,0.5529,busca
6,1705049100,-15600,79186,880,2350,3936,-1189,-279,-825,1340,317,-112,46298,0.6232,forrageando
6,1705049400,-15546,79158,972,2358,3926,-666,841,-734,-240,677,22,31403,0.5438,forrageando
6,1705049700,-15551,79153,928,2324,3915,1930,201,-1920,-564,292,-214,55044,0.5935,forrageando
6,1705050000,-15567,79135,2278,437,3960,-1158,1685,-1832,-104,-401,355,32449,0.637,forrageando
6,1705050300,-15580,79120,1779,2189,3927,2107,659,-1975,1196,-340,222,30405,0.5695,forrageando
6,1705050600,-15592,79069,2655,496,3900,-1452,-1661,-540,-500,1083,339,62218,0.5285,forrageando
6,1705050900,-15572,79083,2540,418,3929,3947,828,703,420,80,-30,21426,0.4634,forrageando
6,1705051200,-15577,79061,2599,510,3913,-1915,-408,313,-587,-719,-75,36693,0.4551,forrageando
6,1705051500,-15516,79017,1181,2256,3935,1149,905,-1740,-297,243,319,36716,0.4309,forrageando
6,1705051800,-15438,78991,1468,2130,3985,1288,243,-1512,-81,-142,228,4242,0.4283,forrageando
6,1705052100,-15473,78930,1137,2267,3947,-2234,-245,-1230,500,0,-141,37362,0.4045,forrageando
6,1705052400,-15499,79048,2981,541,3983,1204,-2491,484,-92,7,-157,43937,0.5132,forrageando
6,1705052700,-15508,79058,1800,2211,3949,1431,961,-2030,192,445,111,16968,0.6106,forrageando
6,1705053000,-15517,79076,1665,2231,3940,-1567,1209,-606,-223,-81,-301,48859,0.6357,forrageando
6,1705053300,-15511,79090,2751,421,3953,26,791,-1093,-66,924,75,40744,0.3855,forrageando
6,1705053600,-15482,78970,1340,2243,3908,3251,-3325,-1466,12,48,165,64591,0.5248,forrageando
6,1705053900,-15489,78971,2062,380,3963,-973,-2949,-2572,-281,680,350,37408,0.558,forrageando
6,1705054200,-15492,79004,700,2280,3980,54,-459,-525,260,760,-176,32637,0.5263,forrageando
6,1705054500,-15490,79017,2049,444,3993,-2164,-3731,-1246,50,881,-356,32202,0.5078,forrageando
6,1705054800,-15503,78978,940,2348,3911,-2364,-232,343,-548,273,-244,16964,0.5962,forrageando
6,1705055100,-15504,78990,1720,2164,3941,-2197,-326,-1208,82,-90,-772,49982,0.5096,forrageando
6,1705055400,-15474,78998,702,2330,3926,-297,816,-1371,665,682,-131,12511,0.541,forrageando
6,1705055700,-15494,79021,1976,2032,3903,-620,717,-1999,147,-366,219,5040,0.4665,forrageando
6,1705056000,-15522,79008,2608,323,3904,1746,1508,-889,-73,391,125,64985,0.5345,forrageando
6,1705056300,-15500,79010,1627,2128,3973,1340,2949,-2174,-843,-403,195,55421,0.4973,forrageando
6,1705056600,-15405,79101,632,2260,3982,-832,4197,-1566,-780,-248,-601,23406,0.4897,forrageando
6,1705056900,-15383,79072,1787,2257,3970,2223,1706,-1126,327,253,-254,61114,0.5587,forrageando
6,1705057200,-15378,79086,1415,2239,3930,-345,3326,6,-29,115,-104,16775,0.5615,forrageando
6,1705057500,-15361,79125,1326,2235,3902,1699,2436,-299,-489,-632,175,31280,0.5178,forrageando
6,1705057800,-15348,79087,2651,370,3901,-2459,-1431,-1686,881,522,-24,10257,0.5484,forrageando
6,1705058100,-15314,79118,2733,501,3958,-2307,-2457,-2562,-208,479,225,45211,0.4758,forrageando
6,1705058400,-15268,79065,1622,2168,3988,2038,988,-526,269,131,26,232,0.4117,forrageando
6,1705058700,-15255,79112,2662,1885,3949,-1356,441,-813,70,-83,-228,52785,0.333,busca
6,1705059000,-15209,79049,1063,2237,3948,455,-397,-852,117,-128,-18,4789,0.3934,busca
6,1705059300,-15312,79028,3813,1729,3909,-1346,-288,181,171,75,127,19770,0.499,busca
6,1705059600,-15239,79089,2225,2049,3956,807,390,-532,60,-73,164,10603,0.508,busca
6,1705059900,-15222,79065,2506,2035,3918,-234,-1073,-1434,98,-96,184,19925,0.5273,busca
6,1705060200,-15254,79071,1432,2174,3952,1041,-306,-369,-60,-101,220,4790,0.3719,busca
6,1705060500,-15194,79035,2393,2015,3909,667,607,-665,45,372,73,64746,0.4827,busca
6,1705060800,-15173,78943,3911,1720,3987,-497,1350,-799,176,56,-145,45515,0.4856,busca
6,1705061100,-15084,78874,2603,1887,3966,-65,-766,119,27,73,-71,56050,0.4775,busca
6,1705061400,-15187,78811,3522,1835,3982,661,-651,-667,12,-151,73,17434,0.3778,busca
6,1705061700,-15088,78827,2724,1992,3978,2134,777,244,-171,-133,-148,45185,0.4057,busca
6,1705062000,-15108,78862,3330,1755,3930,1475,69,1,-49,-4,-185,28345,0.5835,busca
6,1705062300,-15151,78870,3127,1855,3933,2205,-550,-16,371,-109,-47,63962,0.4835,busca
6,1705062600,-15084,78920,2919,1948,3995,1995,-539,-489,202,294,247,18066,0.4008,busca
6,1705062900,-15073,78976,2417,2079,3915,-758,984,-14,65,63,127,32872,0.4762,busca
6,1705063200,-15132,78970,3251,1889,3938,-909,556,-512,-194,-150,-210,25472,0.3813,busca
6,1705063500,-15133,79007,3118,1841,3931,532,-862,-453,-91,-491,-37,2181,0.4933,busca
6,1705063800,-15173,79036,2173,1993,3970,280,-144,-719,-146,-78,92,19162,0.6147,busca
6,1705064100,-15178,79022,1299,2150,3938,517,-251,-622,-190,-30,108,11016,0.436,busca
6,1705064400,-15049,79040,3419,1765,3998,532,34,-1030,-129,352,99,62806,0.3719,busca
6,1705064700,-15083,79067,2257,2118,3948,-48,492,-1025,-222,-175,76,5118,0.5285,busca
6,1705065000,-15066,79057,2292,2012,3955,1806,1078,577,-47,181,158,41543,0.4871,busca
6,1705065300,-15120,78958,1874,2044,3939,-609,-655,-214,335,-148,101,62270,0.5692,busca
6,1705065600,-15108,78923,2708,1959,3940,1806,-61,-937,-149,130,125,26044,0.4251,busca
6,1705065900,-15059,78941,2031,2212,3928,-630,647,-879,204,6,10,62798,0.4272,busca
6,1705066200,-15094,78860,3869,1799,3958,348,-9,-868,-48,-218,121,31692,0.3133,busca
6,1705066500,-15027,78780,3167,1870,3950,-1030,-746,-836,-180,-59,-17,13395,0.4196,busca
6,1705066800,-14999,78833,3146,1892,3928,2260,-445,-644,-74,252,-46,4480,0.326,busca
6,1705067100,-15077,78788,3965,1782,3950,341,886,-188,130,-43,17,63209,0.4451,busca
6,1705067400,-14983,78723,3474,1842,3912,-991,-829,-853,-353,-163,116,30673,0.4472,busca
6,1705067700,-15065,78727,1468,2202,3994,-1372,-745,-279,166,157,115,15043,0.3837,busca
6,1705068000,-15075,78692,2215,2094,3929,22,-526,-544,-296,18,-26,40971,0.4495,busca
6,1705068300,-15099,78623,2489,2034,3899,524,-521,-1471,74,28,-42,13425,0.5109,busca
6,1705068600,-15106,78645,1820,2050,3934,698,-8,-836,-80,-108,-263,10853,0.3617,busca
6,1705068900,-15193,78653,2926,1879,3967,2714,1047,-78,-30,-191,127,17093,0.504,busca
6,1705069200,-15183,78639,1009,2444,3936,688,831,-700,-76,-45,-314,36881,0.3824,busca
6,1705069500,-15178,78698,2243,2005,3942,1202,364,-1356,127,-5,-46,32508,0.3601,busca
6,1705069800,-15137,78785,3715,1693,3941,-870,388,-451,188,202,-170,40540,0.3787,busca
6,1705070100,-15094,78742,1156,2319,3971,283,589,-917,-35,214,15,49875,0.4016,busca
6,1705070400,-15047,78789,2774,1925,3996,2348,-825,-432,49,-92,238,34368,0.3089,busca
6,1705070700,-15015,78918,2971,1917,3912,162,-373,-1169,-370,245,216,9517,0.4774,busca
6,1705071000,-15060,79024,2481,2031,3934,1500,325,353,-74,-192,325,7034,0.3868,busca
6,1705071300,-15174,79025,135,2445,3919,-88,-31,361,194,171,7,13589,0.2899,transitando
6,1705071600,-15253,78911,394,2424,3919,337,-258,-83,35,-129,13,8919,0.416,transitando
6,1705071900,-15326,78871,51,2436,3931,1871,-424,329,-25,28,24,46932,0.3317,transitando
6,1705072200,-15346,78760,469,2401,3936,2124,-53,-226,292,18,-100,48423,0.4599,transitando
6,1705072500,-15387,78725,92,2485,3977,661,818,109,-126,62,-91,47579,0.4041,transitando
6,1705072800,-15312,78748,156,2466,3913,198,146,-87,179,-1,37,37084,0.3945,transitando
6,1705073100,-15325,78800,312,2465,3932,1051,69,-126,32,-83,-8,53129,0.3845,transitando
6,1705073400,-15280,78721,175,2461,3921,816,94,242,63,-3,-1,41622,0.296,transitando
6,1705073700,-15324,78820,193,2548,3930,1244,367,68,-179,-38,-23,53442,0.496,transitando
6,1705074000,-15323,78756,92,2516,3919,1179,478,92,-151,-73,-41,33415,0.4974,transitando
6,1705074300,-15350,78716,300,2411,3929,267,249,24,-25,-38,50,19176,0.375,transitando
6,1705074600,-15353,78638,80,2512,3967,-508,-370,-153,-19,-69,27,26440,0.3511,transitando
6,1705074900,-15404,78564,469,2425,3938,139,429,233,-8,-102,-70,32065,0.3425,transitando
6,1705075200,-15276,78614,253,2434,3971,1318,-320,-59,89,27,-37,48540,0.2927,transitando
6,1705075500,-15196,78553,209,2503,3949,504,-365,50,-11,-92,0,43249,0.4196,transitando
6,1705075800,-15234,78508,495,2384,3927,2221,-2,28,5,36,36,19920,0.2658,transitando
6,1705076100,-15288,78584,434,2407,3928,641,-118,-191,164,10,11,42294,0.506,transitando
6,1705076400,-15281,78603,230,2451,3897,963,278,645,-45,223,-7,37766,0.3325,transitando
6,1705076700,-15403,78656,65,2397,3919,1177,-446,114,-1,189,-48,42487,0.357,transitando
6,1705077000,-15355,78709,475,2431,3921,374,-298,137,73,-136,2,2371,0.3126,transitando
6,1705077300,-15309,78607,52,2483,3929,1775,262,-275,137,-103,-29,12162,0.4377,transitando
6,1705077600,-15333,78668,164,2494,3940,1023,172,131,-87,-70,56,37251,0.2667,transitando
6,1705077900,-15216,78559,252,2436,3950,697,182,18,-43,-94,-10,28253,0.386,transitando
6,1705078200,-15159,78648,465,2397,3935,908,562,-61,-156,-54,48,47592,0.225,transitando
6,1705078500,-15172,78545,232,2359,3968,566,91,-213,150,-177,-96,26073,0.4312,transitando
6,1705078800,-15187,78603,164,2452,3933,525,105,162,-122,58,-21,16312,0.3164,transitando
6,1705079100,-15256,78705,260,2468,3972,1087,27,196,5,30,55,7938,0.342,transitando
6,1705079400,-15164,78836,204,2437,3974,1211,70,-33,145,-60,-50,48100,0.3958,transitando
6,1705079700,-15254,78871,180,2516,3900,1835,-755,39,24,-27,-55,61493,0.289,transitando
6,1705080000,-15192,78986,292,2428,3964,717,177,-48,7,-33,24,33187,0.4548,transitando
6,1705080300,-15140,79024,71,2501,3967,831,229,112,73,-169,-16,65402,0.3019,transitando
6,1705080600,-15060,78926,321,2432,3949,1347,651,-314,-37,173,-73,24770,0.3009,transitando
6,1705080900,-14992,78858,260,2412,3921,771,-59,-5,108,179,-53,56951,0.2264,transitando
6,1705081200,-14970,78692,274,2461,3898,858,851,316,-75,80,-8,33913,0.247,transitando
6,1705081500,-14987,78591,118,2585,3988,387,446,181,-113,-22,53,36298,0.3199,transitando
6,1705081800,-15082,78683,405,2425,3974,1073,-75,-365,75,-14,72,2630,0.4594,transitando
6,1705082100,-15133,78675,103,2482,3925,935,-538,70,-100,-6,12,48329,0.2875,transitando
6,1705082400,-15271,78688,395,2487,3943,1093,342,-139,-48,93,2,54194,0.2471,transitando
6,1705082700,-15181,78750,216,2470,3974,573,-508,-8,-289,29,-13,12018,0.2834,transitando
6,1705083000,-15272,78821,308,2420,3938,1220,-8,-128,-36,-111,-84,22317,0.1958,transitando
6,1705083300,-15338,78733,464,2329,3982,1235,122,143,-36,-148,-60,14454,0.3947,transitando
6,1705083600,-15391,78669,141,2526,3977,1266,-79,123,122,220,-1,21168,0.3231,transitando
6,1705083900,-15494,78589,166,2540,3991,1209,3,-151,-56,161,-32,42521,0.2459,transitando
6,1705084200,-15380,78527,477,2306,3932,1001,-56,-286,-43,-75,91,13251,0.4544,transitando
6,1705084500,-15427,78427,239,2478,3904,-415,343,-38,-87,-18,-30,39327,0.2167,transitando
6,1705084800,-15444,78512,228,2418,3908,1278,-4,-173,97,49,3,54283,0.3032,transitando
6,1705085100,-15441,78375,344,2414,3903,702,254,14,153,122,34,42376,0.4394,transitando
6,1705085400,-15404,78297,449,2403,3921,823,-369,-33,111,66,-48,39522,0.2464,transitando
6,1705085700,-15484,78381,491,2468,3960,634,17,-280,-2,-136,39,2565,0.3783,transitando
6,1705086000,-15546,78340,443,2474,3932,1588,-153,157,-48,-7,23,9637,0.4744,transitando
6,1705086300,-15569,78261,53,2483,3985,2038,-382,252,-73,75,23,3453,0.3317,transitando
6,1705086600,-15621,78350,161,2414,3917,600,369,-190,-50,144,25,60436,0.3786,transitando
6,1705086900,-15680,78343,193,2536,3922,2206,44,82,82,4,-133,43746,0.3869,transitando
6,1705087200,-15751,78349,280,2533,3945,2016,114,-36,201,-129,-3,22194,0.3494,transitando
6,1705087500,-15735,78450,134,2419,3934,1068,-113,-55,153,-102,-19,51270,0.4693,transitando
6,1705087800,-15775,78388,250,2522,3915,1839,-261,-46,46,176,11,15468,0.4203,transitando
6,1705088100,-15763,78449,256,2456,3965,883,-157,210,78,1,-36,3790,0.3125,transitando
6,1705088400,-15748,78366,250,2440,3950,503,162,-30,137,-59,90,60386,0.2839,transitando
6,1705088700,-15623,78387,300,2542,3907,221,-129,-81,-57,39,-41,30376,0.4418,transitando
6,1705089000,-15563,78450,227,2526,3994,174,-511,-17,-62,22,0,28043,0.5152,transitando
6,1705089300,-15572,78472,112,2414,3897,1048,337,-85,89,-6,-24,10176,0.3446,transitando
6,1705089600,-15481,78467,262,2472,3902,487,-237,-151,-55,-33,-29,21859,0.34,transitando
6,1705089900,-15337,78449,337,2482,3953,791,225,18,-76,-125,-76,184,0.4559,transitando
6,1705090200,-15287,78452,261,2456,3955,1059,-52,5,-96,77,-81,11792,0.3039,transitando
6,1705090500,-15415,78520,420,2416,3966,608,-383,246,1,-16,7,3751,0.517,transitando
6,1705090800,-15399,78549,58,2562,3957,961,16,-141,125,-125,8,58495,0.3862,transitando
6,1705091100,-15387,78492,361,2430,3944,741,33,148,-1,26,47,25874,0.3298,transitando
6,1705091400,-15370,78368,211,2499,3966,1458,-592,-160,-102,98,-55,2330,0.2876,transitando
6,1705091700,-15414,78250,276,2403,3972,-248,302,-112,-140,-85,-15,6535,0.3412,transitando
6,1705092000,-15477,78131,318,2507,3946,-684,239,-12,177,33,-10,3837,0.342,transitando
6,1705092300,-15461,77985,489,2421,3989,811,-455,-75,36,-1,29,54805,0.3281,transitando
6,1705092600,-15568,78023,339,2453,3981,1097,222,21,39,211,-19,65174,0.3571,transitando
6,1705092900,-15531,78068,120,2431,3988,988,198,-304,10,28,-79,43148,0.3864,transitando
6,1705093200,-15623,78085,258,2501,3970,1695,-146,-421,-130,41,-1,48719,0.3114,transitando
6,1705093500,-15544,78161,335,2404,3909,1763,421,56,279,-296,23,15375,0.2692,transitando
6,1705093800,-15458,78072,149,2445,3899,1319,40,80,35,66,89,49163,0.3507,transitando
6,1705094100,-15399,78030,441,2326,3914,1079,221,-256,98,-42,-5,12172,0.3498,transitando
6,1705094400,-15451,78132,277,2410,3911,464,-130,49,-5,24,44,54428,0.3108,transitando
6,1705094700,-15432,78012,199,2404,3928,907,36,367,34,108,69,40426,0.2958,transitando
6,1705095000,-15298,78060,237,2400,3968,183,47,-211,-114,-36,-30,32486,0.4193,transitando
6,1705095300,-15233,78030,458,2401,3948,1119,-73,-291,-50,-45,3,36113,0.4324,transitando
6,1705095600,-15208,77948,307,2449,3942,693,-218,-152,33,175,-59,37839,0.3929,transitando
6,1705095900,-15167,78007,477,2440,3961,995,323,-63,47,-1,-97,11997,0.3529,transitando
6,1705096200,-15193,78091,131,2410,3897,887,207,51,22,101,65,31407,0.4353,transitando
6,1705096500,-15268,78097,453,2407,3937,439,-127,-7,38,23,0,27398,0.3661,transitando
6,1705096800,-15346,78051,285,2432,3974,1611,292,-193,-203,64,25,50006,0.4234,transitando
6,1705097100,-15399,78003,469,2449,3995,1467,-464,-248,12,97,17,23783,0.4199,transitando
6,1705097400,-15347,77961,328,2467,3913,916,-109,383,-6,-60,-86,17910,0.4176,transitando
6,1705097700,-15444,77938,489,2391,3928,1544,75,-31,183,-171,-15,13297,0.4298,transitando
6,1705098000,-15405,78054,154,2470,3948,405,-296,-58,2,21,30,65225,0.3784,transitando
6,1705098300,-15410,78102,54,2371,3900,485,-432,-119,216,-84,5,47413,0.4587,transitando
6,1705098600,-15463,78108,332,2371,3988,-2,183,154,86,-107,30,38406,0.3819,transitando
6,1705098900,-15433,78053,375,2369,3918,1900,-598,384,30,216,-7,34940,0.4147,transitando
6,1705099200,-15480,78026,164,2455,3920,968,-10,116,201,-56,-5,61024,0.3511,transitando
6,1705099500,-15549,78082,186,2537,3920,1819,105,-231,200,-176,54,31645,0.3582,transitando
6,1705099800,-15521,77985,324,2422,3937,-34,-129,203,43,-124,26,62492,0.3291,transitando
6,1705100100,-15604,78106,479,2395,3925,1441,-242,-42,-32,-25,42,28824,0.3631,transitando
6,1705100400,-15651,78167,320,2370,3963,599,-316,83,-46,234,-72,19223,0.2771,transitando
6,1705100700,-15578,78121,219,2441,3914,1136,-341,-359,140,-16,21,20109,0.3492,transitando
6,1705101000,-15605,78028,264,2445,3921,1263,-81,-186,-151,231,-14,53042,0.403,transitando
6,1705101300,-15644,78087,469,2440,3982,433,108,111,-103,-90,8,36575,0.3359,transitando
6,1705101600,-15708,77976,1385,2302,3929,74,1371,-1114,230,64,-255,16145,0.344,forrageando
6,1705101900,-15654,77916,588,2354,3988,1571,-978,-212,114,-537,83,41195,0.4042,forrageando
6,1705102200,-15640,77930,718,2325,3997,155,1888,-605,597,-213,-257,26623,0.427,forrageando
6,1705102500,-15622,77883,441,2492,3946,1193,824,-1969,209,-576,120,6200,0.3791,forrageando
6,1705102800,-15605,77794,1252,2234,3951,2885,2571,-790,-415,317,340,61049,0.4288,forrageando
6,1705103100,-15537,77853,807,2337,3949,3569,918,-271,493,439,-21,10532,0.4009,forrageando
6,1705103400,-15687,77909,1052,2321,3968,-2952,-3347,-1526,222,-44,-579,38815,0.4551,forrageando
6,1705103700,-15648,77998,1475,2240,3986,-998,1790,-1337,-216,232,87,46440,0.3066,forrageando
6,1705104000,-15715,78077,1307,2311,3924,-227,1175,956,669,1026,-351,58616,0.2761,forrageando
6,1705104300,-15685,78020,805,2315,3950,1895,1125,914,-163,-15,260,36437,0.357,forrageando
6,1705104600,-15545,78030,534,2339,3924,-3073,-363,1173,46,547,591,56288,0.3918,forrageando
6,1705104900,-15438,78033,575,2329,3966,736,-2050,-1442,-188,731,636,59249,0.5009,forrageando
6,1705105200,-15377,78019,490,2469,3959,1637,-159,-156,362,-850,22,5026,0.3448,forrageando
6,1705105500,-15283,78085,303,2425,3906,466,-154,-830,-129,42,-235,61632,0.1962,forrageando
6,1705105800,-15192,78112,847,2329,3939,3653,-199,81,-28,-188,-96,16116,0.3059,forrageando
6,1705106100,-15180,78198,231,2509,3931,230,1325,-56,187,206,-205,21543,0.4905,forrageando
6,1705106400,-15147,78231,507,2394,3930,3399,2678,97,-347,1037,-621,52882,0.4363,forrageando
6,1705106700,-15165,78227,990,2380,3964,38,-1792,-177,-583,661,-180,52714,0.4783,forrageando
6,1705107000,-15038,78238,231,2376,3963,2525,397,-388,726,89,115,42881,0.365,forrageando
6,1705107300,-15050,78175,1448,2171,3972,-99,-937,-2613,679,1097,19,48445,0.2849,forrageando
6,1705107600,-15110,78085,1269,2257,3899,3110,-1680,-2670,-97,-10,190,11759,0.3501,forrageando
6,1705107900,-15225,78121,321,2385,3952,1230,-548,-1451,226,159,-41,53432,0.3875,forrageando
6,1705108200,-15297,78045,304,2366,3912,2220,-805,-1186,96,-750,-103,883,0.371,forrageando
6,1705108500,-15190,78081,1318,2228,3960,-1979,2555,-1956,-26,599,394,65385,0.4172,forrageando
6,1705108800,-15195,78022,399,2510,3931,214,445,-127,368,-186,378,13614,0.4308,forrageando
6,1705109100,-15183,78078,619,2426,3972,-466,770,-411,-286,279,-235,5828,0.4115,forrageando
6,1705109400,-15159,78088,587,2370,3912,-710,-1163,-2289,-396,-117,483,37356,0.5506,forrageando
6,1705109700,-15121,78075,1085,2307,3959,-193,-239,602,-122,337,306,5840,0.3151,forrageando
6,1705110000,-15073,78228,1244,2235,3971,-2385,2633,-1514,-840,-272,-389,56387,0.5442,forrageando
6,1705110300,-15075,78217,422,2371,3964,866,-2019,-684,-333,10,-41,53060,0.4278,forrageando
6,1705110600,-15058,78273,702,2395,3909,1071,3786,165,-685,1440,-73,33741,0.3707,forrageando
6,1705110900,-15158,78328,564,2434,3973,-2986,-625,299,27,-622,-125,18742,0.4008,forrageando
6,1705111200,-15146,78266,942,2268,3972,892,1719,-506,255,-7,8,31998,0.3634,forrageando
6,1705111500,-15096,78207,670,2327,3957,-1260,821,-308,-70,-156,40,48439,0.4447,forrageando
6,1705111800,-15183,78226,292,2465,3973,716,1192,-422,416,-177,261,13800,0.5911,forrageando
6,1705112100,-15143,78201,242,2416,3942,2481,-1417,66,54,-422,235,62615,0.3414,forrageando
6,1705112400,-15164,78130,855,2239,3916,-2067,-2685,927,147,69,42,24317,0.3762,forrageando
6,1705112700,-15165,78083,750,2337,3967,424,-767,-2946,-161,170,289,39387,0.4288,forrageando
6,1705113000,-15198,78161,1096,2279,3933,915,-1484,-1395,470,-66,-54,63776,0.3863,forrageando
6,1705113300,-15265,78192,938,2308,3976,-1687,938,769,-220,-469,-279,29706,0.2728,forrageando
6,1705113600,-15302,78141,785,2322,3937,1424,-598,-2408,-626,-449,222,16035,0.5702,forrageando
6,1705113900,-15275,78149,534,2342,3950,-865,976,-1617,632,302,-165,28112,0.3778,forrageando
6,1705114200,-15194,78125,225,2500,3945,1653,-674,-674,-360,-1,-681,54794,0.4868,forrageando
6,1705114500,-15205,78094,223,2409,3967,-1096,-3024,-1604,-335,1204,-340,52317,0.3698,forrageando
7,1705028400,577096,229465,1643,2149,3978,-866,-1094,-943,203,144,-117,55007,0.3269,busca
7,1705028700,577066,229311,1028,2297,3951,903,-517,-733,300,383,313,23382,0.3794,busca
7,1705029000,577068,229093,1457,2181,3958,2700,-1092,-944,-18,15,168,40864,0.4142,busca
7,1705029300,577010,229036,910,2359,3927,822,331,-1547,10,147,-146,37624,0.374,busca
7,1705029600,576976,229107,1950,2095,3995,-736,-618,-790,50,72,128,45781,0.3722,busca
7,1705029900,577001,229038,550,2381,3970,-408,115,-289,-419,-9,93,57297,0.3057,busca
7,1705030200,577037,229145,1671,2115,3907,-230,-374,-1128,-200,-60,149,62760,0.4441,busca
7,1705030500,577113,229080,1217,2240,3905,-821,-1677,-27,303,-490,62,25525,0.5248,busca
7,1705030800,577131,229042,300,2433,3977,-1323,371,178,151,-301,112,41588,0.5472,busca
7,1705031100,577130,229066,837,2346,3965,1865,530,577,-111,228,-207,53274,0.3885,busca
7,1705031400,577205,228864,901,2319,3903,964,-425,-383,66,-133,-31,27700,0.4059,busca
7,1705031700,577222,229018,733,2368,3992,-1556,931,-2245,462,-3,-562,33362,0.596,forrageando
7,1705032000,577242,229040,1272,2166,3919,-4509,3200,520,-180,-543,144,41615,0.3237,forrageando
7,1705032300,577188,229363,716,2423,3955,-587,885,-1322,-118,317,324,18061,0.3901,forrageando
7,1705032600,577132,229409,304,2446,3942,1133,-1998,-465,48,465,192,61098,0.51,forrageando
7,1705032900,577145,229419,416,2358,3954,-706,2996,-283,192,-228,275,59651,0.4236,forrageando
7,1705033200,577100,229348,743,2464,3962,-1526,-2010,-1526,529,464,52,40248,0.4258,forrageando
7,1705033500,577130,229460,842,2406,3956,732,333,-174,1099,359,-429,4594,0.3943,forrageando
7,1705033800,577108,229424,1282,2260,3976,3119,-1136,-2047,-392,-161,-341,32038,0.4144,forrageando
7,1705034100,577116,229560,1406,2305,3938,-267,738,-1679,-351,195,-3,2298,0.3796,forrageando
7,1705034400,577187,229557,1034,2374,3906,-3233,-3193,-158,-161,470,304,62524,0.4737,forrageando
7,1705034700,577215,229599,783,2351,3938,-3839,529,-986,583,830,285,55362,0.362,forrageando
7,1705035000,577326,229578,331,2369,3977,429,2750,860,538,-134,111,14970,0.4047,forrageando
7,1705035300,577348,229704,669,2399,3993,17,1213,-1451,427,-526,137,47745,0.5215,forrageando
7,1705035600,577372,229809,1313,2094,3978,-1341,-289,-860,-599,47,120,4225,0.4156,forrageando
7,1705035900,577343,229848,224,2380,3980,1167,2804,-1419,-31,-519,-358,2224,0.3868,forrageando
7,1705036200,577330,229880,556,2427,3926,-742,-382,-1587,-58,-680,-190,41584,0.5213,forrageando
7,1705036500,577309,229851,1281,2164,3901,2130,-911,262,403,-25,290,28329,0.4748,forrageando
7,1705036800,577287,229731,1424,2246,3934,-4096,-2845,-532,-198,-49,3,5480,0.4086,forrageando
7,1705037100,577378,229878,411,2429,3948,341,-380,-4341,166,255,134,46438,0.3787,forrageando
7,1705037400,577395,229847,1069,2330,3969,68,-1998,-243,-183,959,274,32901,0.338,forrageando
7,1705037700,577529,229978,1132,2300,3979,1215,2770,-386,-232,89,-97,5720,0.4936,forrageando
7,1705038000,577520,230175,1331,2241,3970,1499,3199,-1625,504,861,42,7591,0.5134,forrageando
7,1705038300,577534,230181,299,2355,3907,866,644,-1918,441,-122,-244,57548,0.3909,forrageando
7,1705038600,577588,230231,873,2407,3939,-820,-214,-1035,264,-272,275,8225,0.3684,forrageando
7,1705038900,577615,230378,1027,2264,3977,-5190,923,-1893,1039,-468,-73,52459,0.3964,forrageando
7,1705039200,577603,230474,216,2474,3927,-3357,1353,-620,-789,-245,327,9307,0.4064,forrageando
7,1705039500,577693,230265,612,2273,3971,-1500,525,-1090,-11,-731,66,24671,0.3613,forrageando
7,1705039800,577782,230284,316,2466,3902,1927,-2146,-226,-661,552,-222,63286,0.4325,forrageando
7,1705040100,577788,230159,946,2288,3985,-740,1283,690,-494,259,-243,15152,0.4954,forrageando
7,1705040400,577849,230039,1106,2271,3949,528,-3739,-1220,74,-1426,-209,24311,0.4918,forrageando
7,1705040700,577822,229927,1249,2300,3924,2562,177,-153,592,163,-323,28185,0.5722,forrageando
7,1705041000,577828,229945,1306,2167,3921,-1157,2458,-415,632,291,-123,3268,0.4709,forrageando
7,1705041300,577809,230074,650,2346,3958,312,124,-1407,36,-245,147,47779,0.4325,forrageando
7,1705041600,577796,230124,1284,2230,3978,723,1418,-3342,-424,-134,399,33059,0.6303,forrageando
7,1705041900,577763,230173,1456,2148,3914,-1446,2108,-2284,-25,664,-271,57120,0.507,forrageando
7,1705042200,577711,230188,867,2225,3981,245,-4763,-1611,-24,-943,-420,32075,0.5288,forrageando
7,1705042500,577691,230111,610,2349,3941,-1144,3120,-301,-759,-209,-599,37672,0.3581,forrageando
7,1705042800,577723,230117,292,2422,3995,-2680,2245,-2680,232,348,171,59384,0.4165,forrageando
7,1705043100,577732,230208,1083,2353,3970,1087,1194,-1172,-2,212,249,21313,0.3995,forrageando
7,1705043400,577749,230308,1016,2340,3961,-57,-1169,684,-217,170,311,27501,0.5835,forrageando
7,1705043700,577778,230341,1096,2246,3922,-353,1283,-425,-282,-313,513,40214,0.522,forrageando
7,1705044000,577767,230352,1399,2260,3974,-806,629,-1969,-3,-672,367,1732,0.4379,forrageando
7,1705044300,577772,230170,621,2427,3920,2322,894,-1546,101,-302,418,46920,0.4912,forrageando
7,1705044600,577695,230213,632,2431,3924,1194,-1269,-2147,-202,202,-88,42619,0.3893,forrageando
7,1705044900,577638,230227,871,2300,3915,-865,1042,-1640,-7,367,-253,3580,0.5619,forrageando
7,1705045200,577648,230238,775,2270,3929,1953,-2767,-258,196,-775,210,43147,0.5036,forrageando
7,1705045500,577646,230173,474,2406,3900,160,-346,-1184,11,-77,103,59876,0.4902,forrageando
7,1705045800,577668,230244,695,2458,3963,-1481,-1191,-1136,-866,-517,286,65184,0.5362,forrageando
7,1705046100,577636,230194,482,2414,3969,-2132,398,-127,53,-104,85,22227,0.536,forrageando
7,1705046400,577635,230115,828,2340,3915,139,-1016,-1534,-509,886,-26,34089,0.4633,forrageando
7,1705046700,577615,230121,1408,2246,3954,2787,-1574,-1559,-573,166,-107,42882,0.4846,forrageando
7,1705047000,577598,230257,813,2272,3940,-4600,1699,-660,-400,111,115,46243,0.5454,forrageando
7,1705047300,577594,230267,648,2396,3935,3513,-1953,-283,503,-762,-288,15536,0.562,forrageando
7,1705047600,577589,230251,553,2339,3975,-7,2180,-884,-988,126,136,65123,0.4949,forrageando
7,1705047900,577652,230167,1200,2258,3942,-2496,-3312,-587,60,-155,536,46517,0.46,forrageando
7,1705048200,577677,230254,497,2463,3913,-1173,-2895,-408,-212,-132,-116,56814,0.4767,forrageando
7,1705048500,577623,230423,1406,2109,3920,-68,-828,-589,208,239,-18,63785,0.6543,forrageando
7,1705048800,577645,230370,493,2459,3954,-1812,-1396,-200,-462,262,215,60945,0.5272,forrageando
7,1705049100,577676,230326,637,2353,3972,-1067,-1805,-711,904,649,-533,36466,0.4039,forrageando
7,1705049400,577757,230437,384,2458,3958,-1459,2572,-1763,-159,743,-195,34883,0.524,forrageando
7,1705049700,577757,230455,518,2431,3986,-2905,897,-1612,-109,-234,192,26453,0.7045,forrageando
7,1705050000,577755,230436,7035,891,3978,274,244,-711,-204,-341,-337,4673,0.5205,forrageando
7,1705050300,577774,230526,4189,612,3970,1110,2120,-1041,1077,-706,-29,6965,0.4852,forrageando
7,1705050600,577864,230483,3795,677,3911,2598,574,-953,319,-231,-306,28941,0.4516,forrageando
7,1705050900,577880,230592,2802,516,3949,1589,-2225,-2244,-528,65,13,59214,0.5406,forrageando
7,1705051200,577880,230546,3816,603,3967,1327,-2132,-1325,754,558,-121,55129,0.5793,forrageando
7,1705051500,577857,230490,4061,611,3962,1162,-1869,533,81,66,234,32231,0.4919,forrageando
7,1705051800,577756,230483,5015,753,3900,1956,-2049,-1139,-590,-144,-181,521,0.5274,forrageando
7,1705052100,577741,230472,2340,352,3957,407,-1070,-82,219,728,-236,55284,0.5752,forrageando
7,1705052400,577780,230505,2009,421,3985,220,-1005,-575,-88,157,727,61140,0.5295,forrageando
7,1705052700,577773,230473,2921,490,3916,-2221,-517,179,158,-1149,-361,22874,0.4555,forrageando
7,1705053000,577657,230292,4370,614,3981,3264,-251,-2576,650,920,263,32214,0.3766,forrageando
7,1705053300,577667,230211,2705,474,3970,210,1843,380,-200,-763,-66,43096,0.3927,forrageando
7,1705053600,577600,230049,6200,863,3903,-698,-878,-1587,348,-583,-424,24317,0.4115,forrageando
7,1705053900,577510,229961,3927,517,3919,119,-1076,-1717,-1147,11,-248,13100,0.6358,forrageando
7,1705054200,577524,229931,5700,790,3935,-1620,-600,-1814,-227,-229,-130,31947,0.5302,forrageando
7,1705054500,577523,229905,5058,755,3910,2203,191,887,73,-220,221,31149,0.4945,forrageando
7,1705054800,577542,230042,4104,742,3998,3071,2328,-399,292,-62,-318,20146,0.6442,forrageando
7,1705055100,577561,230063,3529,502,3962,750,1864,-1001,-103,717,202,2173,0.6193,forrageando
7,1705055400,577527,230026,2572,415,3943,-1353,-2158,-1763,-445,174,-243,30953,0.5992,forrageando
7,1705055700,577568,229956,6909,879,3951,1386,-3305,-1114,105,22,299,29866,0.4786,forrageando
7,1705056000,577606,229767,6943,894,3956,-1835,-1648,-1712,101,-326,383,16977,0.5286,forrageando
7,1705056300,577611,229698,5314,759,3974,-1917,-3336,-880,-514,-291,-60,55402,0.5687,forrageando
7,1705056600,577660,229746,6503,912,3977,-2039,4640,-1260,-122,498,-57,14787,0.5714,forrageando
7,1705056900,577651,229724,7130,962,3933,2573,-2336,-2274,1309,305,-418,65116,0.5269,forrageando
7,1705057200,577621,229685,3256,525,3927,-906,-217,-2432,-85,-630,448,31880,0.6253,forrageando
7,1705057500,577651,229674,4701,658,3998,1006,-2035,-1202,-143,-1273,-99,18352,0.3696,forrageando
7,1705057800,577768,229689,6916,1003,3935,-475,895,-529,-311,-518,115,174,0.6024,forrageando
7,1705058100,577753,229732,4553,702,3967,-1298,-458,-691,-129,38,36,58592,0.4802,forrageando
7,1705058400,577752,229621,6559,873,3901,-1277,611,-3410,-233,-428,-174,58467,0.4737,forrageando
7,1705058700,577663,229485,4002,568,3983,-3972,2032,-1418,1226,518,88,45956,0.536,forrageando
7,1705059000,577682,229535,2106,428,3997,1284,-3763,192,-633,617,-180,52134,0.4934,forrageando
7,1705059300,577711,229481,6757,840,3942,129,3140,-1451,105,-190,-30,60427,0.5448,forrageando
7,1705059600,577713,229425,2403,356,3958,1660,2281,-1214,-289,806,-202,51700,0.3821,forrageando
7,1705059900,577674,229306,6175,804,3929,178,-956,-10,-792,-533,-607,19996,0.6516,forrageando
7,1705060200,577661,229366,4969,635,3939,-1025,3494,-1296,438,411,-313,63402,0.3395,forrageando
7,1705060500,577669,229056,4759,621,3960,1138,1372,-844,-476,776,274,25892,0.4517,forrageando
7,1705060800,577664,229118,2383,387,3913,1195,102,-760,198,-202,145,60734,0.5132,forrageando
7,1705061100,577661,229065,3114,417,3920,-472,635,-2581,578,-555,11,13800,0.4756,forrageando
7,1705061400,577652,229119,4098,662,3974,1057,-912,-1282,1189,-419,-141,28956,0.5632,forrageando
7,1705061700,577691,229146,4257,668,3961,1000,-1906,-2775,-39,-441,102,4066,0.4503,forrageando
7,1705062000,577630,229002,2838,428,3901,1360,4359,1409,215,152,-261,35339,0.3731,forrageando
7,1705062300,577566,228884,4740,672,3910,587,-1437,-821,248,-560,127,30229,0.4376,forrageando
7,1705062600,577606,228869,7549,1048,3925,3119,2501,43,326,213,-53,22252,0.459,forrageando
7,1705062900,577597,228685,2394,487,3929,-771,-1224,-1985,477,-404,-12,60490,0.3662,forrageando
7,1705063200,577491,228730,4454,594,3917,4183,-2345,-522,359,-155,-87,36102,0.4741,forrageando
7,1705063500,577433,228953,2292,389,3901,-777,-992,-604,268,659,624,57485,0.3989,forrageando
7,1705063800,577408,228885,3078,558,3984,-53,-85,517,461,-335,795,6424,0.3617,forrageando
7,1705064100,577455,228834,3382,544,3958,-1672,-2594,-2435,-150,-141,-266,17380,0.4148,forrageando
7,1705064400,577404,228967,7649,954,3971,4975,4853,-1349,-106,21,193,49214,0.4015,forrageando
7,1705064700,577348,228789,6267,805,3950,-279,1457,-1090,430,1000,-307,62426,0.361,forrageando
7,1705065000,577415,228533,2690,459,3959,2685,3377,34,49,428,588,15704,0.3639,forrageando
7,1705065300,577474,228295,4391,609,3907,-1177,-663,-261,-49,-481,16,62053,0.386,forrageando
7,1705065600,577561,228265,6959,811,3945,-2453,213,-165,479,530,-374,47574,0.4127,forrageando
7,1705065900,577512,228427,2164,353,3940,-2710,-318,-821,193,-459,400,1424,0.4249,forrageando
7,1705066200,577484,228379,7118,859,3985,714,482,-727,-136,177,-196,53080,0.4163,forrageando
7,1705066500,577454,228550,6165,797,3963,2623,-929,-2854,-195,-202,126,14857,0.3017,forrageando
7,1705066800,577486,228884,7507,931,3953,-68,-427,-1246,-578,-77,-291,60913,0.3125,forrageando
7,1705067100,577534,228845,6456,898,3909,1367,1559,-861,-5,838,-257,18131,0.4252,forrageando
7,1705067400,577499,228937,6878,804,3970,902,2793,-2024,34,85,215,19478,0.5466,forrageando
7,1705067700,577536,228963,4997,706,3915,-1336,-390,-1001,-5,507,282,17754,0.4417,forrageando
7,1705068000,577628,228863,6609,777,3938,-1129,81,-40,-295,-588,267,40298,0.5458,forrageando
7,1705068300,577623,228844,2810,455,3913,-877,-944,-747,-739,-46,58,29733,0.326,forrageando
7,1705068600,577691,228639,5945,793,3905,3360,1754,-458,169,836,-346,32080,0.3687,forrageando
7,1705068900,577757,228517,6667,863,3917,2829,159,-1138,-86,365,-111,3732,0.3385,forrageando
7,1705069200,577799,228606,3922,512,3943,306,771,-608,539,340,-1,48350,0.4515,forrageando
7,1705069500,577813,228895,3151,546,3967,-927,2612,-1870,-901,-1576,-371,55199,0.3424,forrageando
7,1705069800,577723,228964,6449,927,3990,-357,1758,-1929,155,626,-15,26840,0.3796,forrageando
7,1705070100,577746,228770,6770,935,3988,1900,-2301,1327,496,-203,701,28817,0.4178,forrageando
7,1705070400,577767,228843,7115,979,3953,-2922,3042,-422,279,99,96,58238,0.2841,forrageando
7,1705070700,577822,228840,4964,674,3992,-1143,979,-285,297,-177,-393,45522,0.3832,forrageando
7,1705071000,577775,228883,7941,963,3954,-249,-1230,732,-2,-295,-57,49899,0.2162,forrageando
7,1705071300,577889,228875,6651,799,3920,577,20,-92,-180,1235,-35,14022,0.3164,forrageando
7,1705071600,578025,228604,1877,2038,3919,560,382,-828,299,-33,153,57720,0.3342,busca
7,1705071900,578121,228699,2412,2035,3938,876,-490,9,-259,43,-98,5274,0.3287,busca
7,1705072200,578185,228640,3878,1712,3971,753,-446,296,-186,-192,-16,31174,0.42,busca
7,1705072500,578210,228831,1635,2158,3983,851,349,-1137,185,199,7,44255,0.3321,busca
7,1705072800,578309,228909,1133,2223,3929,289,799,-1370,90,-206,221,1040,0.2583,busca
7,1705073100,578240,228773,1350,2216,3998,-53,-917,-8,164,217,11,37223,0.2408,busca
7,1705073400,578213,228581,2026,2029,3994,1937,-1489,-48,186,-27,-142,62138,0.2859,busca
7,1705073700,578339,228466,2198,2139,3934,-162,-1709,-983,-103,14,-18,6086,0.3608,busca
7,1705074000,578415,228408,1956,2233,3928,-409,77,-1019,-147,-7,7,31924,0.3293,busca
7,1705074300,578465,228273,1666,2220,3912,-716,-142,513,-190,-100,-108,44216,0.3566,busca
7,1705074600,578570,228364,2989,1846,3966,1317,-118,-918,320,-75,96,14727,0.3688,busca
7,1705074900,578484,228444,2893,1894,3990,-284,1210,-762,-340,-166,21,58174,0.3508,busca
7,1705075200,578483,228361,1889,2111,3939,435,82,-329,67,15,211,50351,0.3081,busca
7,1705075500,578539,228227,1551,2135,3901,1054,1105,-249,-252,238,-22,28637,0.3525,busca
7,1705075800,578510,228305,1227,2193,3940,455,-200,-82,-24,58,-251,52801,0.2364,busca
7,1705076100,578351,228304,2001,2115,3984,609,967,56,144,116,-24,11794,0.3173,busca
7,1705076400,578348,228578,284,2410,3952,611,-268,-9,5,8,-14,47520,0.2671,transitando
7,1705076700,578437,228430,284,2515,3987,1106,-123,262,-40,61,157,14847,0.3015,transitando
7,1705077000,578543,228541,408,2380,3931,698,234,251,13,-74,-51,65189,0.4033,transitando
7,1705077300,578588,228432,417,2449,3903,1505,408,244,-89,-214,-35,42168,0.3266,transitando
7,1705077600,578683,228574,76,2471,3996,683,-429,-150,142,-45,-41,9668,0.3636,transitando
7,1705077900,578661,228703,248,2438,3937,1278,438,-506,5,138,17,37258,0.3337,transitando
7,1705078200,578767,228687,143,2469,3904,-352,-212,45,-140,278,-24,12271,0.3054,transitando
7,1705078500,578800,228919,219,2455,3941,1046,-231,7,-142,47,6,61689,0.2997,transitando
7,1705078800,578685,229138,305,2491,3938,857,289,14,100,-16,48,63534,0.3026,transitando
7,1705079100,578536,229133,477,2332,3937,473,-196,-337,23,95,40,36365,0.3092,transitando
7,1705079400,578594,228962,295,2491,3990,1196,123,-188,63,-133,-101,24827,0.2608,transitando
7,1705079700,578523,228783,432,2479,3953,1135,263,-176,89,-20,-4,46948,0.2387,transitando
7,1705080000,578482,228610,191,2434,3970,971,-115,279,-50,72,53,4698,0.1676,transitando
7,1705080300,578421,228771,221,2428,3954,961,-278,253,-107,-30,126,34043,0.2246,transitando
7,1705080600,578407,228951,99,2526,3910,389,-760,15,127,-232,-47,36674,0.384,transitando
7,1705080900,578423,229104,291,2393,3954,-330,370,291,54,166,-70,51850,0.2392,transitando
7,1705081200,578408,229350,262,2435,3989,1423,591,57,-34,17,42,55560,0.2709,transitando
7,1705081500,578518,229389,317,2439,3907,290,-166,33,-75,155,13,25356,0.2665,transitando
7,1705081800,578590,229559,86,2470,3938,988,-461,15,-23,-2,33,11900,0.3191,transitando
7,1705082100,578724,229651,280,2425,3978,1015,-62,1,-19,110,12,19815,0.1756,transitando
7,1705082400,578739,229860,138,2559,3969,959,60,-114,-116,139,-3,6210,0.2635,transitando
7,1705082700,578784,230087,364,2454,3937,842,-319,-100,-44,11,24,35320,0.3133,transitando
7,1705083000,578766,229846,301,2473,3976,-93,-513,-154,6,23,-4,15121,0.2972,transitando
7,1705083300,578674,230074,449,2384,3951,789,836,36,-84,121,-9,2945,0.1809,transitando
7,1705083600,578775,230294,192,2457,3916,1913,930,81,141,43,43,63242,0.2943,transitando
7,1705083900,578799,230556,58,2384,3912,1655,99,-78,146,-126,-69,37817,0.2935,transitando
7,1705084200,578743,230415,160,2493,3982,1238,488,-53,78,92,33,63249,0.3786,transitando
7,1705084500,578800,230353,378,2452,3963,670,-316,-431,167,65,15,44339,0.228,transitando
7,1705084800,578695,230384,253,2501,3987,1172,-129,-87,78,-136,-8,48267,0.2942,transitando
7,1705085100,578629,230514,307,2428,3920,1064,-464,-55,-50,-53,46,37050,0.4058,transitando
7,1705085400,578683,230553,282,2459,3921,1949,205,-3,-42,-74,-28,58630,0.2266,transitando
7,1705085700,578784,230776,173,2437,3960,2219,-18,54,0,-76,-54,57693,0.3759,transitando
7,1705086000,578723,230862,488,2337,3933,104,-383,-66,100,55,-105,8412,0.3972,transitando
7,1705086300,578770,230996,376,2361,3990,944,282,382,43,-3,26,24193,0.3761,transitando
7,1705086600,578787,230880,298,2463,3941,802,-535,259,-26,-222,2,20540,0.3088,transitando
7,1705086900,578835,230715,164,2346,3947,1546,182,87,-35,-17,-34,38134,0.2909,transitando
7,1705087200,578994,230755,402,2388,3942,670,48,-138,-111,76,2,62208,0.3736,transitando
7,1705087500,578998,230658,266,2446,3920,779,175,140,18,74,-116,23218,0.1982,transitando
7,1705087800,579115,230654,163,2462,3993,1633,153,2,83,-64,-32,16059,0.316,transitando
7,1705088100,579152,230416,445,2329,3965,583,243,74,-6,18,65,17989,0.2179,transitando
7,1705088400,579228,230336,480,2377,3911,707,-269,-459,-29,108,29,37679,0.3418,transitando
7,1705088700,579094,230248,114,2531,3939,328,-78,40,-40,-57,5,21675,0.2632,transitando
7,1705089000,579131,230074,214,2399,3966,538,-264,-16,92,123,1,13681,0.3035,transitando
7,1705089300,579058,230218,474,2378,3929,612,7,-349,142,76,-6,22870,0.2775,transitando
7,1705089600,579189,230158,457,2461,3922,1211,-531,-121,14,2,32,18300,0.3074,transitando
7,1705089900,579124,230335,57,2455,3939,1292,43,-452,91,-102,91,62794,0.213,transitando
7,1705090200,579061,230174,363,2405,3978,952,-35,-1,129,315,-16,26324,0.3242,transitando
7,1705090500,579055,229969,109,2414,3933,647,-442,-189,-7,90,-47,17156,0.35,transitando
7,1705090800,579189,230048,72,2461,3949,1630,-542,271,-51,25,68,61541,0.418,transitando
7,1705091100,579259,230253,76,2485,3970,754,87,-88,-75,31,-56,19086,0.3685,transitando
7,1705091400,579315,230261,277,2443,3947,1182,-565,-193,11,-63,36,54793,0.4346,transitando
7,1705091700,579311,230404,373,2428,3934,1007,382,221,-147,39,28,29956,0.4116,transitando
7,1705092000,579269,230422,234,2475,3957,1182,584,173,-30,-8,32,3791,0.3977,transitando
7,1705092300,579197,230417,72,2547,3971,1812,516,284,106,-46,26,8022,0.3751,transitando
7,1705092600,579164,230343,193,2478,3979,1234,136,125,-254,-180,47,24634,0.333,transitando
7,1705092900,579152,230622,90,2513,3947,1068,-132,-254,59,-7,9,1370,0.2776,transitando
7,1705093200,579160,230374,254,2540,3981,1395,-525,-219,-25,138,51,45565,0.3803,transitando
7,1705093500,579147,230142,114,2484,3974,488,340,-29,-26,-77,-44,37257,0.4041,transitando
7,1705093800,579101,229997,160,2494,3940,1932,257,93,85,-107,-95,40309,0.4726,transitando
7,1705094100,579059,230142,378,2405,3957,1657,-458,99,73,-17,-31,26043,0.2266,transitando
7,1705094400,578990,230350,58,2476,3922,1433,-143,-228,-67,87,-112,63696,0.2849,transitando
7,1705094700,578927,230256,250,2409,3943,1599,-262,20,180,-102,85,28992,0.4559,transitando
7,1705095000,578868,230151,66,2445,3955,530,-456,127,12,60,-29,29457,0.4119,transitando
7,1705095300,578885,230311,432,2404,3952,1435,-190,208,148,-25,-14,55041,0.2853,transitando
7,1705095600,578877,230090,276,2510,3955,697,-590,48,106,21,-22,2533,0.3289,transitando
7,1705095900,578953,230013,148,2542,3965,455,533,327,60,-238,41,39626,0.3336,transitando
7,1705096200,578950,229760,235,2404,3907,1090,267,148,-54,66,-8,65493,0.4035,transitando
7,1705096500,578963,229627,222,2451,3967,790,249,514,23,98,11,35766,0.3839,transitando
7,1705096800,578955,229775,249,2431,3936,1561,125,211,14,-154,-45,30416,0.5026,transitando
7,1705097100,578931,229786,126,2538,3899,1522,25,-60,139,-10,45,8431,0.3621,transitando
7,1705097400,579006,229662,487,2378,3971,952,-214,-139,123,30,64,56221,0.3789,transitando
7,1705097700,579097,229657,455,2447,3906,1144,-341,98,-146,81,20,40355,0.4267,transitando
7,1705098000,579042,229526,373,2431,3976,1148,249,-110,71,-65,-2,62764,0.3686,transitando
7,1705098300,579061,229750,362,2442,3968,589,-238,-18,-44,14,-19,34509,0.3659,transitando
7,1705098600,579078,229651,319,2406,3939,1873,-175,-136,100,-36,13,35412,0.2972,transitando
7,1705098900,579188,229652,195,2558,3963,539,-129,-16,97,230,-83,56609,0.3051,transitando
7,1705099200,579121,229365,178,2451,3976,1317,311,162,-69,85,55,590,0.3318,transitando
7,1705099500,579239,229385,105,2410,3948,451,-178,344,129,118,6,60622,0.4048,transitando
7,1705099800,579166,229362,203,2420,3915,1923,516,74,62,-17,-20,23146,0.3342,transitando
7,1705100100,579289,229237,303,2398,3962,904,-166,-32,-15,-78,-6,53696,0.3941,transitando
7,1705100400,579213,229297,206,2414,3925,1231,-354,-209,63,123,-17,41567,0.4159,transitando
7,1705100700,579282,229480,74,2498,3983,-554,436,-134,14,-9,-57,49411,0.3449,transitando
7,1705101000,579355,229667,187,2455,3923,610,36,-71,108,132,-46,34311,0.3207,transitando
7,1705101300,579258,229767,64,2466,3936,844,-38,11,-88,-19,46,6829,0.2868,transitando
7,1705101600,579112,229693,399,2412,3914,1688,61,201,-103,1,112,6419,0.4583,transitando
7,1705101900,579155,229686,397,2505,3904,1358,84,-6,14,-106,-118,22431,0.3946,transitando
7,1705102200,579086,229529,268,2464,3994,84,348,166,30,-28,32,28759,0.3475,transitando
7,1705102500,579008,229630,229,2456,3948,464,341,-188,-138,-17,-27,25046,0.414,transitando
7,1705102800,579071,229624,345,2498,3970,652,-437,217,-183,69,25,26526,0.3376,transitando
7,1705103100,579132,229444,240,2505,3929,503,336,-146,62,-66,0,21778,0.2848,transitando
7,1705103400,579224,229496,449,2278,3984,667,53,-93,118,115,-9,17932,0.2486,transitando
7,1705103700,579193,229648,327,2492,3984,1664,-587,56,-43,-55,100,25942,0.3435,transitando
7,1705104000,579055,229588,158,2453,3967,-65,414,-99,179,160,35,53913,0.4193,transitando
7,1705104300,578968,229491,391,2473,3898,868,-64,-161,-134,-39,13,33651,0.3984,transitando
7,1705104600,578975,229578,254,2514,3910,1141,-175,-91,45,-20,-50,64814,0.4651,transitando
7,1705104900,578929,229548,315,2399,3980,213,-346,41,292,-54,-26,33016,0.2993,transitando
7,1705105200,578930,229715,141,2515,3911,1803,-287,161,38,167,26,1051,0.2396,transitando
7,1705105500,579071,229653,394,2412,3977,1598,321,-188,152,11,-13,39116,0.4447,transitando
7,1705105800,579028,229719,265,2521,3925,300,-463,205,45,184,-40,58325,0.4682,transitando
7,1705106100,579034,229533,194,2514,3989,1211,-93,280,78,20,-79,48877,0.5837,transitando
7,1705106400,579000,229568,250,2513,3984,869,50,-242,27,-158,55,64516,0.4031,transitando
7,1705106700,578951,229542,94,2435,3942,934,-35,-107,-183,131,5,38760,0.369,transitando
7,1705107000,578859,229462,202,2392,3979,820,447,-264,72,48,-37,36290,0.479,transitando
7,1705107300,578874,229334,495,2380,3959,1875,-164,-168,45,4,82,54258,0.3086,transitando
7,1705107600,578789,229445,73,2459,3921,2107,1113,-300,165,-146,-117,23668,0.3355,transitando
7,1705107900,578702,229543,169,2438,3950,395,758,90,32,-88,62,41090,0.4675,transitando
7,1705108200,578751,229656,469,2418,3945,868,-23,164,102,120,-47,12599,0.4925,transitando
7,1705108500,578765,229795,375,2521,3911,938,275,-36,-24,-2,32,44532,0.3712,transitando
7,1705108800,578722,229947,197,2492,3983,556,267,-9,-40,-96,1,54180,0.3781,transitando
7,1705109100,578817,230072,118,2496,3941,301,-84,211,-5,40,44,35354,0.5434,transitando
7,1705109400,578815,230111,69,2441,3931,1070,54,105,-156,36,45,59808,0.3166,transitando
7,1705109700,578700,230161,369,2437,3982,1028,10,-70,116,-164,6,63792,0.3371,transitando
7,1705110000,578598,230049,300,2338,3897,1658,-565,-188,15,-47,-10,46470,0.4451,transitando
7,1705110300,578631,229919,54,2499,3956,762,129,-142,20,-59,4,50207,0.4379,transitando
7,1705110600,578672,229995,300,2474,3950,461,80,170,45,11,-69,30475,0.3331,transitando
7,1705110900,578615,230178,114,2495,3977,1471,-242,358,24,6,39,51506,0.3757,transitando
7,1705111200,578571,230007,287,2372,3988,1180,263,373,243,37,-89,52525,0.277,transitando
7,1705111500,578467,230012,265,2398,3946,1847,184,383,-34,76,-15,36056,0.4572,transitando
7,1705111800,578479,229821,299,2468,3992,1462,-242,9,-110,70,-78,17777,0.5021,transitando
7,1705112100,578487,229899,252,2481,3916,1327,-549,-273,0,-135,-2,28484,0.4643,transitando
7,1705112400,578464,229989,396,2414,3965,501,223,292,33,-60,-37,16366,0.4567,transitando
7,1705112700,578522,229926,349,2353,3979,878,-54,-284,-6,149,12,6753,0.5434,transitando
7,1705113000,578548,229980,467,2472,3947,513,814,-286,5,-16,101,46077,0.41,transitando
7,1705113300,578564,230181,139,2477,3932,813,-425,-70,68,-78,21,47998,0.487,transitando
7,1705113600,578652,230057,177,2428,3962,1836,123,87,-97,-14,62,43070,0.5779,transitando
7,1705113900,578667,230056,244,2632,3941,887,0,-116,38,2,2,1541,0.4785,transitando
7,1705114200,578739,230116,442,2418,3974,994,-137,-55,-56,11,29,22588,0.4053,transitando
7,1705114500,578706,229977,334,2457,3988,1834,-106,83,152,21,40,36430,0.5049,transitando
8,1705028400,73400,-168416,1371,2241,3902,-819,-158,-494,69,13,112,21897,0.5581,busca
8,1705028700,73430,-168445,1982,2109,3912,420,138,-1196,242,-28,6,44728,0.3466,busca
8,1705029000,73304,-168475,1108,2244,3984,-1315,13,-666,-13,-151,-17,54545,0.4308,busca
8,1705029300,73377,-168485,398,2487,3905,27,-260,-739,70,-172,64,9073,0.3766,busca
8,1705029600,73427,-168575,843,2334,3918,661,-120,-642,-340,-57,126,13934,0.3923,busca
8,1705029900,73363,-168571,607,2361,3994,-948,-689,-64,-433,-247,-116,10136,0.3264,busca
8,1705030200,73306,-168508,1169,2323,3931,-346,274,-327,-43,-90,157,10978,0.3227,busca
8,1705030500,73365,-168434,741,2353,3925,-289,1591,-941,97,382,-10,4316,0.4232,busca
8,1705030800,73301,-168418,1539,2187,3933,-651,744,-427,609,-122,-80,37295,0.4687,busca
8,1705031100,73347,-168462,1764,2111,3931,-715,-779,-1729,-497,-14,211,38119,0.587,busca
8,1705031400,73365,-168484,1878,2179,3936,884,563,54,-190,-103,-35,51517,0.3826,busca
8,1705031700,73339,-168464,1206,2291,3899,914,409,364,4,-114,-55,32247,0.3306,busca
8,1705032000,73303,-168544,1938,2175,3955,2171,-1013,12,356,-348,-330,48733,0.3156,busca
8,1705032300,73241,-168422,1739,2157,3902,1067,685,92,-53,-213,251,6457,0.4046,busca
8,1705032600,73139,-168457,1257,2305,3927,-2027,-366,91,-56,-2,-40,33284,0.372,busca
8,1705032900,73161,-168401,1178,2285,3912,696,-277,397,41,-170,110,2452,0.4557,busca
8,1705033200,73162,-168459,1505,2266,3993,250,2673,-956,163,-228,-105,49577,0.4492,busca
8,1705033500,73070,-168457,879,2322,3923,2204,-478,-399,62,-251,65,15227,0.4233,busca
8,1705033800,72993,-168372,398,2456,3998,1521,-263,-263,-318,-177,234,9491,0.5288,busca
8,1705034100,73040,-168360,1836,2121,3966,-673,1560,-200,223,-112,135,28946,0.34,busca
8,1705034400,73044,-168266,1865,2116,3909,-960,-613,-1362,127,78,198,40635,0.4196,busca
8,1705034700,73095,-168265,1829,2145,3993,1498,-1103,-1006,118,-63,-222,48592,0.3837,busca
8,1705035000,73063,-168368,1937,2068,3959,1282,1485,-760,78,322,-68,25385,0.4582,busca
8,1705035300,73112,-168399,818,2288,3942,1341,-4,-127,271,-137,296,61737,0.4434,busca
8,1705035600,73169,-168464,1854,2072,3932,1084,-1322,-629,54,198,11,3624,0.3709,busca
8,1705035900,73178,-168500,608,2421,3917,2954,-1155,-452,108,211,-169,28411,0.361,busca
8,1705036200,73133,-168456,1794,2157,3948,853,-804,47,372,-17,126,31844,0.5197,busca
8,1705036500,73162,-168447,1809,2161,3943,1159,528,127,-148,-65,117,422,0.3313,busca
8,1705036800,73085,-168573,1586,2217,3935,1967,658,-751,-704,69,68,7629,0.3438,busca
8,1705037100,73207,-168583,678,2453,3977,972,-415,-572,-213,8,99,21178,0.2742,busca
8,1705037400,73187,-168535,1546,2198,3911,783,-962,-187,262,-63,5,63025,0.5921,busca
8,1705037700,73208,-168528,1763,2147,3922,1573,408,-501,-69,-111,177,26072,0.4598,busca
8,1705038000,73185,-168577,1348,2152,3952,1102,-641,-884,-81,171,112,60484,0.4674,busca
8,1705038300,73259,-168658,1361,2185,3914,822,917,-929,-107,-179,7,64630,0.4663,busca
8,1705038600,73294,-168692,570,2382,3971,944,-1106,-559,-85,265,-148,27370,0.4793,busca
8,1705038900,73274,-168645,1787,2145,3937,273,-460,-975,197,-112,39,32079,0.3927,busca
8,1705039200,73291,-168538,1687,2124,3914,1923,450,-406,-24,193,-79,19347,0.492,busca
8,1705039500,73219,-168539,441,2438,3992,2040,-88,-154,-56,-282,119,53323,0.4862,busca
8,1705039800,73298,-168566,1294,2163,3962,14,-712,-1658,229,-173,-45,14537,0.477,busca
8,1705040100,73219,-168590,1662,2090,3912,-614,163,-1074,104,404,-10,21593,0.5655,busca
8,1705040400,73233,-168607,1446,2209,3965,559,-825,-777,-285,228,125,50250,0.5177,busca
8,1705040700,73254,-168617,1191,2289,3968,1130,281,-1103,-122,197,120,44509,0.3879,busca
8,1705041000,73301,-168546,1981,2120,3986,1356,863,-1625,359,429,-56,54233,0.459,busca
8,1705041300,73343,-168514,1462,2266,3922,-808,-770,-133,-91,-92,5,57488,0.4254,busca
8,1705041600,73332,-168488,755,2389,3965,1577,71,-445,-82,172,-84,26592,0.5943,busca
8,1705041900,73300,-168462,770,2419,3961,70,-828,-314,346,-215,66,5306,0.5566,busca
8,1705042200,73289,-168450,1877,2096,3933,2244,42,26,-14,317,36,7500,0.2804,busca
8,1705042500,73374,-168451,426,2413,3902,739,80,-653,421,179,4,18112,0.5018,busca
8,1705042800,73383,-168416,617,2410,3956,342,1335,-761,41,-40,-98,56399,0.3836,busca
8,1705043100,73336,-168478,1453,2184,3918,380,870,-527,86,7,-29,63541,0.5613,busca
8,1705043400,73342,-168491,502,2372,3998,386,-4,-1205,13,178,-89,22734,0.4425,busca
8,1705043700,73395,-168470,1481,2270,3959,959,-1130,-6,0,-294,299,35467,0.5567,busca
8,1705044000,73414,-168464,996,2339,3963,2926,-940,-1123,47,-10,114,11590,0.5794,busca
8,1705044300,73413,-168453,859,2309,3928,-493,176,1057,-41,-24,-41,23722,0.5394,busca
8,1705044600,73429,-168485,1755,2103,3977,74,-612,94,-6,233,-100,27886,0.7367,busca
8,1705044900,73410,-168477,895,2312,3948,671,-1352,-1177,-215,109,96,61086,0.4083,busca
8,1705045200,73382,-168489,1757,2199,3978,30,285,-356,-56,-57,9,6883,0.4974,busca
8,1705045500,73348,-168448,1350,2234,3994,-869,-78,-697,9,-39,184,42912,0.5102,busca
8,1705045800,73352,-168413,608,2371,3943,81,162,-124,-319,-256,19,8783,0.4345,busca
8,1705046100,73410,-168435,1786,2117,3902,-450,468,-259,-52,338,-107,32183,0.4217,busca
8,1705046400,73372,-168457,626,2390,3981,1003,-262,-294,-102,72,18,47494,0.5729,busca
8,1705046700,73377,-168483,966,2369,3971,1089,1141,-998,233,-164,165,20763,0.4889,busca
8,1705047000,73363,-168536,1313,2292,3937,1850,409,-933,-415,540,-231,63820,0.6759,busca
8,1705047300,73344,-168540,917,2312,3911,1775,-115,-377,49,134,-9,53540,0.5598,busca
8,1705047600,73320,-168527,669,2274,3968,734,-189,37,6,152,-76,5408,0.5031,busca
8,1705047900,73330,-168491,1547,2223,3980,-436,358,-676,-58,-76,231,58703,0.6472,busca
8,1705048200,73316,-168472,1066,2274,3964,-1073,-1104,372,-76,148,-191,62090,0.5209,busca
8,1705048500,73371,-168472,442,2435,3968,1714,1607,-1364,282,172,41,35130,0.6502,busca
8,1705048800,73348,-168458,1975,2145,3995,-395,-1608,-460,563,121,14,11740,0.6695,busca
8,1705049100,73329,-168418,653,2376,3961,348,652,301,70,238,31,342,0.5503,busca
8,1705049400,73327,-168454,1585,2144,3921,1448,-1033,-691,-132,365,-174,20391,0.6289,busca
8,1705049700,73329,-168428,891,2287,3943,1957,-2023,-693,96,-84,98,63737,0.4908,busca
8,1705050000,73270,-168457,1761,2199,3940,1170,1592,-364,167,129,-56,8070,0.4964,busca
8,1705050300,73307,-168430,2464,2037,3925,1117,922,-728,-163,-136,52,7824,0.5367,busca
8,1705050600,73335,-168432,1745,2112,3902,1852,202,-688,48,57,-99,32514,0.543,busca
8,1705050900,73344,-168443,1871,2107,3921,518,-890,24,-205,37,-126,8551,0.5176,busca
8,1705051200,73352,-168454,2921,1911,3915,1672,1354,-188,-113,-172,339,61994,0.5648,busca
8,1705051500,73333,-168462,1580,2168,3909,1437,1239,-669,-92,84,16,48738,0.576,busca
8,1705051800,73355,-168469,1967,2083,3984,493,898,-469,206,-362,-49,7634,0.5333,busca
8,1705052100,73370,-168516,2011,2062,3953,1207,682,-127,47,152,223,61202,0.541,busca
8,1705052400,73411,-168500,2198,2031,3981,590,1389,-823,-360,-64,256,28561,0.537,busca
8,1705052700,73420,-168469,1748,2070,3992,399,-59,-1100,44,115,-6,8014,0.5737,busca
8,1705053000,73451,-168490,1303,2310,3979,-2168,-2683,513,70,448,141,45451,0.5931,forrageando
8,1705053300,73488,-168506,2147,455,3987,1363,-640,-1172,270,-26,69,53213,0.6088,forrageando
8,1705053600,73480,-168528,2915,502,3977,-4397,56,-769,-675,423,112,32561,0.5968,forrageando
8,1705053900,73441,-168558,977,2291,3998,949,-2787,-218,74,-229,95,16952,0.6437,forrageando
8,1705054200,73433,-168594,578,2327,3949,1387,-2416,1526,582,-278,172,591,0.5707,forrageando
8,1705054500,73412,-168591,2361,384,3929,500,-966,-2106,-230,-209,353,44777,0.6583,forrageando
8,1705054800,73397,-168608,1204,2268,3907,76,353,-528,-989,-588,-63,8893,0.6329,forrageando
8,1705055100,73379,-168612,737,2370,3998,654,-431,-1289,-584,-526,102,62761,0.6333,forrageando
8,1705055400,73383,-168594,1558,2158,3958,1346,2474,-1586,65,-94,52,9666,0.5633,forrageando
8,1705055700,73374,-168592,2905,472,3979,2464,-2984,-1468,-65,-750,71,45960,0.4863,forrageando
8,1705056000,73479,-168690,1455,2281,3941,-1960,1127,-3272,-766,246,63,40145,0.5789,forrageando
8,1705056300,73463,-168707,1574,2208,3996,1637,1548,-459,45,-186,-291,49086,0.5513,forrageando
8,1705056600,73469,-168694,2888,452,3927,-2996,-168,-1040,-259,173,-294,19957,0.6664,forrageando
8,1705056900,73474,-168712,913,2291,3914,-3868,-3879,-1167,339,194,-274,21015,0.5785,forrageando
8,1705057200,73459,-168706,2393,481,3909,-1041,-3173,-24,-175,517,133,22317,0.6076,forrageando
8,1705057500,73490,-168693,1879,2111,3941,1310,-3423,224,-486,-591,100,1652,0.495,forrageando
8,1705057800,73466,-168623,1432,2261,3916,-340,-1107,-1507,-62,-99,-63,37238,0.3341,forrageando
8,1705058100,73565,-168648,1942,2039,3956,-389,163,-582,902,-181,469,29543,0.531,forrageando
8,1705058400,73532,-168659,1737,2149,3944,-2449,1121,-118,169,-478,49,54045,0.5607,forrageando
8,1705058700,73511,-168640,996,2377,3976,-2110,834,377,46,-775,306,9249,0.5088,forrageando
8,1705059000,73495,-168617,1032,2298,3899,-611,1323,-1853,176,-977,-180,28736,0.6331,forrageando
8,1705059300,73488,-168580,1127,2284,3974,-2289,1302,-1044,99,161,168,44166,0.4382,forrageando
8,1705059600,73446,-168563,1588,2235,3997,-1187,2098,188,739,-183,190,1892,0.5618,forrageando
8,1705059900,73442,-168556,2386,357,3927,247,-2369,592,-179,-439,2,10935,0.3524,forrageando
8,1705060200,73416,-168700,2853,474,3955,-1386,456,-711,-931,-535,-141,9224,0.4402,forrageando
8,1705060500,73351,-168636,1777,2097,3968,-1768,-1257,-2218,-502,9,2,28657,0.5787,forrageando
8,1705060800,73369,-168637,859,2396,3988,1200,1097,-1081,374,-20,-240,3687,0.4861,forrageando
8,1705061100,73333,-168643,1693,2173,3966,1929,-2338,1000,-457,-406,-499,37415,0.5357,forrageando
8,1705061400,73328,-168608,1090,2158,3986,-235,697,-1202,-617,512,189,4705,0.4004,forrageando
8,1705061700,73343,-168639,2956,470,3931,-1120,4142,-758,109,-648,434,50141,0.4103,forrageando
8,1705062000,73251,-168649,1604,2171,3907,589,4279,-1775,255,-1131,390,40687,0.3752,forrageando
8,1705062300,73161,-168658,641,2330,3915,2493,-1748,-2427,500,-186,-223,8081,0.4608,forrageando
8,1705062600,73081,-168692,597,2330,3991,-3334,-1317,-816,-314,641,427,40215,0.4553,forrageando
8,1705062900,73157,-168696,1626,2120,3961,-544,-1134,-1657,21,-298,-59,31618,0.5211,forrageando
8,1705063200,73181,-168714,1466,2262,3978,2981,148,456,-477,393,33,23543,0.4709,forrageando
8,1705063500,73173,-168829,2621,393,3989,1551,-2101,478,113,291,1,64789,0.4401,forrageando
8,1705063800,73217,-168889,945,2287,3939,-303,-3288,-960,-730,966,264,10572,0.4113,forrageando
8,1705064100,73186,-168912,1278,2332,3950,188,1059,-2186,-303,-155,-11,20795,0.3606,forrageando
8,1705064400,73137,-168961,851,2366,3905,2287,-2921,1136,-951,343,-50,51156,0.2935,forrageando
8,1705064700,73055,-168980,1606,2165,3951,-1122,3819,-1241,-626,956,-333,54331,0.3711,forrageando
8,1705065000,73012,-168943,671,2364,3925,-946,-1925,-3156,-228,832,-9,9304,0.4851,forrageando
8,1705065300,72956,-168994,2740,477,3944,1094,877,-180,-435,138,-253,51815,0.3843,forrageando
8,1705065600,72924,-168990,2278,480,3913,-1570,-2129,-2431,950,-628,397,34687,0.4171,forrageando
8,1705065900,72822,-169108,2204,2163,3923,-350,1208,-873,-37,379,13,5726,0.3429,busca
8,1705066200,72785,-169171,3114,1799,3968,1645,-321,-485,61,-7,-28,221,0.3275,busca
8,1705066500,72730,-169175,3736,1833,3917,-2301,-1163,39,-9,312,-3,56032,0.3835,busca
8,1705066800,72782,-169212,1355,2227,3968,244,1487,-1568,-86,-108,61,62811,0.4737,busca
8,1705067100,72820,-169092,2529,2023,3928,100,8,-1166,-67,347,-122,29524,0.3223,busca
8,1705067400,72903,-169047,1760,2187,3919,124,1071,-646,-129,-193,-21,3561,0.3793,busca
8,1705067700,72896,-169085,1613,2261,3910,-3076,-748,46,-119,-157,-193,65471,0.4023,busca
8,1705068000,72843,-169094,3836,1754,3982,-805,1121,-676,-118,-122,249,47828,0.3259,busca
8,1705068300,72956,-168989,3124,1859,3970,-288,60,-640,291,38,-39,51012,0.3837,busca
8,1705068600,73037,-169016,1207,2203,3958,-968,630,-722,-183,-26,136,3279,0.3962,busca
8,1705068900,73037,-169062,3564,1709,3935,-53,-560,-1036,-62,-158,-164,5999,0.2971,busca
8,1705069200,72884,-169103,1326,2208,3922,1844,-735,8,119,-177,156,21968,0.3794,busca
8,1705069500,72857,-169066,1999,2122,3929,1042,-1124,-449,84,61,340,61638,0.3743,busca
8,1705069800,72886,-168997,2182,2001,3974,1379,-1178,-385,-226,92,-79,4134,0.2609,busca
8,1705070100,72824,-168923,1810,2140,3915,-415,562,-371,162,-152,37,31141,0.5002,busca
8,1705070400,72835,-168897,3499,1840,3992,1289,-1298,-704,407,317,-124,57380,0.3318,busca
8,1705070700,72937,-168944,1378,2243,3904,-318,271,-1064,-206,-121,194,54642,0.4113,busca
8,1705071000,72942,-168883,1232,2149,3930,-366,646,-812,-237,29,-46,32849,0.2879,busca
8,1705071300,72869,-168942,3867,1689,3987,-20,-1151,-338,278,413,-260,59024,0.44,busca
8,1705071600,72922,-168830,3832,1762,3955,189,-409,-1038,-128,-94,-1,62378,0.3155,busca
8,1705071900,72856,-168888,1923,2080,3905,617,1224,-328,122,-234,-58,22084,0.2629,busca
8,1705072200,72824,-168809,3600,1756,3941,1385,609,-851,24,60,-19,38998,0.3043,busca
8,1705072500,72961,-168709,3760,1762,3975,456,-245,458,-178,61,14,3681,0.2928,busca
8,1705072800,72833,-168768,3088,1869,3944,-471,-679,-959,198,-107,242,57405,0.3941,busca
8,1705073100,72836,-168683,2013,2139,3918,964,-107,-555,53,87,74,59670,0.2892,busca
8,1705073400,72738,-168725,1398,2256,3945,411,1874,-1042,-33,40,-348,60214,0.3245,busca
8,1705073700,72743,-168571,3782,1743,3914,1137,-613,-680,134,-64,215,22699,0.3124,busca
8,1705074000,72823,-168626,1289,2216,3988,2138,275,-929,137,54,-114,17150,0.3977,busca
8,1705074300,72898,-168693,1630,2215,3972,-236,584,-746,146,155,-22,13780,0.3512,busca
8,1705074600,72842,-168634,2237,2064,3930,-1194,-877,-818,274,157,36,43054,0.2535,busca
8,1705074900,72950,-168583,3252,1839,3947,-319,-342,-1398,317,-66,5,41034,0.3947,busca
8,1705075200,72959,-168536,1064,2309,3919,-1477,726,-9,-83,-92,-140,6367,0.3346,busca
8,1705075500,72930,-168354,1750,2110,3932,391,404,-163,-102,213,-22,51177,0.2875,busca
8,1705075800,72853,-168329,3057,1885,3966,290,-179,-869,81,340,-272,18469,0.4933,busca
8,1705076100,72890,-168312,1853,2117,3971,407,-508,-895,308,-225,-46,23209,0.3591,busca
8,1705076400,72839,-168220,3147,1967,3918,1718,-633,676,110,-37,-150,25799,0.3673,busca
8,1705076700,72855,-168127,3633,1724,3925,384,179,-1034,-239,12,-207,33641,0.4199,busca
8,1705077000,72869,-168160,1098,2291,3975,1976,395,-883,-397,-7,80,17419,0.5408,busca
8,1705077300,72860,-168118,1124,2270,3998,227,149,-76,-130,-56,274,2994,0.3357,busca
8,1705077600,72771,-168120,2583,2017,3900,-84,519,726,175,119,101,15005,0.4414,busca
8,1705077900,72775,-168225,1050,2302,3988,1623,243,45,365,-100,131,49575,0.3564,busca
8,1705078200,72807,-168261,2703,1923,3991,555,896,-36,5,301,-60,13808,0.3639,busca
8,1705078500,72787,-168281,3543,1677,3923,-218,408,888,-224,152,348,22028,0.2105,busca
8,1705078800,72686,-168341,2617,1940,3912,-450,-210,-686,163,38,-150,47043,0.3647,busca
8,1705079100,72783,-168282,3157,1832,3905,-168,-697,380,95,103,-20,34501,0.3359,busca
8,1705079400,72744,-168403,2193,1934,3981,-1102,-91,-1124,-200,-115,69,55774,0.3914,busca
8,1705079700,72634,-168463,3690,1688,3947,1406,474,-11,266,-499,16,10324,0.4078,busca
8,1705080000,72603,-168444,1857,2147,3925,917,1382,-953,380,251,-10,62042,0.444,busca
8,1705080300,72568,-168466,441,2407,3915,1540,290,38,92,-94,-47,44513,0.2861,transitando
8,1705080600,72442,-168504,144,2485,3981,496,15,153,-50,-209,59,11660,0.2106,transitando
8,1705080900,72589,-168457,235,2453,3921,736,426,-194,28,12,-23,23979,0.3283,transitando
8,1705081200,72473,-168494,94,2484,3946,487,-124,195,-137,16,-15,28519,0.3601,transitando
8,1705081500,72565,-168453,155,2423,3940,1229,421,328,-19,-36,-57,52560,0.3275,transitando
8,1705081800,72670,-168443,244,2439,3954,993,32,111,-11,47,75,58683,0.2503,transitando
8,1705082100,72735,-168344,85,2475,3937,1168,-199,-308,42,212,-98,51530,0.3351,transitando
8,1705082400,72780,-168434,67,2489,3950,1198,-360,-196,-254,-33,74,15734,0.2617,transitando
8,1705082700,72678,-168390,376,2410,3949,1251,-487,0,-112,122,17,60543,0.3468,transitando
8,1705083000,72805,-168454,253,2367,3905,493,116,-305,28,140,50,52192,0.3042,transitando
8,1705083300,72801,-168335,195,2521,3903,669,-349,-226,186,-24,47,28888,0.2027,transitando
8,1705083600,72888,-168362,350,2324,3903,1496,563,-491,52,135,-45,2548,0.2751,transitando
8,1705083900,72800,-168425,297,2425,3961,851,-182,199,145,-27,37,6542,0.4528,transitando
8,1705084200,72742,-168479,255,2480,3921,1107,242,-242,-127,-49,14,58135,0.2485,transitando
8,1705084500,72789,-168582,307,2519,3990,375,466,-40,19,245,-31,16607,0.2806,transitando
8,1705084800,72794,-168672,114,2534,3947,621,551,-91,-190,-42,4,34743,0.2714,transitando
8,1705085100,72732,-168530,417,2445,3979,453,213,-169,23,74,23,38315,0.2379,transitando
8,1705085400,72675,-168594,248,2404,3990,351,-51,96,29,52,-100,32422,0.2298,transitando
8,1705085700,72776,-168644,125,2437,3987,1229,422,-73,-97,53,133,45612,0.379,transitando
8,1705086000,72817,-168648,300,2417,3918,384,130,31,-88,16,-35,27306,0.2663,transitando
8,1705086300,72969,-168661,322,2465,3944,939,239,-231,-4,18,8,21031,0.3154,transitando
8,1705086600,73074,-168589,304,2451,3908,1082,196,-169,45,-21,-13,46471,0.2514,transitando
8,1705086900,72937,-168667,188,2352,3935,1355,-150,-205,177,201,23,14836,0.4944,transitando
8,1705087200,72848,-168635,199,2416,3991,1241,493,-4,45,49,-16,16101,0.3152,transitando
8,1705087500,72950,-168653,372,2418,3960,1377,-34,9,-112,79,-24,54557,0.4238,transitando
8,1705087800,73001,-168620,84,2483,3977,887,173,227,-106,9,34,2995,0.3639,transitando
8,1705088100,73044,-168649,413,2432,3985,1101,412,-324,24,112,-70,20040,0.2952,transitando
8,1705088400,72984,-168719,52,2492,3913,930,-353,131,-22,-2,11,46462,0.3567,transitando
8,1705088700,73065,-168726,494,2379,3921,2182,-528,-161,33,-27,54,46099,0.366,transitando
8,1705089000,72979,-168722,296,2474,3987,1346,556,12,85,-75,-29,29036,0.2199,transitando
8,1705089300,73110,-168762,54,2459,3981,1749,-141,-135,-108,-166,-105,43020,0.344,transitando
8,1705089600,73149,-168861,319,2418,3951,1109,330,-119,73,-221,52,35738,0.4324,transitando
8,1705089900,73241,-168940,373,2447,3952,1523,-407,73,-59,6,-49,36061,0.3182,transitando
8,1705090200,73226,-169050,464,2444,3925,1108,-433,114,75,-89,3,7112,0.4321,transitando
8,1705090500,73174,-169007,126,2544,3923,1590,132,14,-2,-58,71,29016,0.3375,transitando
8,1705090800,73241,-168941,137,2477,3943,796,-30,261,171,-32,-7,41273,0.3432,transitando
8,1705091100,73172,-169043,241,2474,3977,1695,-280,196,128,-48,-62,46817,0.3604,transitando
8,1705091400,73264,-169064,123,2433,3928,811,103,92,176,-73,112,34179,0.5684,transitando
8,1705091700,73239,-169024,220,2388,3916,1775,498,-97,186,122,100,37685,0.37,transitando
8,1705092000,73158,-168983,225,2479,3989,1863,263,-145,-29,47,-44,45850,0.3847,transitando
8,1705092300,73088,-169009,208,2411,3949,167,175,9,66,-181,0,22324,0.2842,transitando
8,1705092600,73033,-169108,367,2457,3912,760,-497,-14,247,-103,17,9498,0.4538,transitando
8,1705092900,72998,-169025,188,2534,3925,1064,-402,-112,115,66,-75,20990,0.3434,transitando
8,1705093200,72922,-168947,171,2496,3996,1337,-21,-9,-93,11,66,59844,0.4981,transitando
8,1705093500,72948,-168902,417,2412,3990,766,189,46,20,-173,27,47675,0.3822,transitando
8,1705093800,72923,-168859,330,2426,3920,1543,-44,291,77,4,4,1843,0.4769,transitando
8,1705094100,73010,-168828,221,2487,3910,910,316,-1,-112,-59,-40,33919,0.4047,transitando
8,1705094400,73033,-168886,197,2562,3989,1266,128,-291,45,8,7,7417,0.3121,transitando
8,1705094700,72968,-169014,255,2502,3965,1023,-76,-394,-44,91,49,7263,0.4177,transitando
8,1705095000,72898,-169064,141,2456,3955,680,127,9,-364,-67,45,64650,0.2247,transitando
8,1705095300,72989,-168988,337,2426,3967,270,200,122,-139,9,3,50799,0.4538,transitando
8,1705095600,72935,-169024,353,2329,3975,442,383,-32,-47,16,-5,50152,0.3225,transitando
8,1705095900,72882,-169133,466,2332,3920,493,747,23,-71,-294,58,46519,0.2621,transitando
8,1705096200,72820,-169235,350,2479,3909,1937,20,-68,15,147,59,17658,0.3428,transitando
8,1705096500,72744,-169309,316,2437,3966,-91,35,-28,137,33,9,18664,0.3511,transitando
8,1705096800,72756,-169365,416,2448,3991,1674,-601,279,-89,83,35,34607,0.3858,transitando
8,1705097100,72716,-169293,493,2373,3976,610,445,-79,-29,1,37,30070,0.473,transitando
8,1705097400,72686,-169351,365,2436,3942,1501,-351,606,123,97,16,40867,0.5171,transitando
8,1705097700,72713,-169346,297,2501,3962,553,153,168,20,-65,-18,8149,0.3331,transitando
8,1705098000,72597,-169374,211,2463,3900,1130,385,9,-51,-77,-10,42218,0.3341,transitando
8,1705098300,72721,-169350,282,2547,3976,706,-330,159,282,-12,-19,61762,0.4057,transitando
8,1705098600,72701,-169440,434,2456,3984,899,224,-93,-13,265,-24,2663,0.5047,transitando
8,1705098900,72741,-169462,90,2407,3937,636,-83,46,21,-35,36,7674,0.2939,transitando
8,1705099200,72807,-169399,213,2404,3969,646,-162,-91,-72,69,-53,60862,0.5182,transitando
8,1705099500,72779,-169405,366,2492,3966,1297,202,48,-128,113,32,17299,0.4228,transitando
8,1705099800,72826,-169461,488,2336,3931,712,-169,-218,-3,-86,7,41746,0.3433,transitando
8,1705100100,72868,-169385,147,2402,3954,1286,-187,113,-25,55,-14,23255,0.2901,transitando
8,1705100400,72849,-169252,472,2426,3897,2161,-500,-74,-82,158,14,38981,0.4502,transitando
8,1705100700,72809,-169252,479,2381,3951,910,118,256,-137,153,-2,53949,0.4319,transitando
8,1705101000,72765,-169294,217,2401,3964,1788,676,-237,-33,3,-43,46109,0.383,transitando
8,1705101300,72822,-169241,470,2392,3914,1279,24,47,37,-45,5,34021,0.3572,transitando
8,1705101600,72868,-169243,290,2441,3918,1768,0,472,95,-50,-37,5947,0.2401,transitando
8,1705101900,72824,-169141,96,2448,3940,1373,-409,-38,-119,-91,-24,15151,0.2777,transitando
8,1705102200,72764,-169205,139,2405,3971,1531,-242,-102,105,59,22,35853,0.3397,transitando
8,1705102500,72634,-169201,302,2440,3989,728,82,-97,-8,-43,-56,36011,0.4181,transitando
8,1705102800,72557,-169172,430,2440,3980,218,239,-41,1,11,64,1215,0.4092,transitando
8,1705103100,72614,-169205,304,2393,3996,2049,135,537,76,56,54,59149,0.2764,transitando
8,1705103400,72547,-169129,164,2518,3980,167,-171,84,-6,-83,-14,38435,0.3283,transitando
8,1705103700,72574,-169009,366,2482,3919,-251,478,396,-176,6,-57,9587,0.3246,transitando
8,1705104000,72470,-169028,257,2442,3947,678,-120,177,2,-62,38,39031,0.3743,transitando
8,1705104300,72420,-169007,422,2445,3904,705,183,-325,-109,53,-46,14773,0.3461,transitando
8,1705104600,72403,-169150,210,2465,3970,361,-810,267,-91,32,-26,33017,0.3214,transitando
8,1705104900,72345,-169248,449,2538,3964,440,-390,-373,16,-108,28,16896,0.4115,transitando
8,1705105200,72258,-169259,302,2414,3982,486,217,239,34,17,54,27350,0.352,transitando
8,1705105500,72236,-169185,465,2390,3935,522,391,-101,1,-24,-1,25793,0.3321,transitando
8,1705105800,72176,-169112,67,2398,3983,1296,-441,-14,-68,139,16,15757,0.3873,transitando
8,1705106100,72180,-169017,279,2423,3898,1336,-227,89,-86,118,10,19238,0.372,transitando
8,1705106400,72185,-168921,471,2359,3972,767,-391,432,42,-67,-62,12677,0.5218,transitando
8,1705106700,72150,-168925,403,2416,3911,1554,-53,84,-226,146,-53,56811,0.363,transitando
8,1705107000,72244,-168916,145,2544,3950,1454,94,357,121,154,-73,49793,0.5081,transitando
8,1705107300,72236,-168956,153,2480,3984,86,127,250,-11,-48,-34,60854,0.4242,transitando
8,1705107600,72327,-168926,242,2504,3932,1495,-509,59,150,-83,-19,23156,0.3735,transitando
8,1705107900,72328,-168852,394,2396,3902,1053,-47,-88,48,5,72,14652,0.45,transitando
8,1705108200,72383,-168766,249,2376,3927,1298,432,346,-261,-55,-11,16063,0.4403,transitando
8,1705108500,72378,-168833,67,2486,3919,101,223,-118,-4,-177,32,30727,0.3821,transitando
8,1705108800,72425,-168759,319,2423,3994,-94,165,-154,-73,31,-2,20247,0.3874,transitando
8,1705109100,72497,-168698,428,2427,3980,768,-542,42,32,-65,69,17324,0.4995,transitando
8,1705109400,72445,-168659,181,2508,3920,613,321,-400,126,59,22,12141,0.3108,transitando
8,1705109700,72531,-168679,51,2522,3932,275,97,-579,-127,154,-32,17976,0.2761,transitando
8,1705110000,72394,-168611,315,2450,3941,1172,-344,-188,37,-15,68,13155,0.3358,transitando
8,1705110300,72501,-168722,456,2408,3949,-53,382,-140,-120,83,-72,11138,0.3656,transitando
8,1705110600,72485,-168826,369,2411,3959,325,-621,141,-59,94,112,2426,0.3375,transitando
8,1705110900,72591,-168884,274,2498,3914,1388,-115,191,96,184,105,11045,0.38,transitando
8,1705111200,72636,-168805,155,2420,3914,2233,355,221,-82,-51,-10,56754,0.3438,transitando
8,1705111500,72736,-168749,157,2458,3900,809,-48,145,12,17,-19,54271,0.479,transitando
8,1705111800,72785,-168823,243,2481,3995,816,81,-143,247,168,58,16671,0.322,transitando
8,1705112100,72829,-168926,212,2483,3967,950,455,15,-264,38,1,48933,0.3988,transitando
8,1705112400,72887,-168898,414,2506,3983,885,293,-487,-168,132,0,900,0.3095,transitando
8,1705112700,72903,-168793,406,2369,3995,729,-10,136,3,142,3,17015,0.3426,transitando
8,1705113000,72948,-168697,70,2486,3973,1317,-49,-20,48,-52,18,1102,0.3715,transitando
8,1705113300,73037,-168651,99,2472,3910,718,-679,-39,-39,51,65,19371,0.5311,transitando
8,1705113600,73041,-168667,80,2469,3986,1615,-118,46,-49,49,-28,31592,0.433,transitando
8,1705113900,72963,-168648,276,2552,3991,227,145,88,-122,-52,16,43092,0.5034,transitando
8,1705114200,72948,-168630,454,2396,3984,931,-196,-76,-4,-42,-21,57713,0.5062,transitando
8,1705114500,72977,-168656,399,2500,3958,1302,57,292,-72,-130,38,21163,0.4444,transitando
9,1705028400,18247,76527,1064,2262,3979,1145,-418,-316,212,-154,112,40692,0.3843,busca
9,1705028700,18298,76557,837,2265,3978,466,1363,-1429,218,-357,204,31901,0.4062,busca
9,1705029000,18250,76522,1527,2125,3947,-131,-49,-793,-134,71,123,65491,0.2612,busca
9,1705029300,18219,76606,1022,2197,3900,864,102,-418,-326,-167,-51,61600,0.4981,busca
9,1705029600,18286,76535,1145,2339,3937,81,-408,-574,61,-73,82,24305,0.5148,busca
9,1705029900,18273,76521,510,2442,3966,977,-478,-198,300,-159,9,39150,0.3979,busca
9,1705030200,18307,76473,337,2416,3988,296,-701,-359,334,-178,-168,52226,0.4043,busca
9,1705030500,18383,76416,1028,2284,3932,313,-795,-1115,-98,49,-268,53213,0.4724,busca
9,1705030800,18366,76518,922,2409,3932,1432,-618,-476,-392,-228,-188,54541,0.3781,busca
9,1705031100,18311,76526,1313,2313,3907,1322,-961,-521,8,117,14,45018,0.5281,busca
9,1705031400,18338,76555,801,2324,3974,-478,-592,588,-55,537,70,2753,0.4284,busca
9,1705031700,18382,76517,1704,2155,3915,1065,484,19,-253,-215,65,41779,0.3562,busca
9,1705032000,18376,76471,1149,2321,3913,1087,156,-179,-147,-114,203,831,0.356,busca
9,1705032300,18325,76434,491,2433,3912,1369,1478,-543,83,178,-341,5959,0.319,busca
9,1705032600,18319,76583,1316,2267,3954,-201,697,-1432,140,213,-76,37596,0.4877,busca
9,1705032900,18264,76594,415,2451,3903,1579,119,-1195,98,208,-78,35708,0.3919,busca
9,1705033200,18202,76562,1354,2200,3908,680,-458,-193,-30,149,297,6319,0.4403,busca
9,1705033500,18229,76523,935,2323,3904,-676,-976,-1490,28,-4,-78,10316,0.4722,busca
9,1705033800,18180,76555,1438,2224,3994,-264,1769,-1094,112,-63,559,23234,0.5294,busca
9,1705034100,18206,76555,1796,2231,3925,954,399,-62,362,36,194,13277,0.4656,busca
9,1705034400,18257,76505,1141,2284,3997,-774,-388,-825,248,-333,-53,64645,0.3655,busca
9,1705034700,18223,76505,993,2294,3975,1655,-151,-719,260,118,-144,51707,0.4334,busca
9,1705035000,18229,76460,768,2466,3943,-1384,-415,-1043,75,141,-106,9840,0.4474,busca
9,1705035300,18225,76535,534,2384,3952,-280,-370,-745,-257,-114,-30,25825,0.4857,busca
9,1705035600,18192,76635,1547,2163,3976,-41,-835,-1657,-94,-270,51,14130,0.355,busca
9,1705035900,18277,76611,578,2429,3965,1060,290,-450,217,85,-74,14063,0.5678,busca
9,1705036200,18267,76574,616,2437,3943,1207,1476,-1036,166,111,-121,14032,0.5578,forrageando
9,1705036500,18244,76570,418,2465,3975,2244,-745,-1649,-312,-123,17,48049,0.3736,forrageando
9,1705036800,18279,76493,386,2452,3957,1104,73,301,217,-324,-171,49730,0.4655,forrageando
9,1705037100,18292,76536,1218,2204,3912,-1981,-5416,-1499,-923,135,-146,35155,0.5814,forrageando
9,1705037400,18294,76567,1021,2244,3968,-6193,-681,467,1204,-427,-547,64876,0.5174,forrageando
9,1705037700,18291,76535,1149,2270,3987,-926,-587,-2246,-130,329,-408,26423,0.552,forrageando
9,1705038000,18279,76536,543,2444,3925,1530,3463,-1664,-487,-72,246,1558,0.5325,forrageando
9,1705038300,18278,76551,195,2456,3913,2447,1927,-159,-326,-489,-291,28993,0.3676,forrageando
9,1705038600,18272,76591,772,2384,3925,-1644,-3402,-803,1491,-3,15,42178,0.3317,forrageando
9,1705038900,18392,76475,310,2377,3962,-1082,-3010,831,43,515,249,54150,0.6252,forrageando
9,1705039200,18375,76498,881,2323,3981,3922,2697,-85,-364,297,-15,44918,0.5916,forrageando
9,1705039500,18385,76494,267,2405,3962,1402,-884,-1183,-52,882,-392,20578,0.506,forrageando
9,1705039800,18396,76521,812,2295,3921,125,-1561,-127,90,-991,-41,15097,0.5277,forrageando
9,1705040100,18412,76520,1062,2317,3967,1559,-3418,-725,-638,390,-369,5960,0.4457,forrageando
9,1705040400,18458,76616,419,2403,3949,-1784,-1506,-510,-140,312,543,33378,0.4932,forrageando
9,1705040700,18440,76552,903,2300,3972,1564,264,-1012,-251,64,-116,28912,0.4267,forrageando
9,1705041000,18475,76602,1248,2237,3924,-1232,1185,-790,121,-459,-262,52978,0.5695,forrageando
9,1705041300,18468,76608,722,2347,3900,-1420,-4516,-2709,-364,-1243,932,2805,0.5375,forrageando
9,1705041600,18480,76609,671,2357,3911,629,2307,-780,-798,-353,18,10029,0.5477,forrageando
9,1705041900,18473,76631,1266,2146,3946,158,-3346,281,-466,-565,-493,11779,0.4896,forrageando
9,1705042200,18463,76664,1497,2143,3936,1357,-4257,-3154,411,-56,239,9706,0.6048,forrageando
9,1705042500,18455,76679,730,2302,3972,1206,4079,73,-335,893,599,15450,0.4206,forrageando
9,1705042800,18488,76647,1618,2163,3956,1694,910,-1615,361,-318,402,8884,0.5881,forrageando
9,1705043100,18485,76640,811,2324,3914,1379,1705,65,-358,-506,-258,17307,0.6532,forrageando
9,1705043400,18495,76669,815,2354,3930,228,-1147,-1487,-748,706,-178,64146,0.4551,forrageando
9,1705043700,18420,76664,295,2419,3924,-204,-2016,-2899,376,428,13,12212,0.3646,forrageando
9,1705044000,18520,76609,965,2196,3991,790,986,-2010,-33,377,-207,50432,0.5449,forrageando
9,1705044300,18517,76630,339,2446,3982,-172,-3229,-458,-78,193,-46,328,0.5508,forrageando
9,1705044600,18534,76630,1431,2160,3971,3783,3444,-3158,592,58,-179,6873,0.5222,forrageando
9,1705044900,18541,76605,1337,2217,3935,441,-1134,-1648,900,200,458,59743,0.5097,forrageando
9,1705045200,18597,76609,787,2322,3977,-2564,6031,-279,-105,258,-16,9604,0.3744,forrageando
9,1705045500,18618,76611,1251,2218,3969,-3359,648,-1423,-896,185,-365,39193,0.4992,forrageando
9,1705045800,18584,76538,1301,2217,3989,1458,1236,-281,-304,-205,-93,9778,0.5759,forrageando
9,1705046100,18550,76505,850,2425,3922,-333,1647,-1370,387,-152,74,45137,0.4074,forrageando
9,1705046400,18532,76450,1105,2267,3929,593,-111,-3017,-274,-319,-296,6784,0.578,forrageando
9,1705046700,18506,76444,1332,2310,3937,3004,1825,-430,31,-85,225,65471,0.4725,forrageando
9,1705047000,18481,76411,884,2368,3938,-1793,-1254,-2376,103,-43,-130,56729,0.5477,forrageando
9,1705047300,18497,76403,1327,2381,3915,-1644,-735,-1459,414,579,253,31157,0.5234,forrageando
9,1705047600,18548,76414,850,2341,3992,687,1001,971,226,261,31,32334,0.5227,forrageando
9,1705047900,18558,76394,1196,2208,3959,-4452,2553,36,80,5,258,61477,0.6166,forrageando
9,1705048200,18529,76354,344,2438,3901,1166,-701,-856,698,-77,-19,25115,0.537,forrageando
9,1705048500,18564,76373,1047,2254,3973,665,412,-2577,747,809,-325,17677,0.3961,forrageando
9,1705048800,18494,76436,1470,2143,3960,182,997,-1824,-584,-433,78,54648,0.4349,forrageando
9,1705049100,18399,76400,1345,2257,3945,-211,-1147,84,-1032,401,-32,9326,0.3572,forrageando
9,1705049400,18318,76491,1275,2216,3901,3082,-843,-252,596,73,-154,14296,0.5095,forrageando
9,1705049700,18315,76498,769,2446,3956,52,-3170,-1333,237,359,59,34535,0.6248,forrageando
9,1705050000,18320,76491,7470,965,3918,1411,-48,-1371,343,-146,31,42004,0.442,forrageando
9,1705050300,18306,76455,4757,621,3969,-1503,1158,-638,775,379,512,57632,0.5815,forrageando
9,1705050600,18336,76481,5496,690,3966,-715,1092,-1230,165,-285,49,773,0.5566,forrageando
9,1705050900,18305,76466,6246,791,3989,1760,2646,200,553,371,-177,9780,0.4962,forrageando
9,1705051200,18362,76456,7053,882,3963,-1722,3073,-1278,-71,-274,38,40299,0.5839,forrageando
9,1705051500,18351,76478,4254,629,3952,-1207,-663,-2066,315,-94,-453,44495,0.5684,forrageando
9,1705051800,18335,76486,6541,811,3951,-3349,-1381,-340,190,-180,109,33846,0.5024,forrageando
9,1705052100,18344,76478,9224,1041,3984,-468,-940,-1834,540,663,-92,37486,0.4926,forrageando
9,1705052400,18332,76442,2106,339,3906,2780,-1092,-2102,732,662,507,11552,0.6268,forrageando
9,1705052700,18323,76455,7404,983,3983,140,2762,-623,-461,-73,-198,40950,0.587,forrageando
9,1705053000,18339,76467,6259,801,3907,848,-2064,-1536,686,-141,0,18919,0.5175,forrageando
9,1705053300,18326,76460,7513,976,3906,1556,2851,-2803,-28,287,-218,13878,0.5295,forrageando
9,1705053600,18286,76484,3329,589,3964,-2254,-2078,-94,-374,312,223,32557,0.5508,forrageando
9,1705053900,18272,76487,2333,381,3964,344,-84,-1410,340,-29,285,46016,0.4148,forrageando
9,1705054200,18284,76567,2800,514,3969,2089,1073,-1245,-57,797,-69,28948,0.4212,forrageando
9,1705054500,18348,76664,2421,356,3953,1531,-1342,-1400,452,-397,76,23946,0.5484,forrageando
9,1705054800,18358,76688,3516,476,3972,-2721,-2287,-1218,569,-164,-106,34706,0.3559,forrageando
9,1705055100,18319,76785,2791,441,3926,1064,-5043,359,596,-690,-48,63893,0.5812,forrageando
9,1705055400,18332,76774,3299,595,3927,732,-2406,-2451,1053,-671,-91,58794,0.5263,forrageando
9,1705055700,18323,76750,4165,634,3934,961,-2996,-2528,-166,224,-171,42442,0.5531,forrageando
9,1705056000,18364,76770,5340,692,3956,996,-1037,-1601,-245,223,70,26847,0.4426,forrageando
9,1705056300,18418,76785,3933,596,3974,-3527,-1487,790,-95,354,-205,38741,0.6228,forrageando
9,1705056600,18442,76804,3905,673,3988,2646,-467,-2586,-180,-638,-178,21620,0.4805,forrageando
9,1705056900,18399,76829,5084,670,3927,-2528,527,-1290,-220,-191,-120,12509,0.5896,forrageando
9,1705057200,18403,76821,5294,679,3968,-1121,-2881,-1844,245,-236,-495,31056,0.5618,forrageando
9,1705057500,18389,76880,7836,992,3990,-1806,235,-67,-432,561,286,56926,0.4717,forrageando
9,1705057800,18269,76951,7358,912,3939,4324,1579,-1203,-194,-2,416,23441,0.5226,forrageando
9,1705058100,18249,76949,7284,897,3930,-1644,4393,-923,-710,505,-654,5352,0.4886,forrageando
9,1705058400,18252,76886,3294,495,3932,708,617,-364,334,-287,-231,9470,0.4845,forrageando
9,1705058700,18219,76931,4156,609,3942,102,-805,-1243,-591,128,382,47681,0.5382,forrageando
9,1705059000,18267,76955,3958,547,3912,967,-609,-919,218,170,59,28625,0.4563,forrageando
9,1705059300,18286,76937,8306,985,3980,2233,-1550,-426,-102,185,-166,36584,0.5387,forrageando
9,1705059600,18311,76982,4955,660,3989,-2422,603,225,-660,1234,-115,40129,0.4623,forrageando
9,1705059900,18245,77082,5625,690,3916,-1590,355,-468,-737,853,44,12526,0.4214,forrageando
9,1705060200,18245,76998,5171,631,3944,2574,-41,-75,980,-101,-400,51186,0.4224,forrageando
9,1705060500,18234,77108,3011,449,3907,-602,-2298,-1042,-401,240,-117,33440,0.5657,forrageando
9,1705060800,18250,77117,5697,822,3901,-1677,317,-1514,-226,-446,500,3452,0.3659,forrageando
9,1705061100,18271,77146,4371,687,3900,274,2006,-579,537,362,-318,872,0.432,forrageando
9,1705061400,18199,77229,5215,723,3920,-1753,-6,-678,-90,281,228,13078,0.4979,forrageando
9,1705061700,18183,77184,2660,450,3986,-3379,-272,-1334,1626,442,-305,19934,0.5379,forrageando
9,1705062000,18204,77197,2017,460,3946,3063,-2349,-1364,-165,964,220,64153,0.5063,forrageando
9,1705062300,18224,77193,5175,764,3930,2627,581,-346,-810,-886,-371,1063,0.4997,forrageando
9,1705062600,18188,77183,3543,480,3925,2199,694,-1708,256,707,-37,60991,0.4579,forrageando
9,1705062900,18127,77156,5359,743,3969,-564,-1431,-629,30,-399,90,2258,0.5482,forrageando
9,1705063200,18132,77190,5773,689,3937,2209,1033,-742,-209,-710,112,63840,0.3502,forrageando
9,1705063500,18171,77247,7411,944,3936,3374,-3158,-624,-952,-267,-297,35705,0.4798,forrageando
9,1705063800,18163,77291,4926,649,3958,2741,2966,-654,-261,-568,-168,40630,0.4044,forrageando
9,1705064100,18101,77302,6044,723,3972,-1501,2896,-953,-173,-406,-488,35155,0.4212,forrageando
9,1705064400,18174,77332,8310,1093,3899,1528,-2048,-1326,-722,220,-330,13357,0.4762,forrageando
9,1705064700,18156,77314,5392,753,3998,-1909,283,-2176,305,252,-282,37850,0.3441,forrageando
9,1705065000,18081,77470,3612,588,3962,202,1295,-493,-302,742,-94,56435,0.3629,forrageando
9,1705065300,17999,77431,8659,1005,3952,1494,330,-976,-47,-143,636,3655,0.4804,forrageando
9,1705065600,18078,77516,3294,606,3947,-2392,632,679,-368,425,390,34038,0.436,forrageando
9,1705065900,18040,77427,5709,847,3954,393,344,-816,73,444,-68,46229,0.3821,forrageando
9,1705066200,18011,77495,3705,559,3980,-773,1425,-682,898,-628,373,24832,0.3419,forrageando
9,1705066500,18083,77519,5280,645,3974,-30,-2067,470,-628,-780,15,10972,0.4575,forrageando
9,1705066800,18165,77635,4333,624,3983,2359,459,-932,-148,-163,69,28365,0.3872,forrageando
9,1705067100,18187,77654,1874,2025,3961,2379,183,-1349,316,-781,386,24100,0.4682,forrageando
9,1705067400,18186,77713,4784,675,3961,623,805,-973,417,458,-181,4399,0.2418,forrageando
9,1705067700,18063,77774,5252,753,3955,-2492,4065,180,21,352,64,51317,0.3484,forrageando
9,1705068000,18018,77779,2618,473,3941,634,3219,-836,219,-718,353,51525,0.2933,forrageando
9,1705068300,18053,77822,7935,1002,3946,-973,1000,-1929,910,-160,290,32907,0.3631,forrageando
9,1705068600,18092,77781,3401,545,3977,-4779,-110,-302,263,-168,-348,31337,0.3711,forrageando
9,1705068900,18073,77849,3807,619,3980,2131,-18,-2160,683,-1224,336,25398,0.3738,forrageando
9,1705069200,17986,77944,6213,827,3981,1145,-827,137,-272,974,287,49660,0.3678,forrageando
9,1705069500,18042,77894,4243,673,3918,1277,-3076,-41,-307,-623,-175,3622,0.2534,forrageando
9,1705069800,18022,77940,7402,1068,3928,-3523,1336,-582,-9,457,192,53412,0.3611,forrageando
9,1705070100,18071,77943,1951,2070,3989,2139,-3337,-1291,-620,-56,-238,21030,0.4482,forrageando
9,1705070400,18038,78012,3108,563,3945,929,1771,-1118,117,-428,19,12122,0.4189,forrageando
9,1705070700,18058,77920,2422,369,3927,4610,-4358,-1520,105,269,199,55256,0.2668,forrageando
9,1705071000,18092,77801,3943,659,3964,-747,-3245,-1225,485,-1003,199,62806,0.4374,forrageando
9,1705071300,18056,77870,5748,837,3980,-3551,-515,-1005,154,327,113,14843,0.4409,forrageando
9,1705071600,18117,77886,1903,2141,3917,3408,-2824,374,-18,-481,40,13415,0.3422,forrageando
9,1705071900,18001,78031,4173,599,3980,855,854,-2040,258,458,-33,48249,0.2978,forrageando
9,1705072200,17911,78094,4425,676,3973,-3928,-1395,-1736,-644,311,339,36557,0.4115,forrageando
9,1705072500,17976,78042,8165,1007,3945,-883,1323,10,-634,-735,90,10784,0.2289,forrageando
9,1705072800,17989,77890,3066,494,3931,-3741,-900,-1661,431,235,-169,27469,0.38,forrageando
9,1705073100,18051,77858,5413,757,3911,-1559,359,-372,-202,-847,-16,5861,0.4873,forrageando
9,1705073400,18004,77889,6611,689,3964,-402,838,-2593,-321,-549,-89,24084,0.2298,forrageando
9,1705073700,17946,77959,3015,523,3924,948,-435,-525,-74,77,298,14084,0.4316,forrageando
9,1705074000,17866,77960,2692,472,3953,-108,2762,-1623,207,-785,77,14269,0.4309,forrageando
9,1705074300,17756,77955,4574,601,3942,708,2512,-886,-59,-557,335,25877,0.3905,forrageando
9,1705074600,17759,77975,4776,663,3937,-3055,-1070,994,75,205,74,20838,0.432,forrageando
9,1705074900,17801,78037,7812,1002,3964,-1501,747,-395,-110,-90,-406,54379,0.23,forrageando
9,1705075200,17751,78003,6027,802,3972,-471,-3821,-1613,268,-148,261,55360,0.371,forrageando
9,1705075500,17768,77950,5154,640,3982,-6494,3913,-932,-912,199,196,33305,0.2867,forrageando
9,1705075800,17645,77881,3102,536,3955,1784,1176,424,699,-178,333,21699,0.357,forrageando
9,1705076100,17575,77870,5004,670,3916,-666,1644,-1638,-682,16,-35,14109,0.2237,forrageando
9,1705076400,17598,77930,2477,391,3994,-820,2317,-2769,882,-1124,163,18111,0.3447,forrageando
9,1705076700,17578,77821,6200,851,3922,979,771,-574,177,125,-152,21407,0.3576,forrageando
9,1705077000,17596,77726,4353,574,3955,608,2803,-1444,-275,454,353,54705,0.2691,forrageando
9,1705077300,17496,77731,4659,619,3962,2527,-698,-1145,-334,-273,-535,11916,0.439,forrageando
9,1705077600,17482,77692,4192,607,3969,39,-1302,34,237,1200,633,55854,0.3542,forrageando
9,1705077900,17586,77677,6204,897,3977,-1575,1145,410,-794,-768,-240,54669,0.2865,forrageando
9,1705078200,17544,77755,3108,481,3908,472,-781,475,304,-214,292,10455,0.4136,forrageando
9,1705078500,17607,77727,6098,708,3909,-967,-4300,-1112,-506,-188,-280,45420,0.2823,forrageando
9,1705078800,17661,77693,8946,1100,3992,1610,-508,473,-344,506,-160,20820,0.4333,forrageando
9,1705079100,17693,77769,2663,557,3965,3969,-1463,617,275,-400,-127,40168,0.3096,forrageando
9,1705079400,17570,77679,3685,619,3962,-3282,-4179,-2187,-623,108,425,41796,0.5052,forrageando
9,1705079700,17563,77668,2057,2134,3907,341,-33,-2136,-354,-367,31,8816,0.2529,busca
9,1705080000,17494,77668,2201,2003,3910,1552,126,-777,-131,106,92,17184,0.2879,busca
9,1705080300,17552,77523,2606,1956,3917,-400,543,-19,66,-146,129,45758,0.272,busca
9,1705080600,17569,77589,1414,2307,3919,-77,-968,-566,-171,-134,-158,50678,0.3327,busca
9,1705080900,17701,77637,1393,2301,3905,1264,998,-757,443,-175,-37,6100,0.2809,busca
9,1705081200,17654,77575,2795,1931,3977,-564,871,-863,347,2,5,18206,0.2228,busca
9,1705081500,17698,77621,1066,2265,3945,-440,527,-969,234,-267,138,40198,0.3478,busca
9,1705081800,17626,77737,2549,2051,3899,-245,727,-571,-174,114,-198,18003,0.42,busca
9,1705082100,17601,77818,1337,2242,3909,1622,-852,-881,88,-97,-162,58734,0.2956,busca
9,1705082400,17629,77769,3243,1872,3936,2064,-684,-696,284,84,-85,51858,0.355,busca
9,1705082700,17670,77836,3274,1843,3953,-165,-1255,-254,-91,-256,225,32095,0.2589,busca
9,1705083000,17578,77799,2121,2073,3980,117,849,-887,-95,-71,60,50198,0.3272,busca
9,1705083300,17500,77741,1122,2249,3988,81,101,-737,56,15,-256,10093,0.2897,busca
9,1705083600,17534,77654,2971,1837,3922,158,-96,-488,-248,105,34,36955,0.2377,busca
9,1705083900,17451,77637,3930,1616,3995,1541,-1101,-1095,112,-103,96,2592,0.2716,busca
9,1705084200,17447,77557,2192,2134,3961,1653,-302,-264,290,-31,245,4490,0.2202,busca
9,1705084500,17415,77619,2281,2040,3984,756,663,625,4,-148,146,50239,0.2377,busca
9,1705084800,17459,77570,1424,2204,3986,-714,721,-415,-168,148,-5,53982,0.3039,busca
9,1705085100,17442,77441,349,2425,3952,1420,28,306,112,92,-55,30626,0.255,transitando
9,1705085400,17410,77343,491,2388,3944,608,-55,-43,-9,-38,33,19205,0.2586,transitando
9,1705085700,17287,77350,403,2427,3938,751,322,-81,-85,-68,13,59220,0.2431,transitando
9,1705086000,17176,77294,384,2413,3979,863,-225,138,-55,22,-20,29383,0.2496,transitando
9,1705086300,17159,77414,415,2480,3905,284,98,-38,-199,78,-61,17743,0.3004,transitando
9,1705086600,17261,77462,239,2391,3983,384,-338,-125,134,36,-28,49393,0.389,transitando
9,1705086900,17312,77419,409,2437,3903,841,71,182,55,168,-43,57355,0.2978,transitando
9,1705087200,17212,77489,101,2489,3918,913,356,-337,-3,101,69,4766,0.317,transitando
9,1705087500,17229,77387,166,2423,3978,891,-495,144,-148,61,11,23915,0.3647,transitando
9,1705087800,17264,77350,463,2417,3914,895,-111,238,162,-1,-27,42645,0.3304,transitando
9,1705088100,17371,77335,93,2474,3961,1689,224,329,48,61,-40,36254,0.1558,transitando
9,1705088400,17455,77388,367,2392,3978,1226,176,-79,-35,79,19,2748,0.4807,transitando
9,1705088700,17467,77332,351,2522,3901,1832,-74,-137,-90,-57,116,49404,0.4182,transitando
9,1705089000,17554,77362,459,2523,3948,1203,-159,-140,53,82,-21,40927,0.3688,transitando
9,1705089300,17640,77327,195,2437,3927,643,288,23,138,8,-62,62842,0.4194,transitando
9,1705089600,17745,77316,275,2366,3933,989,82,-160,82,201,27,10614,0.2965,transitando
9,1705089900,17606,77372,70,2444,3977,1545,-397,-216,-264,78,-29,36938,0.4404,transitando
9,1705090200,17642,77419,332,2382,3913,216,343,53,15,-37,-69,45755,0.3935,transitando
9,1705090500,17671,77373,116,2533,3935,1644,72,57,120,101,-11,59113,0.2914,transitando
9,1705090800,17679,77231,233,2518,3963,1167,-82,35,-121,72,-114,44134,0.4231,transitando
9,1705091100,17694,77141,437,2396,3910,280,-699,-220,-54,-128,-156,53889,0.3726,transitando
9,1705091400,17744,77116,127,2435,3934,1254,298,-31,196,157,-93,7328,0.3715,transitando
9,1705091700,17815,77156,233,2443,3922,823,387,-314,51,-43,-9,31380,0.3561,transitando
9,1705092000,17731,77144,404,2425,3926,1230,-196,-146,53,-204,-27,62676,0.3572,transitando
9,1705092300,17689,77076,126,2512,3906,431,100,19,170,-40,88,65049,0.3868,transitando
9,1705092600,17656,77004,409,2435,3936,496,-5,402,-3,-52,26,41840,0.256,transitando
9,1705092900,17573,76970,107,2573,3906,681,77,186,-207,-100,-18,32900,0.3877,transitando
9,1705093200,17482,77009,154,2441,3933,1074,18,23,78,37,30,44325,0.2833,transitando
9,1705093500,17373,76960,285,2440,3931,66,-278,73,83,-90,26,314,0.3213,transitando
9,1705093800,17350,77105,157,2505,3938,714,-6,-110,123,56,-46,21219,0.3742,transitando
9,1705094100,17405,77161,437,2493,3902,1544,-296,-59,28,40,23,43271,0.3043,transitando
9,1705094400,17433,77073,224,2465,3900,1542,-320,333,-51,23,70,16803,0.3535,transitando
9,1705094700,17500,77164,138,2503,3937,815,167,-9,48,115,156,46586,0.2398,transitando
9,1705095000,17593,77212,448,2377,3984,1007,194,-334,-110,53,-76,6219,0.4536,transitando
9,1705095300,17527,77214,158,2473,3934,1200,-118,-16,-109,43,14,1672,0.3469,transitando
9,1705095600,17505,77100,403,2462,3923,750,-264,535,-112,91,86,22328,0.2912,transitando
9,1705095900,17400,77031,513,2375,3968,806,154,67,81,-62,68,40209,0.4478,transitando
9,1705096200,17471,77024,161,2390,3976,990,-218,73,-149,2,-100,39616,0.426,transitando
9,1705096500,17547,77015,416,2342,3982,1001,354,-60,39,162,-19,63729,0.3536,transitando
9,1705096800,17474,77024,444,2360,3976,1741,-416,38,-229,35,43,26009,0.3374,transitando
9,1705097100,17390,77091,178,2447,3942,1537,-307,91,-307,97,-52,43604,0.4138,transitando
9,1705097400,17440,77014,288,2412,3912,1728,-217,29,80,-126,-59,3418,0.3325,transitando
9,1705097700,17334,77078,415,2450,3967,1008,241,56,125,-117,-7,16420,0.3573,transitando
9,1705098000,17215,77113,207,2392,3935,567,-10,-11,55,-75,-29,30389,0.3049,transitando
9,1705098300,17298,77233,369,2395,3969,499,-481,266,-23,-141,126,19492,0.4715,transitando
9,1705098600,17407,77209,171,2506,3987,751,403,325,56,7,-96,40244,0.3857,transitando
9,1705098900,17452,77243,455,2368,3968,1116,-56,31,37,62,24,61819,0.4516,transitando
9,1705099200,17529,77283,454,2418,3958,1144,59,2,-63,-24,-28,7396,0.4586,transitando
9,1705099500,17402,77266,338,2409,3934,-26,79,-47,-144,-86,117,2276,0.473,transitando
9,1705099800,17488,77293,66,2513,3939,1108,-88,394,-29,118,37,42841,0.4011,transitando
9,1705100100,17461,77359,347,2434,3921,1226,265,-3,-16,8,34,34438,0.4014,transitando
9,1705100400,17472,77256,135,2436,3907,937,-194,0,-74,-83,-68,34470,0.4817,transitando
9,1705100700,17546,77188,193,2481,3949,649,595,-131,-41,171,-45,36944,0.3627,transitando
9,1705101000,17579,77109,190,2507,3913,1035,-355,37,-105,-16,47,20697,0.301,transitando
9,1705101300,17481,77057,498,2415,3969,288,231,-136,-50,134,-39,23522,0.3474,transitando
9,1705101600,17490,76906,300,2460,3955,209,147,-51,-115,0,-16,52178,0.4359,transitando
9,1705101900,17514,76993,213,2464,3993,2222,21,-179,-70,-164,-65,54056,0.4354,transitando
9,1705102200,17493,77087,136,2512,3924,1026,-464,-3,102,-50,-55,1770,0.3627,transitando
9,1705102500,17507,77139,343,2447,3954,944,212,-351,-25,153,-33,44257,0.3293,transitando
9,1705102800,17381,77138,306,2428,3936,415,-59,38,-48,56,-59,29262,0.4034,transitando
9,1705103100,17341,77224,365,2425,3932,325,207,0,-29,106,69,42904,0.464,transitando
9,1705103400,17407,77201,295,2504,3977,1083,-50,-99,-97,21,4,24593,0.3793,transitando
9,1705103700,17443,77139,359,2408,3982,1283,-509,-43,-117,144,-37,42391,0.3378,transitando
9,1705104000,17503,77239,115,2507,3946,1053,422,-51,18,63,-98,56722,0.3486,transitando
9,1705104300,17561,77142,457,2385,3994,2142,184,-18,-38,-44,6,16356,0.4456,transitando
9,1705104600,17471,77141,295,2455,3954,1801,-117,240,-12,-77,78,65479,0.3864,transitando
9,1705104900,17506,77102,182,2494,3985,679,-77,92,0,-11,-119,23974,0.3666,transitando
9,1705105200,17455,77137,467,2444,3944,1903,50,-310,-26,-29,-117,34670,0.3683,transitando
9,1705105500,17421,77084,196,2512,3954,1033,200,-32,17,-27,26,8765,0.4283,transitando
9,1705105800,17367,77055,202,2449,3989,455,74,-45,-114,-18,110,62094,0.2587,transitando
9,1705106100,17413,76954,70,2443,3921,1140,413,-501,-4,-121,44,4683,0.3493,transitando
9,1705106400,17295,76946,356,2375,3973,1232,98,164,266,-168,-5,33868,0.429,transitando
9,1705106700,17299,77019,302,2427,3914,1994,-408,-374,50,5,-29,15210,0.4189,transitando
9,1705107000,17223,77052,397,2429,3969,487,245,76,-12,30,18,375,0.5643,transitando
9,1705107300,17240,77068,310,2360,3921,1490,236,244,77,-138,-27,10431,0.3551,transitando
9,1705107600,17240,77135,227,2499,3903,1244,-656,-115,33,38,3,55497,0.4305,transitando
9,1705107900,17240,77073,80,2513,3925,1231,154,-322,76,-131,-72,58257,0.4053,transitando
9,1705108200,17233,77014,265,2457,3905,1542,67,-160,-41,85,-17,8701,0.4268,transitando
9,1705108500,17166,77074,486,2405,3919,2419,117,111,227,-23,-47,58471,0.3398,transitando
9,1705108800,17112,77223,282,2441,3964,-108,-18,-654,128,-58,89,1554,0.558,busca
9,1705109100,17117,77249,1528,2237,3923,-226,1895,-1745,-1,30,31,13216,0.395,busca
9,1705109400,17151,77252,1022,2278,3905,367,-213,-798,87,-411,-131,18849,0.4221,busca
9,1705109700,17145,77306,1390,2205,3945,-481,71,-1354,315,-230,68,8475,0.406,busca
9,1705110000,17133,77214,808,2326,3980,-357,580,198,191,474,0,31320,0.5715,busca
9,1705110300,17155,77216,1793,2110,3926,772,666,-172,27,69,-65,63725,0.3679,busca
9,1705110600,17206,77209,614,2362,3942,289,209,-769,-161,-399,102,38247,0.5652,busca
9,1705110900,17215,77196,319,2419,3956,627,-1119,-704,-57,119,142,29294,0.368,busca
9,1705111200,17195,77095,1952,2059,3992,1585,-465,-526,-177,-51,-15,15006,0.392,busca
9,1705111500,17277,77090,1311,2254,3962,-1354,1749,-771,-148,-157,139,53362,0.5744,busca
9,1705111800,17300,77077,641,2379,3909,2715,1019,-922,-50,124,335,49593,0.3634,busca
9,1705112100,17241,77115,1541,2192,3938,251,1281,171,55,-4,103,41455,0.6218,busca
9,1705112400,17270,77130,1195,2299,3983,-130,-248,-360,-75,-54,165,49126,0.3599,busca
9,1705112700,17332,77089,849,2345,3976,86,-376,112,206,-358,137,14253,0.4367,busca
9,1705113000,17368,77087,766,2212,3965,670,269,-25,-87,234,-139,55795,0.485,busca
9,1705113300,17446,77129,1914,2134,3921,639,821,-208,41,220,-72,19518,0.5256,busca
9,1705113600,17444,77142,1638,2194,3960,475,128,21,-311,-89,38,46667,0.5188,busca
9,1705113900,17462,77139,1020,2343,3985,1013,-607,157,-78,108,-54,9733,0.4808,busca
9,1705114200,17403,77233,695,2397,3905,-700,-1758,-1104,-443,164,-34,60644,0.5362,busca
9,1705114500,17406,77265,1745,2138,3936,710,1701,306,-19,-28,-72,46074,0.4094,busca
10,1705028400,558683,-1730550,1648,2199,3921,-441,704,-590,-284,60,-133,47683,0.2768,busca
10,1705028700,558684,-1730702,424,2335,3979,923,-651,-558,-426,-222,131,23854,0.4572,busca
10,1705029000,558700,-1730827,1200,2192,3938,2214,-1108,-1449,-446,-180,-268,20302,0.4791,busca
10,1705029300,558708,-1730699,1379,2208,3977,-819,146,-315,47,140,30,49534,0.4113,busca
10,1705029600,558804,-1730697,1712,2199,3959,1644,1011,-581,-33,-17,222,4210,0.5094,busca
10,1705029900,558772,-1730744,1814,2157,3989,-1176,20,-700,-40,211,-56,57836,0.5301,busca
10,1705030200,558758,-1730752,1311,2268,3966,1887,628,-259,0,81,-14,60315,0.4114,busca
10,1705030500,558695,-1730837,1035,2268,3978,273,107,516,330,-6,48,56555,0.4974,busca
10,1705030800,558735,-1730767,869,2364,3980,-565,-745,-58,-172,-70,-52,32314,0.3468,busca
10,1705031100,558826,-1730845,1688,2166,3906,-456,-133,-233,130,105,-84,3077,0.4713,busca
10,1705031400,558873,-1730860,1194,2234,3990,1186,121,-971,-171,328,254,27749,0.3077,busca
10,1705031700,558824,-1730979,819,2403,3941,2450,39,-661,159,51,-161,11444,0.4449,busca
10,1705032000,558851,-1730900,1732,2131,3998,428,-371,311,-555,-6,212,60141,0.4181,busca
10,1705032300,558801,-1730964,886,2379,3960,1929,-169,204,214,-82,-28,52307,0.256,busca
10,1705032600,558798,-1730839,1257,2236,3920,-641,672,-1096,-469,-206,220,13125,0.5121,busca
10,1705032900,558791,-1730892,988,2298,3968,736,-241,-63,242,251,145,25759,0.3605,busca
10,1705033200,558822,-1730736,1686,2163,3942,-429,383,-626,-10,-48,15,8218,0.3854,busca
10,1705033500,558817,-1730639,1399,2202,3972,132,1057,57,39,-71,19,16991,0.4333,busca
10,1705033800,558774,-1730529,1159,2283,3926,114,-856,-226,36,-2,-35,34696,0.4583,busca
10,1705034100,558827,-1730539,335,2376,3963,878,487,-1697,-90,138,308,13472,0.425,busca
10,1705034400,558845,-1730392,1435,2203,3988,584,247,-298,299,-308,85,51212,0.4399,busca
10,1705034700,558778,-1730295,799,2320,3978,337,229,299,-60,-228,235,1795,0.4676,busca
10,1705035000,558739,-1730270,1207,2301,3981,342,-164,-973,277,-96,24,491,0.4773,busca
10,1705035300,558749,-1730049,487,2428,3922,7,1416,174,156,-228,-142,18757,0.5036,busca
10,1705035600,558733,-1729997,1266,2170,3984,93,316,-1047,-70,159,127,49858,0.325,busca
10,1705035900,558695,-1729880,898,2417,3925,1812,687,-851,-36,-222,-114,21370,0.3419,busca
10,1705036200,558638,-1729816,1764,2155,3929,-253,616,55,-348,-151,-2,12957,0.4327,busca
10,1705036500,558655,-1729775,411,2436,3940,3,-1047,-382,-7,99,70,64234,0.3379,busca
10,1705036800,558714,-1729945,1079,2280,3968,-68,-164,-424,65,87,-8,31536,0.426,busca
10,1705037100,558671,-1729829,1107,2189,3985,-817,428,257,-24,89,-184,54539,0.3825,busca
10,1705037400,558656,-1729714,664,2287,3932,812,1588,100,114,20,-50,46708,0.4571,busca
10,1705037700,558643,-1729769,1663,2157,3909,354,342,-273,-250,131,78,26676,0.4007,busca
10,1705038000,558612,-1729676,1172,2260,3994,250,1772,-634,165,-228,138,36063,0.4109,busca
10,1705038300,558706,-1729773,1667,2202,3995,-268,-789,-675,379,21,-17,1805,0.5431,busca
10,1705038600,558714,-1729792,1089,2389,3949,590,884,-768,114,108,5,54614,0.5042,busca
10,1705038900,558688,-1729840,855,2289,3922,1616,69,-689,-112,1,153,10122,0.4862,busca
10,1705039200,558710,-1729903,930,2378,3971,34,1106,-357,70,97,1,43448,0.4865,busca
10,1705039500,558747,-1729842,1978,2061,3978,801,208,-1461,33,153,109,43427,0.4858,busca
10,1705039800,558709,-1729779,1887,2149,3985,765,-5,-483,120,-91,42,9566,0.4826,busca
10,1705040100,558703,-1729635,796,2267,3906,860,586,-386,27,102,33,36351,0.496,busca
10,1705040400,558761,-1729572,1768,2191,3943,576,752,-327,-20,18,184,24031,0.4823,busca
10,1705040700,558832,-1729463,353,2294,3944,-310,-132,-220,69,-202,-23,47416,0.4487,busca
10,1705041000,558810,-1729392,407,2424,3987,1089,-580,-1161,-194,225,-98,51755,0.5073,busca
10,1705041300,558837,-1729415,882,2364,3985,1420,-238,-498,388,181,345,20912,0.4386,busca
10,1705041600,558822,-1729284,1185,2205,3967,833,-290,-379,167,-171,269,29685,0.6417,busca
10,1705041900,558822,-1729211,659,2411,3996,752,-151,-945,-293,231,38,20259,0.5691,busca
10,1705042200,558800,-1729192,410,2408,3960,1156,887,65,158,66,-60,24933,0.4231,busca
10,1705042500,558727,-1729280,827,2342,3971,1579,-826,-13,-188,185,-157,37830,0.508,busca
10,1705042800,558707,-1729244,584,2350,3986,637,313,-953,-77,312,272,47234,0.5591,busca
10,1705043100,558736,-1729279,763,2348,3985,-459,791,188,275,290,137,5710,0.5414,busca
10,1705043400,558742,-1729339,653,2310,3962,317,-877,-960,9,-157,103,44828,0.4521,busca
10,1705043700,558728,-1729266,1249,2162,3961,249,898,-404,-111,-80,96,14255,0.3699,busca
10,1705044000,558612,-1729305,1104,2310,3903,-1059,842,-777,69,-61,86,32199,0.562,busca
10,1705044300,558607,-1729263,651,2361,3983,303,-1176,-1318,-23,227,-126,8895,0.458,busca
10,1705044600,558548,-1729363,753,2443,3970,-481,1148,-1002,-139,-158,-31,22985,0.4883,busca
10,1705044900,558568,-1729271,1831,2195,3921,1451,919,-580,-233,106,-162,9829,0.4217,busca
10,1705045200,558532,-1729311,1459,2125,3940,249,-187,477,-109,117,-179,21362,0.5308,busca
10,1705045500,558537,-1729362,433,2327,3962,2512,-450,-1168,131,129,-31,14746,0.4427,busca
10,1705045800,558546,-1729479,1271,2247,3899,1561,-227,-981,193,41,100,10656,0.5995,busca
10,1705046100,558519,-1729420,1951,2073,3929,-831,1123,-208,254,-48,-142,34433,0.434,busca
10,1705046400,558547,-1729394,816,2391,3991,1171,250,-1098,-142,-59,185,19584,0.5519,busca
10,1705046700,558532,-1729441,1880,2162,3989,806,987,-715,-199,-242,1,51274,0.4889,busca
10,1705047000,558593,-1729296,1668,2092,3914,-1030,292,-293,-18,243,-52,8979,0.491,busca
10,1705047300,558536,-1729235,1163,2303,3930,1668,-1086,356,-169,-21,-82,56934,0.5568,busca
10,1705047600,558506,-1729218,1238,2238,3936,738,-1058,-569,185,-1,138,22526,0.5711,busca
10,1705047900,558517,-1729263,403,2328,3942,980,848,-342,58,223,-60,2451,0.5566,busca
10,1705048200,558527,-1729255,1259,2271,3980,684,-842,-967,180,381,135,21571,0.6747,busca
10,1705048500,558558,-1729323,566,2363,3904,-104,1623,-991,203,-170,-247,45592,0.4859,busca
10,1705048800,558626,-1729335,961,2416,3948,-489,618,-2374,469,-125,-35,3208,0.6851,forrageando
10,1705049100,558643,-1729297,756,2389,3938,-857,1361,-1139,-26,751,565,35233,0.6885,forrageando
10,1705049400,558663,-1729301,1476,2163,3938,2061,-756,-1616,1009,74,202,62651,0.5852,forrageando
10,1705049700,558644,-1729329,392,2360,3959,665,-847,-103,506,236,207,47117,0.6653,forrageando
10,1705050000,558633,-1729335,2491,467,3953,-2053,-178,-310,304,-116,-132,3671,0.5914,forrageando
10,1705050300,558621,-1729338,7293,1026,3979,258,206,-2266,-91,-526,-464,16995,0.6132,forrageando
10,1705050600,558626,-1729285,4349,662,3964,-839,2330,-635,1,343,166,20241,0.6086,forrageando
10,1705050900,558629,-1729228,2747,417,3899,861,-799,-1447,615,47,329,10194,0.4548,forrageando
10,1705051200,558695,-1729176,3401,521,3912,-2055,-1523,-238,-1018,725,-676,42414,0.5607,forrageando
10,1705051500,558706,-1729168,7652,988,3927,2113,1158,-1859,-502,466,-18,21889,0.5743,forrageando
10,1705051800,558704,-1729249,5185,734,3968,-1449,-4396,-902,-16,-676,239,28880,0.4239,forrageando
10,1705052100,558708,-1729218,4365,695,3948,166,-697,-2383,-224,-877,-353,24623,0.5238,forrageando
10,1705052400,558705,-1729264,3163,426,3925,1250,-2053,-2407,-931,152,-158,17517,0.5619,forrageando
10,1705052700,558692,-1729323,2600,400,3901,-869,-3435,-987,-656,103,-51,50036,0.5644,forrageando
10,1705053000,558661,-1729310,3788,564,3947,-884,701,-1412,331,71,264,50019,0.7322,forrageando
10,1705053300,558668,-1729270,6547,968,3918,-704,-2995,-1344,405,-756,290,34466,0.4828,forrageando
10,1705053600,558616,-1729365,4780,668,3918,1711,-2183,518,-128,413,-791,1146,0.3916,forrageando
10,1705053900,558565,-1729292,6950,822,3972,2242,4248,-2821,-78,-626,16,12563,0.5004,forrageando
10,1705054200,558579,-1729257,7794,1042,3969,4543,1911,-1442,238,320,156,46210,0.5059,forrageando
10,1705054500,558579,-1729210,3946,645,3930,554,-2116,-690,1249,846,0,11397,0.3792,forrageando
10,1705054800,558599,-1729256,6735,764,3938,1061,-1595,-2103,-371,-510,-134,319,0.5195,forrageando
10,1705055100,558611,-1729255,4744,681,3949,-2613,2471,-1679,-84,-79,-235,34492,0.535,forrageando
10,1705055400,558617,-1729271,5836,766,3918,-677,2261,-617,-191,353,24,15499,0.627,forrageando
10,1705055700,558613,-1729247,6960,857,3934,-156,-1009,-880,-334,-586,-143,64775,0.6331,forrageando
10,1705056000,558617,-1729227,7935,936,3990,10,2717,-2383,136,-411,197,48956,0.5376,forrageando
10,1705056300,558633,-1729216,2224,272,3974,-1202,2324,-1421,-468,-829,-18,46088,0.5584,forrageando
10,1705056600,558644,-1729238,5909,754,3954,-2046,1447,-1596,-113,-671,119,14229,0.3857,forrageando
10,1705056900,558647,-1729174,4476,731,3961,-1691,-1142,-416,-668,626,134,2187,0.5913,forrageando
10,1705057200,558630,-1729150,4442,633,3959,-2902,216,-494,1016,220,48,11952,0.5134,forrageando
10,1705057500,558615,-1729063,3815,588,3984,2543,-901,654,412,315,186,20275,0.5137,forrageando
10,1705057800,558635,-1729133,6249,808,3919,-354,-1709,-836,-279,511,-278,15033,0.3648,forrageando
10,1705058100,558613,-1728917,2474,534,3972,798,-2545,-466,107,-350,-21,48867,0.5012,forrageando
10,1705058400,558608,-1728901,3193,621,3956,985,-264,-168,-54,-109,455,31668,0.5043,forrageando
10,1705058700,558626,-1728840,6561,859,3952,392,3741,-1271,470,-177,447,27416,0.5493,forrageando
10,1705059000,558576,-1728815,2335,435,3924,-2,-295,-1960,280,218,-96,25641,0.4243,forrageando
10,1705059300,558542,-1728998,3034,493,3976,-503,972,-2277,391,-493,155,43819,0.6552,forrageando
10,1705059600,558558,-1729001,7905,941,3951,2831,9,-301,378,-258,-325,62890,0.4204,forrageando
10,1705059900,558485,-1729013,2108,2019,3980,1544,-1417,-423,59,-56,62,874,0.3085,busca
10,1705060200,558415,-1728987,3817,1764,3969,-1140,-171,-9,94,-267,-71,6533,0.5059,busca
10,1705060500,558441,-1728994,1368,2283,3986,1456,498,-666,-70,58,-211,10558,0.4642,busca
10,1705060800,558529,-1728971,2329,2050,3986,542,100,-278,296,12,160,12211,0.4799,busca
10,1705061100,558506,-1728893,1092,2252,3973,2233,967,-624,-24,-75,113,26673,0.5291,busca
10,1705061400,558487,-1728919,3670,1689,3931,797,-853,110,-251,-91,-39,33249,0.4091,busca
10,1705061700,558444,-1728998,1072,2264,3956,-536,1436,-1184,114,320,-251,23151,0.6441,busca
10,1705062000,558433,-1729021,1643,2151,3940,-1722,-931,-782,221,-88,299,19712,0.3877,busca
10,1705062300,558361,-1728975,3901,1669,3992,837,349,-1465,-199,-143,193,60766,0.4864,busca
10,1705062600,558385,-1728925,3214,1867,3980,799,-585,-378,-51,-284,127,45975,0.489,busca
10,1705062900,558332,-1728832,1386,2172,3942,806,-815,-257,356,-237,-52,45464,0.4126,busca
10,1705063200,558365,-1728742,1794,2099,3979,772,73,-976,56,-231,27,14665,0.5155,busca
10,1705063500,558365,-1728763,3076,1806,3906,-238,1171,-1050,237,153,-122,28677,0.4145,busca
10,1705063800,558423,-1728629,3056,1879,3935,1418,-537,-521,-326,475,-94,32861,0.5578,busca
10,1705064100,558389,-1728597,3518,1726,3967,-88,-392,-520,129,398,252,14803,0.3748,busca
10,1705064400,558403,-1728701,2497,2052,3900,2212,36,-193,-166,336,-45,21108,0.4431,busca
10,1705064700,558448,-1728770,2558,2024,3923,-145,288,154,-273,-277,-318,10698,0.4171,busca
10,1705065000,558387,-1728846,1619,2160,3916,-247,1211,282,234,-52,66,698,0.3963,busca
10,1705065300,558449,-1728868,2298,2073,3936,2249,741,-804,64,-179,64,8259,0.4027,busca
10,1705065600,558372,-1728901,1748,2150,3934,-1059,-573,-946,-20,179,129,44906,0.2988,busca
10,1705065900,558469,-1728798,3222,1884,3927,282,702,-348,36,52,178,20142,0.3521,busca
10,1705066200,558471,-1728702,1909,2137,3982,-123,-897,216,-51,-33,58,54781,0.3468,busca
10,1705066500,558396,-1728948,3143,1846,3994,238,1218,-983,137,33,-186,27465,0.4172,busca
10,1705066800,558376,-1728990,1004,2346,3964,392,158,216,-12,-69,253,32108,0.5114,busca
10,1705067100,558412,-1729039,3171,1849,3933,2865,-214,-455,129,175,51,54193,0.4598,busca
10,1705067400,558355,-1729119,2882,1928,3914,-1431,347,-144,-494,-384,-56,21239,0.3386,busca
10,1705067700,558397,-1729316,3443,1778,3979,1141,-709,-494,163,93,102,47610,0.3522,busca
10,1705068000,558328,-1729485,3041,1968,3997,887,-341,8,-291,106,166,8029,0.3289,busca
10,1705068300,558443,-1729367,2344,2024,3906,1399,-385,-362,110,15,19,2873,0.3819,busca
10,1705068600,558523,-1729343,3220,1932,3962,2332,389,-791,12,176,-39,20268,0.36,busca
10,1705068900,558569,-1729400,3567,1791,3933,2613,-1045,642,-397,-196,294,29166,0.3401,busca
10,1705069200,558495,-1729235,1303,2276,3918,1405,2498,-413,-182,-313,-198,37277,0.3191,busca
10,1705069500,558571,-1729204,2006,1961,3907,1274,-749,-1104,-25,-185,-126,25922,0.3881,busca
10,1705069800,558602,-1729077,1912,2028,3899,322,-3,-389,31,-169,246,882,0.4983,busca
10,1705070100,558604,-1729142,3144,1787,3917,1770,-506,-388,128,-328,-187,57186,0.3867,busca
10,1705070400,558631,-1729066,3654,1732,3963,173,-544,-847,-94,-80,-137,36639,0.3598,busca
10,1705070700,558605,-1729013,3139,1841,3987,-546,-279,-394,457,-109,-196,46487,0.4015,busca
10,1705071000,558570,-1729063,2580,2038,3985,1852,996,318,370,267,-77,48509,0.3281,busca
10,1705071300,558420,-1729106,1749,2135,3916,-581,293,-250,-341,21,33,60871,0.3116,busca
10,1705071600,558539,-1728972,1201,2280,3992,2881,-882,-801,92,-289,11,14538,0.358,busca
10,1705071900,558496,-1729062,2674,1950,3975,-647,-758,379,-42,227,311,47383,0.437,busca
10,1705072200,558474,-1728982,1972,2119,3958,868,452,231,303,-73,-198,65513,0.3695,busca
10,1705072500,558431,-1728908,3362,1831,3964,192,170,-685,162,483,-143,37082,0.3539,busca
10,1705072800,558519,-1728922,2983,1890,3960,-290,1402,-1312,68,-30,-68,21597,0.3219,busca
10,1705073100,558439,-1729115,63,2500,3921,674,247,-26,204,12,5,27759,0.3377,transitando
10,1705073400,558468,-1728928,225,2496,3934,330,-59,73,-113,53,-21,2161,0.4085,transitando
10,1705073700,558490,-1728767,350,2402,3912,1388,-38,-208,-81,13,-81,42403,0.3872,transitando
10,1705074000,558540,-1728885,249,2470,3980,1200,119,17,-3,-335,-37,23116,0.3953,transitando
10,1705074300,558478,-1728970,119,2458,3987,1869,196,215,151,-57,86,7324,0.3875,transitando
10,1705074600,558459,-1729098,253,2429,3923,1789,-427,-89,0,27,-2,52704,0.4106,transitando
10,1705074900,558425,-1728985,275,2396,3910,1469,221,-49,-161,98,-52,48151,0.2342,transitando
10,1705075200,558464,-1729113,242,2484,3957,676,75,-39,-127,131,73,47939,0.3371,transitando
10,1705075500,558389,-1728995,107,2405,3957,1319,480,-90,-130,-36,14,5345,0.3961,transitando
10,1705075800,558440,-1728986,365,2446,3903,956,306,-152,-162,42,19,59746,0.3066,transitando
10,1705076100,558330,-1728865,379,2379,3906,848,303,-170,206,11,45,10841,0.5371,transitando
10,1705076400,558326,-1728831,403,2362,3904,985,-158,-27,-75,171,7,12642,0.4753,transitando
10,1705076700,558369,-1728741,323,2452,3937,1617,-43,23,-168,18,-85,52564,0.3388,transitando
10,1705077000,558463,-1728876,498,2404,3926,1180,71,62,-24,69,-43,55885,0.2701,transitando
10,1705077300,558519,-1729008,384,2394,3984,1041,269,81,-52,-178,2,3354,0.3228,transitando
10,1705077600,558502,-1728798,193,2476,3924,1104,153,-132,-84,42,-48,52156,0.4155,transitando
10,1705077900,558442,-1728747,284,2384,3918,981,12,-205,-261,-8,-23,35221,0.3836,transitando
10,1705078200,558402,-1728780,405,2432,3993,1387,41,-94,0,171,-62,18099,0.3296,transitando
10,1705078500,558345,-1728544,447,2410,3968,929,-29,-251,36,-74,30,24243,0.3654,transitando
10,1705078800,558255,-1728540,316,2379,3989,284,-215,6,96,-39,44,19473,0.3199,transitando
10,1705079100,558278,-1728266,327,2407,3960,655,107,-31,146,-3,-2,2461,0.1933,transitando
10,1705079400,558185,-1728169,432,2414,3984,1446,-362,40,64,55,133,52609,0.2719,transitando
10,1705079700,558162,-1727931,486,2413,3994,838,180,-310,-22,-123,8,27609,0.2536,transitando
10,1705080000,558079,-1727831,242,2543,3979,0,-161,-66,-68,-284,-61,64074,0.2823,transitando
10,1705080300,558009,-1727622,469,2297,3974,551,149,-285,-68,-169,31,23045,0.4201,transitando
10,1705080600,558131,-1727613,197,2401,3990,1582,177,-517,26,-146,53,61466,0.1757,transitando
10,1705080900,558226,-1727715,269,2437,3910,853,-159,-497,27,16,72,50710,0.2559,transitando
10,1705081200,558197,-1727526,475,2454,3934,1257,149,-202,-28,-125,-14,17896,0.2722,transitando
10,1705081500,558081,-1727575,91,2460,3944,918,-43,43,-83,129,24,13557,0.2516,transitando
10,1705081800,558143,-1727749,416,2408,3986,760,-243,249,-111,114,10,62065,0.2935,transitando
10,1705082100,558268,-1727832,285,2415,3948,613,151,-568,118,-152,41,45408,0.2661,transitando
10,1705082400,558270,-1728099,87,2571,3953,1269,92,-357,1,67,-80,16023,0.3659,transitando
10,1705082700,558230,-1728210,70,2464,3898,1174,72,-27,53,67,-46,20936,0.2294,transitando
10,1705083000,558280,-1728037,155,2514,3967,1277,438,125,202,-161,22,14946,0.2856,transitando
10,1705083300,558361,-1727876,431,2456,3991,1266,-2,193,-48,-39,-35,51272,0.4115,transitando
10,1705083600,558449,-1728008,74,2430,3942,1417,-191,73,20,168,23,1934,0.3145,transitando
10,1705083900,558555,-1728020,289,2456,3911,671,-325,342,-32,54,7,46306,0.3527,transitando
10,1705084200,558470,-1727887,452,2403,3948,1086,-296,-92,181,-47,-39,15416,0.249,transitando
10,1705084500,558496,-1727728,460,2365,3947,425,-308,184,36,-19,-55,65429,0.3092,transitando
10,1705084800,558388,-1727544,481,2371,3961,1246,289,-521,19,-82,-25,40615,0.3757,transitando
10,1705085100,558327,-1727556,244,2446,3977,1025,296,50,100,27,-28,21880,0.2775,transitando
10,1705085400,558435,-1727490,411,2402,3954,823,271,228,-91,172,13,13121,0.238,transitando
10,1705085700,558422,-1727281,102,2427,3993,1412,-842,-118,-100,10,-84,43466,0.3269,transitando
10,1705086000,558522,-1727350,59,2543,3918,1284,49,-129,176,135,12,18471,0.3015,transitando
10,1705086300,558398,-1727501,89,2567,3903,1272,-156,-57,231,-93,84,40212,0.2976,transitando
10,1705086600,558305,-1727395,455,2430,3963,812,913,-142,40,-24,-10,50956,0.3805,transitando
10,1705086900,558347,-1727457,439,2447,3925,1083,247,395,-136,-27,26,47332,0.3914,transitando
10,1705087200,558404,-1727473,60,2457,3901,1071,-315,93,33,-7,22,40522,0.3531,transitando
10,1705087500,558442,-1727500,454,2384,3925,872,282,91,-12,-82,15,38821,0.3084,transitando
10,1705087800,558534,-1727313,361,2476,3917,1129,-118,-145,149,-25,39,26090,0.3672,transitando
10,1705088100,558441,-1727353,271,2473,3979,1055,82,-217,-174,-79,40,40283,0.3098,transitando
10,1705088400,558326,-1727336,83,2493,3901,638,583,470,-68,-66,69,32129,0.4626,transitando
10,1705088700,558371,-1727216,246,2515,3901,876,-92,6,-85,-36,-28,12094,0.3451,transitando
10,1705089000,558464,-1727254,190,2424,3921,954,102,-174,-26,-17,21,56153,0.4065,transitando
10,1705089300,558550,-1727266,437,2395,3906,935,-208,116,1,-57,17,13186,0.3337,transitando
10,1705089600,558508,-1727075,201,2445,3976,1086,-126,-292,-69,-40,-33,35850,0.3429,transitando
10,1705089900,558532,-1727315,127,2407,3911,589,-153,-254,-95,-50,3,63751,0.4383,transitando
10,1705090200,558458,-1727313,355,2410,3930,952,523,185,-171,-19,47,30394,0.3833,transitando
10,1705090500,558388,-1727274,158,2549,3952,1071,456,165,5,-58,-19,50054,0.3664,transitando
10,1705090800,558324,-1727269,197,2523,3974,856,234,418,34,42,-40,48069,0.4303,transitando
10,1705091100,558273,-1727196,164,2560,3941,636,72,26,-21,89,25,13709,0.4021,transitando
10,1705091400,558192,-1727212,153,2513,3928,1206,65,7,63,108,58,16455,0.4356,transitando
10,1705091700,558166,-1727304,183,2506,3933,1489,-461,-143,-58,231,-48,54377,0.3774,transitando
10,1705092000,558114,-1727149,50,2505,3968,2112,-156,25,-11,173,-27,20000,0.4433,transitando
10,1705092300,558065,-1727046,223,2454,3983,1212,75,-135,-82,114,-80,55299,0.2605,transitando
10,1705092600,558203,-1727082,105,2447,3937,1011,-353,-22,16,3,-21,56470,0.2872,transitando
10,1705092900,558251,-1726840,306,2438,3955,607,195,314,-95,-92,79,26466,0.2472,transitando
10,1705093200,558224,-1726643,136,2512,3936,1263,104,-200,131,-45,-44,57979,0.3876,transitando
10,1705093500,558268,-1726539,378,2440,3920,1431,-136,-356,-76,-15,-56,4701,0.2433,transitando
10,1705093800,558187,-1726582,340,2564,3901,1675,520,-421,74,117,-6,19552,0.4146,transitando
10,1705094100,558246,-1726781,112,2523,3943,1316,-207,-15,-146,-209,-45,51012,0.5019,transitando
10,1705094400,558220,-1726754,142,2446,3898,197,737,197,145,-199,-8,42495,0.3333,transitando
10,1705094700,558140,-1726882,128,2518,3972,395,-84,-239,36,-21,30,1109,0.3357,transitando
10,1705095000,558063,-1726818,423,2388,3917,1526,-119,28,62,-83,77,17174,0.5121,transitando
10,1705095300,558085,-1726843,170,2406,3994,1118,-177,42,78,23,74,60444,0.3311,transitando
10,1705095600,558152,-1727015,117,2561,3932,367,495,-41,-49,-41,34,18091,0.5222,transitando
10,1705095900,558142,-1726972,88,2511,3931,1563,-15,301,-44,59,-26,53916,0.3871,transitando
10,1705096200,558069,-1727090,239,2433,3902,597,78,-96,0,-40,-45,49146,0.4795,transitando
10,1705096500,558111,-1726996,209,2416,3966,1010,-786,439,41,61,-71,20986,0.3607,transitando
10,1705096800,558042,-1727136,136,2549,3996,499,-208,171,78,86,-52,28011,0.3837,transitando
10,1705097100,558107,-1727039,105,2422,3996,1719,-173,91,-13,70,51,47270,0.3338,transitando
10,1705097400,558218,-1727028,267,2437,3967,523,197,-275,-115,77,25,6691,0.411,transitando
10,1705097700,558327,-1727054,280,2428,3994,1005,626,-239,-102,-68,-50,64625,0.316,transitando
10,1705098000,558389,-1727187,209,2475,3928,1070,296,-259,38,-97,33,63302,0.3402,transitando
10,1705098300,558472,-1727071,69,2537,3924,1251,177,-14,-274,24,-101,29454,0.3449,transitando
10,1705098600,558545,-1727208,200,2436,3899,1393,-722,-241,66,-145,-26,14760,0.4249,transitando
10,1705098900,558634,-1727244,169,2400,3904,60,-500,392,-87,-45,-6,59494,0.3374,transitando
10,1705099200,558742,-1727252,178,2487,3923,1106,144,20,-94,48,-57,57368,0.5501,transitando
10,1705099500,558755,-1727294,163,2434,3947,922,-248,14,146,-86,67,6735,0.389,transitando
10,1705099800,558797,-1727367,492,2447,3898,369,-290,96,-11,-24,-32,29006,0.3043,transitando
10,1705100100,558876,-1727303,419,2410,3907,1175,-184,43,-91,-130,13,30724,0.3359,transitando
10,1705100400,558980,-1727205,213,2633,3901,672,15,-28,-161,21,-53,31708,0.4066,transitando
10,1705100700,559043,-1727186,440,2427,3930,758,78,-35,38,112,30,56363,0.4132,transitando
10,1705101000,559061,-1727030,238,2391,3921,1640,-5,-394,69,-88,-12,54518,0.3582,transitando
10,1705101300,559053,-1727172,181,2542,3942,360,183,249,118,76,-111,57538,0.47,transitando
10,1705101600,559005,-1727290,276,2479,3911,1881,13,31,-315,-40,26,10455,0.3368,transitando
10,1705101900,558924,-1727434,261,2503,3933,620,-564,-42,-79,-123,-127,57196,0.4676,transitando
10,1705102200,558996,-1727480,198,2505,3945,26,-576,-438,-148,-102,9,27924,0.2935,transitando
10,1705102500,559044,-1727683,149,2437,3986,1422,-219,158,-69,52,47,35299,0.4022,transitando
10,1705102800,559036,-1727773,405,2438,3948,-7,250,228,-3,86,-135,56677,0.48,transitando
10,1705103100,559012,-1727870,453,2418,3982,461,98,55,43,-157,31,35277,0.296,transitando
10,1705103400,559100,-1727932,318,2433,3937,1815,-15,-200,-95,55,94,64169,0.4251,transitando
10,1705103700,559064,-1728063,367,2460,3947,1698,101,256,53,-81,-63,51873,0.3081,transitando
10,1705104000,559128,-1728224,140,2510,3904,866,-580,280,62,189,-52,30771,0.3823,transitando
10,1705104300,559025,-1728101,285,2374,3967,1339,-69,130,49,-115,-13,38110,0.3289,transitando
10,1705104600,559139,-1728143,432,2531,3918,1392,-106,-258,145,-83,-67,47502,0.4299,transitando
10,1705104900,559173,-1728049,280,2464,3922,2133,-482,31,-33,54,3,3964,0.4302,transitando
10,1705105200,559251,-1727948,328,2446,3911,1883,-81,-88,-156,54,-5,39733,0.3786,transitando
10,1705105500,559211,-1728045,276,2546,3950,924,786,204,3,81,-45,60506,0.3866,transitando
10,1705105800,559278,-1728056,184,2448,3901,1108,170,-293,83,16,36,61596,0.4135,transitando
10,1705106100,559243,-1727948,230,2471,3965,1440,-96,85,158,-127,47,27427,0.3826,transitando
10,1705106400,559233,-1728074,491,2320,3908,1048,-401,428,-95,146,124,31623,0.4376,transitando
10,1705106700,559269,-1728176,350,2385,3966,772,-153,324,-107,72,-82,9728,0.3944,transitando
10,1705107000,559240,-1728323,477,2440,3982,1079,-232,102,-110,84,30,47813,0.4206,transitando
10,1705107300,559176,-1728380,337,2410,3986,748,567,-101,65,-97,-6,41187,0.3656,transitando
10,1705107600,559080,-1728404,180,2426,3902,1640,36,165,78,-47,56,18500,0.4747,transitando
10,1705107900,559179,-1728348,464,2438,3926,217,-484,427,-176,-88,82,53036,0.4571,transitando
10,1705108200,559180,-1728439,476,2456,3950,931,56,-187,-38,-32,65,47252,0.468,transitando
10,1705108500,559167,-1728518,277,2472,3920,1371,-326,-495,65,-79,13,64019,0.4918,transitando
10,1705108800,559174,-1728369,347,2467,3943,92,29,-349,56,-172,18,12669,0.5145,transitando
10,1705109100,559147,-1728323,272,2500,3988,935,596,17,26,-13,9,7382,0.3662,transitando
10,1705109400,559085,-1728240,316,2443,3976,918,-155,-70,-79,27,-20,45182,0.519,transitando
10,1705109700,559086,-1728197,280,2448,3913,439,698,-1297,-76,157,-12,60483,0.4284,forrageando
10,1705110000,558999,-1728241,684,2357,3986,-589,-963,-2957,-282,-943,-196,59673,0.4488,forrageando
10,1705110300,558969,-1728215,1309,2189,3978,730,565,-945,-106,787,269,18696,0.4359,forrageando
10,1705110600,558989,-1728098,1312,2305,3987,-2717,100,-1961,428,195,-410,33896,0.4826,forrageando
10,1705110900,559066,-1728101,760,2374,3979,1069,1266,-1898,60,283,-225,42161,0.4446,forrageando
10,1705111200,559108,-1728144,1412,2201,3989,3110,-1266,-50,-104,118,184,59509,0.3066,forrageando
10,1705111500,559288,-1728220,1137,2224,3982,1540,-744,720,380,630,-20,53548,0.4561,forrageando
10,1705111800,559332,-1728156,1197,2300,3933,-1045,1918,-557,931,-102,147,51423,0.5468,forrageando
10,1705112100,559345,-1728168,770,2364,3956,376,1500,-1817,172,160,-132,2117,0.5052,forrageando
10,1705112400,559347,-1728209,956,2312,3980,-62,986,-1953,-1500,-458,318,43780,0.3102,forrageando
10,1705112700,559242,-1728300,1484,2248,3953,-906,573,-1609,-573,-784,-220,3552,0.4616,forrageando
10,1705113000,559290,-1728141,488,2396,3974,-2076,3293,-1953,1096,298,183,60432,0.315,forrageando
10,1705113300,559293,-1728003,964,2359,3916,3352,-725,-1763,421,-305,-249,19733,0.4832,forrageando
10,1705113600,559275,-1727754,317,2548,3953,5012,-2461,-1708,-381,-154,155,62934,0.47,forrageando
10,1705113900,559329,-1727801,415,2410,3972,122,-690,351,26,-514,321,53019,0.3691,forrageando
10,1705114200,559201,-1727865,837,2302,3956,-3010,-1028,-587,-139,-701,785,65510,0.392,forrageando
10,1705114500,559185,-1727712,1478,2236,3931,2819,-1706,-2984,193,-164,-40,38537,0.5005,forrageando
11,1705028400,579683,-26110,563,2392,3905,-698,-652,448,246,-280,-122,34677,0.307,busca
11,1705028700,579721,-25954,1452,2205,3986,-202,486,212,-29,-232,-70,36465,0.3008,busca
11,1705029000,579576,-25887,890,2320,3951,-15,2214,-401,-82,179,102,42821,0.497,busca
11,1705029300,579663,-25945,685,2346,3949,1326,-591,96,-92,-77,-70,20226,0.3592,busca
11,1705029600,579652,-25781,1524,2234,3974,650,572,-202,170,126,-67,65328,0.3177,busca
11,1705029900,579591,-25933,1150,2241,3981,1959,-477,283,-218,-142,-72,14640,0.4512,busca
11,1705030200,579584,-25780,957,2358,3985,-927,-1648,-320,310,-178,27,40254,0.399,busca
11,1705030500,579526,-25651,555,2379,3959,-658,949,-816,203,-111,-464,241,0.3678,busca
11,1705030800,579466,-25450,725,2444,3912,1760,-546,-570,138,198,21,16566,0.4716,busca
11,1705031100,579429,-25456,1890,2125,3939,1099,-1509,-895,19,-198,-2,42103,0.4018,busca
11,1705031400,579348,-25471,1597,2201,3905,745,370,-195,203,-36,-47,13520,0.3568,busca
11,1705031700,579305,-25697,513,2416,3967,1770,-1078,228,233,235,-179,58743,0.4873,busca
11,1705032000,579296,-25787,528,2408,3956,35,-334,-1206,195,43,-6,56316,0.441,busca
11,1705032300,579310,-25835,1176,2252,3949,1296,-636,-672,167,-181,-69,38562,0.4565,busca
11,1705032600,579249,-25798,953,2294,3954,571,-1247,-1201,276,-336,-132,47054,0.4385,busca
11,1705032900,579237,-25857,605,2346,3954,1483,-314,-1317,270,229,-103,1871,0.4233,busca
11,1705033200,579217,-25665,1114,2295,3913,2079,-92,-349,29,36,18,2672,0.4199,busca
11,1705033500,579229,-25766,937,2279,3939,-626,-289,-686,3,-114,-227,43396,0.5335,busca
11,1705033800,579228,-25785,1922,2041,3982,-142,-1235,-1421,472,45,5,45067,0.4465,busca
11,1705034100,579239,-25701,1560,2307,3951,729,-2218,-486,186,-257,44,4138,0.6127,busca
11,1705034400,579212,-25690,689,2497,3995,167,-1076,-1210,-24,176,8,20999,0.4347,busca
11,1705034700,579272,-25773,1530,2254,3996,23,-518,-972,-143,46,126,12904,0.3602,busca
11,1705035000,579232,-25674,777,2354,3946,2568,-295,1250,-326,118,-49,49716,0.3012,busca
11,1705035300,579164,-25823,1589,2223,3996,1991,366,-1241,-151,486,-21,18012,0.3916,busca
11,1705035600,579071,-25840,1084,2223,3960,-545,565,-544,538,-39,58,64131,0.6058,busca
11,1705035900,579054,-25793,1164,2263,3928,-826,-552,-320,165,-38,-129,51104,0.5234,busca
11,1705036200,579045,-25765,998,2268,3953,383,13,-390,24,207,-129,56899,0.4944,busca
11,1705036500,578992,-25777,1133,2310,3996,2627,-737,-1388,-138,48,101,35203,0.4341,busca
11,1705036800,579068,-25771,1352,2287,3992,-152,472,465,236,-227,-132,23957,0.4269,busca
11,1705037100,579014,-25706,740,2292,3972,1614,190,-985,-311,53,-160,27839,0.5024,busca
11,1705037400,579019,-25642,723,2392,3984,-757,-466,8,81,-228,140,62587,0.4641,busca
11,1705037700,579045,-25752,1129,2206,3998,-182,1056,-1140,-22,102,76,23420,0.5311,busca
11,1705038000,579062,-25687,983,2334,3928,676,-57,-653,-99,38,238,25558,0.4977,busca
11,1705038300,579015,-25860,1239,2143,3934,616,1401,516,-328,66,92,10724,0.4539,busca
11,1705038600,579070,-25849,461,2388,3997,852,-1303,395,334,-4,201,46444,0.4925,busca
11,1705038900,579098,-25640,734,2351,3980,1938,54,-713,0,-389,-2,15719,0.3801,busca
11,1705039200,578987,-25779,485,2414,3924,-1078,-11,-759,72,55,2,45559,0.3152,busca
11,1705039500,578969,-25885,1614,2131,3981,1893,-1108,-991,-285,-87,-181,24347,0.415,busca
11,1705039800,578916,-25881,1398,2248,3986,1268,-626,-927,224,-108,-56,1762,0.3911,busca
11,1705040100,578867,-25802,1034,2294,3995,356,-241,-187,-266,133,-35,22110,0.4587,busca
11,1705040400,578955,-26005,1694,2155,3980,1270,663,-644,0,-178,53,1355,0.435,busca
11,1705040700,578907,-26024,1846,2119,3966,209,-703,-766,215,-246,-66,45017,0.5247,busca
11,1705041000,578861,-25996,953,2375,3973,2850,-1274,-917,-157,-398,15,30119,0.5277,busca
11,1705041300,578856,-26026,745,2511,3948,2708,-693,-696,119,14,78,13873,0.4787,busca
11,1705041600,578817,-26095,1506,2243,3921,664,139,-1161,4,12,1,60519,0.5797,busca
11,1705041900,578777,-26135,377,2500,3984,1490,-54,-184,303,302,2,52987,0.5047,busca
11,1705042200,578747,-26098,799,2328,3968,-147,-1897,-1446,489,-262,-307,58019,0.5691,forrageando
11,1705042500,578787,-26167,1392,2191,3955,315,-1397,10,-225,100,546,12103,0.3426,forrageando
11,1705042800,578716,-26106,425,2448,3934,1196,4,502,-143,-86,-18,63860,0.3374,forrageando
11,1705043100,578604,-25970,1019,2366,3938,-1801,2268,429,-471,958,-53,16223,0.5362,forrageando
11,1705043400,578618,-26023,1357,2215,3980,258,1287,-1114,183,-102,-112,2103,0.3287,busca
11,1705043700,578457,-26053,331,2440,3939,1818,-162,-894,-126,-86,-92,19814,0.5123,busca
11,1705044000,578491,-26049,1416,2222,3942,511,-1559,-425,-102,91,-223,39828,0.5058,busca
11,1705044300,578465,-26033,951,2278,3934,7,1496,-465,-240,-5,-138,55453,0.5383,busca
11,1705044600,578483,-25936,1920,2207,3924,1156,1669,-92,-495,27,-34,76,0.4958,busca
11,1705044900,578418,-25996,1718,2163,3938,-1076,-1687,-1028,-218,-70,-397,50640,0.5087,busca
11,1705045200,578431,-25984,1469,2098,3981,2039,-612,-602,-43,151,-4,23687,0.4716,busca
11,1705045500,578430,-25792,1385,2229,3984,-145,554,333,197,240,188,24260,0.4252,busca
11,1705045800,578491,-25779,1168,2209,3946,-1896,53,-678,-85,98,7,41543,0.6012,busca
11,1705046100,578504,-25787,668,2428,3962,1595,971,-1006,-357,-41,279,15142,0.6002,busca
11,1705046400,578494,-25774,344,2449,3997,1399,-580,-282,258,-182,-126,46363,0.5922,busca
11,1705046700,578527,-25796,1447,2082,3941,2100,-1111,-510,-237,455,69,8290,0.5081,busca
11,1705047000,578515,-25842,719,2398,3985,1688,-1768,-373,102,113,111,10300,0.5094,busca
11,1705047300,578484,-25836,1733,2202,3986,-317,-950,-818,-116,-181,-190,27925,0.6235,busca
11,1705047600,578443,-25865,1748,2218,3900,-865,-1696,-131,63,-273,-50,53656,0.371,busca
11,1705047900,578524,-25890,686,2359,3931,560,250,-538,20,186,128,32056,0.4366,busca
11,1705048200,578414,-25847,1351,2255,3936,763,923,570,-359,131,138,39419,0.5286,busca
11,1705048500,578385,-25863,908,2321,3985,-347,965,-911,-7,41,-114,24429,0.511,busca
11,1705048800,578407,-25861,905,2249,3998,1855,660,-943,-271,-89,-14,32440,0.5191,busca
11,1705049100,578400,-25892,631,2380,3980,-537,-421,-511,-120,-108,52,38226,0.5457,busca
11,1705049400,578408,-25933,972,2255,3964,361,-229,26,-231,114,328,15707,0.4207,busca
11,1705049700,578424,-26027,1806,2122,3959,124,154,-48,361,57,-2,53570,0.4935,busca
11,1705050000,578479,-26000,2222,2074,3917,-439,-526,-835,-64,-151,-197,29883,0.4571,busca
11,1705050300,578442,-25880,1067,2237,3937,852,-179,-442,324,32,257,57818,0.5716,busca
11,1705050600,578457,-25868,2707,1996,3955,809,-610,-815,-409,30,62,34950,0.4599,busca
11,1705050900,578485,-26036,3020,1978,3916,700,-414,259,-6,-199,-267,4063,0.5071,busca
11,1705051200,578466,-26058,1753,2149,3964,1162,-1260,-953,55,61,124,18536,0.5992,busca
11,1705051500,578481,-26089,3549,543,3958,987,313,-711,337,177,-101,43880,0.5505,forrageando
11,1705051800,578458,-26091,5219,761,3937,-1333,629,-2499,-270,320,-147,17832,0.5578,forrageando
11,1705052100,578479,-26069,5417,722,3964,-1503,3887,-476,60,191,121,35923,0.6509,forrageando
11,1705052400,578471,-26094,6704,803,3912,2157,-743,42,-439,-729,-60,42325,0.5517,forrageando
11,1705052700,578493,-26153,4922,729,3916,1515,-2643,-587,387,-96,407,56232,0.5549,forrageando
11,1705053000,578486,-26181,5198,589,3918,-23,1758,-842,-666,-1213,24,38120,0.538,forrageando
11,1705053300,578480,-26160,4565,662,3991,-1714,-971,-544,450,-258,-414,54776,0.628,forrageando
11,1705053600,578494,-26156,4403,544,3960,3367,-879,-1445,-311,746,-307,50664,0.5308,forrageando
11,1705053900,578478,-26141,2688,390,3923,-2549,-2222,276,478,488,-275,11985,0.6567,forrageando
11,1705054200,578457,-26171,5357,790,3917,-854,453,-697,-136,-266,7,42373,0.5709,forrageando
11,1705054500,578452,-26220,7218,898,3922,-2042,-328,-116,25,-421,104,33959,0.4937,forrageando
11,1705054800,578425,-26198,2661,478,3959,-1980,-4107,1164,-236,-258,277,47581,0.5857,forrageando
11,1705055100,578450,-26153,4580,554,3912,1836,1460,-1020,155,332,574,2535,0.3465,forrageando
11,1705055400,578355,-26173,6684,863,3905,2345,385,-1393,487,421,12,43362,0.5226,forrageando
11,1705055700,578342,-26205,7297,900,3929,2222,-865,-426,-103,-235,274,56680,0.6493,forrageando
11,1705056000,578327,-26215,7351,1086,3987,693,-394,-420,438,-498,-28,30896,0.4815,forrageando
11,1705056300,578350,-26187,5362,677,3998,89,1259,392,-90,-1011,307,24828,0.4777,forrageando
11,1705056600,578376,-26115,7875,1020,3932,-132,2144,-797,-428,-213,-231,36125,0.6032,forrageando
11,1705056900,578362,-26156,7168,869,3925,369,1624,304,246,-1296,88,54618,0.4927,forrageando
11,1705057200,578397,-26140,6873,861,3926,-1124,-1593,347,-563,-216,-33,42027,0.6581,forrageando
11,1705057500,578420,-26128,6798,739,3996,-2996,-5015,-1883,635,154,-290,63347,0.5613,forrageando
11,1705057800,578419,-26156,5631,799,3965,-1968,1665,-552,-395,-780,-285,32416,0.5962,forrageando
11,1705058100,578426,-26113,2723,478,3921,917,614,569,-452,621,-314,43863,0.4907,forrageando
11,1705058400,578443,-26112,6374,822,3979,800,-1454,-937,-69,-513,-2,44100,0.4662,forrageando
11,1705058700,578428,-25979,3027,574,3906,-880,2158,-2013,-180,-138,44,53407,0.4296,forrageando
11,1705059000,578346,-25939,3686,522,3939,661,-835,-1056,89,253,-151,27143,0.489,forrageando
11,1705059300,578354,-25825,5026,703,3930,-2634,2742,-146,-174,425,115,56426,0.3923,forrageando
11,1705059600,578349,-25961,5928,914,3994,1012,-1668,-1481,-431,1004,-166,65196,0.3796,forrageando
11,1705059900,578307,-25885,6549,786,3972,-95,2765,-1295,-564,306,-204,3196,0.4537,forrageando
11,1705060200,578447,-25791,3303,499,3956,-1498,2090,227,-110,443,147,38278,0.4466,forrageando
11,1705060500,578514,-26011,3961,580,3997,420,-2080,-1574,170,1156,36,61948,0.4437,forrageando
11,1705060800,578475,-26112,5375,667,3992,-132,1699,-1714,-397,58,494,588,0.4314,forrageando
11,1705061100,578420,-26088,2113,386,3967,1676,654,-1389,407,-266,-435,14694,0.4212,forrageando
11,1705061400,578432,-25979,2711,489,3910,-1378,1362,-692,151,862,-224,24820,0.4529,forrageando
11,1705061700,578541,-25955,5909,795,3984,-849,-753,-961,-791,-110,-203,41290,0.4449,forrageando
11,1705062000,578620,-25880,4136,616,3959,-4587,700,-3062,-279,436,-2,56049,0.4937,forrageando
11,1705062300,578714,-25760,5507,818,3948,-428,-1128,-1454,582,-665,-428,6603,0.4138,forrageando
11,1705062600,578760,-25846,2111,423,3940,-935,-1579,-935,741,-452,309,41645,0.3999,forrageando
11,1705062900,578820,-25782,3177,537,3950,-3545,-733,-996,-756,-130,28,2929,0.4406,forrageando
11,1705063200,578839,-25940,3193,575,3933,-4244,-1926,-601,-204,367,-68,37667,0.4927,forrageando
11,1705063500,578835,-25864,5470,745,3945,516,-706,-102,-524,-712,-289,28478,0.4061,forrageando
11,1705063800,578927,-25744,2506,380,3916,-3903,-1999,-1055,318,-349,-13,3441,0.521,forrageando
11,1705064100,578920,-25738,3795,610,3975,-1506,-2038,-548,-67,-394,291,56689,0.4385,forrageando
11,1705064400,578946,-25787,2766,553,3970,-47,4094,-1453,354,102,434,44436,0.3895,forrageando
11,1705064700,578977,-25771,6984,840,3969,-1276,2313,-2880,-216,-129,-246,1013,0.468,forrageando
11,1705065000,578955,-25757,3490,604,3963,-2252,-1118,350,-1003,671,131,10687,0.5642,forrageando
11,1705065300,578964,-25833,3085,466,3961,3323,-296,-274,-598,-1018,373,6065,0.3083,forrageando
11,1705065600,578949,-26076,5382,761,3906,1008,482,-2383,-282,-390,591,5618,0.5427,forrageando
11,1705065900,578948,-26097,2159,427,3962,1814,870,205,378,268,-512,283,0.3242,forrageando
11,1705066200,578894,-26049,6017,819,3990,-364,859,-1126,-318,-794,21,8091,0.4252,forrageando
11,1705066500,578873,-26160,7556,928,3921,13,-455,-977,-1018,-567,-103,52525,0.426,forrageando
11,1705066800,578770,-26261,3905,566,3933,-3070,-2211,-1923,-352,801,148,46822,0.4987,forrageando
11,1705067100,578855,-26303,3337,499,3964,-1496,-1102,162,43,467,-356,39062,0.4018,forrageando
11,1705067400,578873,-26235,6409,833,3975,975,-110,-1779,-1208,369,-255,47717,0.3556,forrageando
11,1705067700,578865,-26328,6476,860,3910,-385,-2311,-1478,439,413,280,43042,0.4344,forrageando
11,1705068000,578963,-26449,7741,1024,3971,835,626,-1827,-225,433,-122,18872,0.4021,forrageando
11,1705068300,578906,-26562,6349,857,3909,166,1401,-73,-207,-408,-67,26497,0.3409,forrageando
11,1705068600,578974,-26581,2696,480,3975,577,-1833,-83,-1066,40,-564,16889,0.4022,forrageando
11,1705068900,578891,-26741,5482,733,3941,-45,-514,-3871,835,127,55,34216,0.419,forrageando
11,1705069200,578853,-26866,6428,834,3981,-2128,-2170,1037,194,-172,-96,26176,0.3846,forrageando
11,1705069500,578927,-26884,6188,860,3974,-2102,-889,-1880,721,-188,-150,34395,0.3283,forrageando
11,1705069800,578947,-26713,7191,939,3905,871,965,-866,-52,-97,-205,17258,0.2995,forrageando
11,1705070100,578779,-26536,5085,727,3995,1892,-203,-1682,1051,27,-706,11139,0.4544,forrageando
11,1705070400,578805,-26678,7466,954,3972,-1553,370,-671,317,-173,-273,34451,0.4224,forrageando
11,1705070700,578774,-26527,3715,689,3962,-2345,-2374,-2271,90,460,-442,27946,0.3504,forrageando
11,1705071000,578840,-26629,7204,927,3975,-3982,-2687,-716,-257,21,-155,46048,0.3528,forrageando
11,1705071300,578892,-26454,3600,683,3916,-313,-2174,-1971,109,-553,340,9600,0.4631,forrageando
11,1705071600,578945,-26566,4709,701,3957,190,769,-23,-266,-653,158,9239,0.3226,forrageando
11,1705071900,579069,-26705,7023,878,3966,2391,-1137,-667,479,-205,425,11580,0.2886,forrageando
11,1705072200,578906,-26941,6519,846,3947,-732,889,157,-446,184,-342,3167,0.3953,forrageando
11,1705072500,578866,-26933,6999,848,3936,-607,2690,-329,-248,-359,369,56611,0.3813,forrageando
11,1705072800,578882,-26995,5270,735,3962,767,-1386,-2370,-460,307,11,7223,0.3239,forrageando
11,1705073100,578854,-27120,4369,551,3949,2917,355,-1926,-205,144,391,5269,0.2206,forrageando
11,1705073400,578975,-26893,6376,808,3977,1221,562,-764,-625,-824,-278,58966,0.4103,forrageando
11,1705073700,578921,-27047,2792,469,3911,711,1206,-2456,-220,149,-177,39421,0.3024,forrageando
11,1705074000,578958,-27063,3532,509,3939,-1235,-3848,-1497,19,218,228,61411,0.3098,forrageando
11,1705074300,578997,-27096,7518,960,3977,1438,-1364,-366,-76,145,-322,1860,0.329,forrageando
11,1705074600,578894,-26939,4044,620,3982,2389,-439,-1905,999,732,-61,14041,0.3804,forrageando
11,1705074900,578903,-26885,7686,975,3971,-736,2003,-3213,-793,712,294,12227,0.2118,forrageando
11,1705075200,578848,-26714,7452,940,3916,-359,-1562,-3770,-193,410,188,48781,0.236,forrageando
11,1705075500,578737,-26823,3937,587,3932,-780,-575,-400,-665,-615,149,31229,0.3414,forrageando
11,1705075800,578689,-26708,3489,607,3997,88,5363,-48,191,-440,42,2707,0.3448,forrageando
11,1705076100,578726,-26450,3158,505,3993,-2893,-26,-86,-263,-600,254,56283,0.2694,forrageando
11,1705076400,578830,-26267,4914,711,3909,985,-645,975,245,-738,-31,46513,0.4368,forrageando
11,1705076700,578849,-26530,4920,689,3932,-932,2017,-1140,440,-1043,-221,61275,0.3137,forrageando
11,1705077000,578830,-26677,5954,783,3927,2076,-695,-2119,206,1002,-160,8602,0.2978,forrageando
11,1705077300,578827,-26512,4424,649,3964,1167,-781,-1148,-933,-418,-113,37999,0.3079,forrageando
11,1705077600,578837,-26396,2279,388,3969,-127,1807,-1093,-697,559,-78,21447,0.2896,forrageando
11,1705077900,578912,-26260,5922,758,3901,-2235,-1240,-709,150,-19,466,13993,0.3229,forrageando
11,1705078200,578982,-26546,4066,719,3921,-1001,-1182,-510,135,-884,268,58511,0.326,forrageando
11,1705078500,579053,-26810,7393,884,3942,-234,405,-247,-376,-289,292,56980,0.339,forrageando
11,1705078800,579016,-26727,6008,783,3926,365,-31,-1809,7,148,534,65030,0.3319,forrageando
11,1705079100,578942,-26746,2734,521,3965,-469,-1638,-4414,-393,252,94,31202,0.2938,forrageando
11,1705079400,578911,-27074,3346,601,3965,-50,-266,-498,474,338,329,30274,0.3795,forrageando
11,1705079700,578892,-27094,2458,446,3976,1107,2831,-1324,-186,-48,68,15403,0.3656,forrageando
11,1705080000,578916,-27073,3863,576,3978,822,-941,-412,-701,-804,-529,39058,0.2769,forrageando
11,1705080300,579034,-27097,7826,926,3948,-3236,261,-456,97,383,243,39634,0.3356,forrageando
11,1705080600,579037,-27283,1960,2175,3987,1688,-124,-875,351,137,-226,59777,0.3187,busca
11,1705080900,579018,-27518,2964,1870,3920,671,415,-406,262,89,-34,18823,0.3821,busca
11,1705081200,579061,-27560,183,2515,3981,1034,-45,-172,-43,54,21,4459,0.3357,transitando
11,1705081500,578959,-27437,175,2368,3949,1507,-399,21,-83,146,-21,99,0.4711,transitando
11,1705081800,579017,-27409,262,2475,3898,604,-413,-164,149,105,29,12826,0.3286,transitando
11,1705082100,579117,-27286,349,2433,3898,-259,-455,180,94,-58,-64,22738,0.2768,transitando
11,1705082400,579038,-27111,75,2515,3916,1542,144,98,-79,20,-63,21555,0.3096,transitando
11,1705082700,579008,-26910,156,2466,3937,1696,48,-91,-96,-238,-7,53690,0.2303,transitando
11,1705083000,578956,-27176,52,2463,3960,1272,-315,57,-3,-60,-12,58188,0.4246,transitando
11,1705083300,578941,-26994,362,2463,3980,261,446,-65,-152,167,13,26817,0.2883,transitando
11,1705083600,578999,-27190,380,2349,3918,882,156,-133,-71,25,59,9266,0.2649,transitando
11,1705083900,579131,-27352,293,2456,3933,1972,-277,-157,-12,-111,0,48724,0.3252,transitando
11,1705084200,579000,-27209,489,2437,3913,915,269,150,98,-51,-43,21357,0.1831,transitando
11,1705084500,579016,-27405,109,2473,3929,561,264,-1,-24,106,8,37933,0.2221,transitando
11,1705084800,579128,-27335,462,2364,3977,1199,-318,311,-86,-139,16,12403,0.268,transitando
11,1705085100,579168,-27132,155,2503,3981,1460,262,316,29,163,-24,59165,0.2888,transitando
11,1705085400,579096,-27201,56,2582,3949,1592,-236,310,117,-169,16,31824,0.3818,transitando
11,1705085700,579017,-27320,281,2490,3920,300,155,-179,-57,33,5,35556,0.2277,transitando
11,1705086000,579080,-27159,293,2438,3950,1496,102,142,90,30,-65,50168,0.3087,transitando
11,1705086300,579165,-27016,338,2444,3897,599,23,136,38,-1,-83,60387,0.311,transitando
11,1705086600,579221,-27146,376,2403,3938,873,-244,-109,-53,28,1,29242,0.3707,transitando
11,1705086900,579107,-27143,327,2471,3981,434,-461,324,32,85,20,64873,0.3232,transitando
11,1705087200,579043,-26885,407,2449,3911,398,-223,316,-134,-78,0,48121,0.2508,transitando
11,1705087500,578970,-26989,367,2455,3985,1439,-400,-46,10,-96,-4,19216,0.3786,transitando
11,1705087800,578992,-26861,275,2420,3976,1602,170,-123,-11,35,25,53567,0.1995,transitando
11,1705088100,578905,-26774,442,2337,3976,-90,89,186,27,11,-35,21473,0.3613,transitando
11,1705088400,579025,-26801,57,2456,3940,554,41,-74,-28,37,26,36931,0.3373,transitando
11,1705088700,579041,-26583,78,2464,3937,860,61,-163,75,-98,-58,61740,0.3114,transitando
11,1705089000,578922,-26473,364,2544,3973,557,80,254,154,24,62,63647,0.384,transitando
11,1705089300,578876,-26632,348,2491,3941,582,118,-16,102,6,-12,22566,0.2605,transitando
11,1705089600,578781,-26573,370,2492,3963,1591,455,-99,122,-67,-9,30249,0.4017,transitando
11,1705089900,578737,-26515,145,2487,3897,167,-290,-200,-18,-82,-62,21615,0.3743,transitando
11,1705090200,578653,-26489,478,2389,3952,551,-396,-343,84,128,-22,55859,0.2894,transitando
11,1705090500,578559,-26342,295,2471,3905,750,-207,-266,14,-37,138,21189,0.4105,transitando
11,1705090800,578505,-26231,208,2416,3960,810,321,15,15,-222,31,6038,0.446,transitando
11,1705091100,578438,-26158,291,2431,3985,1307,65,-254,243,-53,3,35879,0.4074,transitando
11,1705091400,578334,-26175,274,2465,3995,2505,9,96,70,99,69,24164,0.2866,transitando
11,1705091700,578471,-26106,468,2451,3935,437,-32,-71,0,-176,-23,21346,0.3427,transitando
11,1705092000,578367,-26103,182,2441,3919,1937,204,-548,-103,-84,29,11752,0.3876,transitando
11,1705092300,578377,-25969,130,2374,3944,1078,82,27,14,-122,8,22159,0.3766,transitando
11,1705092600,578379,-25761,403,2446,3939,1220,109,-71,41,-28,-32,5135,0.2739,transitando
11,1705092900,578244,-25690,290,2395,3941,1246,-268,-193,43,12,34,58741,0.3385,transitando
11,1705093200,578096,-25735,302,2404,3937,298,497,6,32,-136,26,63547,0.3633,transitando
11,1705093500,578117,-25913,359,2465,3950,958,35,391,-39,151,-60,44551,0.4242,transitando
11,1705093800,578086,-25735,265,2437,3978,258,-220,-243,-86,28,-38,5055,0.5141,transitando
11,1705094100,578068,-25678,417,2357,3897,921,-163,88,-2,138,-31,30946,0.4373,transitando
11,1705094400,578006,-25757,368,2320,3980,1041,-526,-35,-57,61,-67,13362,0.2544,transitando
11,1705094700,577908,-25882,251,2428,3977,37,-47,366,154,-20,26,39548,0.2375,transitando
11,1705095000,577999,-26046,210,2483,3984,398,301,415,59,4,-57,35812,0.3429,transitando
11,1705095300,577873,-26066,426,2411,3992,686,18,-281,116,44,-32,18032,0.3149,transitando
11,1705095600,577923,-26223,478,2438,3898,-8,-303,302,47,42,49,19448,0.3928,transitando
11,1705095900,578028,-26196,376,2448,3952,311,104,-421,40,-46,116,21300,0.4333,transitando
11,1705096200,578094,-26066,468,2381,3956,1584,-142,79,0,15,7,36718,0.3582,transitando
11,1705096500,578136,-26146,368,2413,3932,697,266,-252,-14,119,16,21374,0.4005,transitando
11,1705096800,578240,-26153,442,2432,3897,572,349,-59,12,-102,2,30351,0.274,transitando
11,1705097100,578348,-26370,222,2495,3942,1505,280,50,-88,-9,-32,57944,0.2416,transitando
11,1705097400,578231,-26232,134,2510,3974,576,346,-197,206,-31,-13,46785,0.3986,transitando
11,1705097700,578279,-26181,267,2559,3988,700,19,63,-37,-67,-5,42466,0.3818,transitando
11,1705098000,578210,-26183,178,2477,3901,1168,367,-34,180,105,14,65237,0.4168,transitando
11,1705098300,578122,-26189,128,2466,3969,1076,66,178,-153,71,-56,14186,0.4871,transitando
11,1705098600,578051,-26126,190,2491,3902,671,325,-18,-18,-7,-86,14324,0.3387,transitando
11,1705098900,577973,-26265,98,2400,3941,1628,473,123,-4,-46,24,49935,0.4933,transitando
11,1705099200,577971,-26465,380,2354,3996,817,349,-56,-103,-62,13,4824,0.3139,transitando
11,1705099500,578070,-26286,233,2485,3915,1192,-81,102,-32,32,-40,32297,0.2608,transitando
11,1705099800,577975,-26516,152,2411,3980,964,264,-260,72,9,0,12032,0.3819,transitando
11,1705100100,577923,-26705,181,2416,3934,1640,-65,-27,-137,-56,-20,44182,0.4281,transitando
11,1705100400,577899,-26875,187,2375,3989,1028,340,-154,-145,37,36,57011,0.3753,transitando
11,1705100700,577789,-26903,140,2539,3923,715,-55,-228,4,2,-62,52284,0.3497,transitando
11,1705101000,577903,-26885,353,2477,3908,1601,189,-127,-63,70,46,57265,0.3694,transitando
11,1705101300,577838,-27012,401,2459,3901,1459,103,-8,198,-65,-38,2511,0.3712,transitando
11,1705101600,577801,-27149,131,2554,3923,1421,129,-227,-119,-19,-3,58116,0.3699,transitando
11,1705101900,577751,-27060,476,2385,3926,1201,-71,-158,58,5,50,38291,0.3619,transitando
11,1705102200,577739,-26965,178,2462,3980,990,379,69,88,120,-18,12902,0.2691,transitando
11,1705102500,577745,-27197,463,2349,3973,952,-187,162,-70,-84,12,31221,0.5006,transitando
11,1705102800,577727,-27148,246,2465,3977,753,-191,108,-152,33,53,50960,0.3665,transitando
11,1705103100,577803,-27138,478,2301,3993,1544,-198,3,57,-58,2,45321,0.4789,transitando
11,1705103400,577789,-27269,350,2367,3918,883,-381,276,43,148,-27,14475,0.3725,transitando
11,1705103700,577721,-27468,288,2432,3976,329,59,-100,-216,-57,-77,55738,0.374,transitando
11,1705104000,577788,-27526,197,2436,3947,562,47,121,97,-147,-4,22681,0.3273,transitando
11,1705104300,577683,-27335,233,2450,3907,1448,-76,206,150,-76,151,15623,0.3003,transitando
11,1705104600,577783,-27311,259,2434,3962,938,-193,-150,97,-70,46,2143,0.3653,transitando
11,1705104900,577708,-27294,332,2389,3946,794,36,78,-42,84,-49,58502,0.3612,transitando
11,1705105200,577718,-27479,263,2353,3917,1497,-23,18,-18,90,53,22193,0.3868,transitando
11,1705105500,577622,-27525,70,2540,3897,684,94,220,63,51,60,58152,0.2787,transitando
11,1705105800,577728,-27545,69,2355,3951,842,220,430,-31,143,-33,19361,0.3455,transitando
11,1705106100,577637,-27529,285,2510,3994,895,511,-11,-99,278,74,44938,0.3688,transitando
11,1705106400,577619,-27452,485,2450,3968,773,-33,-91,67,-54,-20,43512,0.2861,transitando
11,1705106700,577556,-27669,235,2383,3929,1267,109,-604,-19,63,58,48424,0.3073,transitando
11,1705107000,577508,-27456,398,2395,3995,1539,474,-160,-70,31,-39,13899,0.6075,transitando
11,1705107300,577488,-27466,456,2355,3918,1258,-250,-39,32,142,95,40121,0.3628,transitando
11,1705107600,577536,-27637,395,2419,3928,966,-230,-184,96,-165,-92,7634,0.5247,transitando
11,1705107900,577549,-27565,192,2396,3956,1810,-209,-201,4,-47,4,13468,0.4464,transitando
11,1705108200,577523,-27487,371,2439,3994,231,205,-184,-146,-107,-9,29363,0.3942,transitando
11,1705108500,577479,-27636,484,2401,3975,462,-22,186,-56,-79,-90,51553,0.4621,transitando
11,1705108800,577381,-27537,310,2494,3967,718,-51,-21,-221,124,-57,39199,0.4262,transitando
11,1705109100,577314,-27489,89,2496,3976,558,126,223,0,53,-26,46316,0.4916,transitando
11,1705109400,577287,-27411,490,2443,3923,410,125,-237,-63,60,19,36404,0.3822,transitando
11,1705109700,577266,-27271,158,2428,3968,1231,-465,202,-30,-90,51,58285,0.4299,transitando
11,1705110000,577331,-27456,155,2477,3938,1052,598,208,-92,-102,5,38389,0.3563,transitando
11,1705110300,577393,-27298,474,2403,3898,-3,-37,-166,-84,32,36,47356,0.4427,transitando
11,1705110600,577334,-27183,164,2456,3949,296,-108,-257,-169,226,-13,54147,0.4132,transitando
11,1705110900,577385,-27090,282,2485,3911,1624,-197,-244,-41,-77,26,32887,0.5527,transitando
11,1705111200,577356,-27068,215,2446,3975,1848,-229,130,80,8,80,23394,0.4139,transitando
11,1705111500,577430,-27078,91,2484,3982,875,257,192,-130,-11,-7,60613,0.3654,transitando
11,1705111800,577383,-27122,231,2421,3980,1560,81,-4,215,43,-65,40172,0.439,transitando
11,1705112100,577416,-27050,432,2423,3927,1499,100,-108,44,-176,-17,13066,0.331,transitando
11,1705112400,577506,-27184,87,2390,3913,1024,214,29,-63,-119,1,11775,0.3491,transitando
11,1705112700,577570,-27295,331,2400,3902,947,411,60,33,0,32,39718,0.3097,transitando
11,1705113000,577734,-27238,226,2341,3901,515,73,240,173,49,16,34114,0.4773,transitando
11,1705113300,577757,-27134,206,2490,3914,951,-76,42,72,-13,20,60643,0.4155,transitando
11,1705113600,577717,-26979,145,2480,3935,755,-292,-196,-21,-90,27,37475,0.4073,transitando
11,1705113900,577734,-26841,249,2390,3990,1207,-521,-125,-29,-100,65,42376,0.5009,transitando
11,1705114200,577742,-26887,187,2527,3990,1261,193,176,25,-38,-9,41275,0.4007,transitando
11,1705114500,577762,-26712,84,2508,3899,380,-421,-329,-58,-108,101,31498,0.4199,transitando
12,1705028400,-121823,1765104,1184,2200,3911,972,-238,-719,-31,-57,-70,9609,0.3745,busca
12,1705028700,-121861,1765079,1805,2108,3989,715,-26,-296,486,199,43,59590,0.412,busca
12,1705029000,-121887,1765028,482,2443,3960,1056,-1265,17,195,15,-109,30926,0.4585,busca
12,1705029300,-121816,1765030,1050,2274,3921,911,951,159,140,-276,-48,23256,0.4746,busca
12,1705029600,-121743,1764961,1975,2148,3951,-161,-464,-59,244,221,47,52935,0.3192,busca
12,1705029900,-121681,1764963,1038,2254,3934,1173,177,-746,45,-486,12,41157,0.417,busca
12,1705030200,-121628,1764929,1550,2270,3970,22,1238,-210,-208,-4,205,22362,0.4688,busca
12,1705030500,-121649,1764948,1741,2168,3998,465,-1032,-118,405,-381,-149,2112,0.4219,busca
12,1705030800,-121599,1764875,1563,2150,3899,1332,-752,-1526,188,-106,40,23468,0.4817,busca
12,1705031100,-121526,1764804,819,2344,3900,521,-521,-1542,-55,-146,214,45072,0.3524,busca
12,1705031400,-121621,1764748,395,2350,3923,-545,785,-316,33,-134,267,22036,0.4027,busca
12,1705031700,-121606,1764698,503,2438,3909,-448,-356,-263,81,-11,200,63438,0.443,busca
12,1705032000,-121657,1764744,1291,2272,3979,-799,-1324,-1008,36,89,161,17262,0.5434,busca
12,1705032300,-121667,1764766,1529,2145,3978,1142,301,-62,78,485,-80,24726,0.4401,busca
12,1705032600,-121701,1764706,1604,2169,3962,395,-865,-876,-130,432,207,59986,0.5114,busca
12,1705032900,-121710,1764704,1105,2300,3970,885,-1160,-675,111,-353,-225,14385,0.5345,busca
12,1705033200,-121679,1764666,822,2219,3959,88,1250,-272,-320,53,213,36575,0.4268,busca
12,1705033500,-121674,1764620,1972,2129,3973,-1017,-1074,-686,-475,-12,125,36955,0.5076,busca
12,1705033800,-121687,1764581,535,2408,3989,807,1204,-657,-135,1,107,50275,0.4783,busca
12,1705034100,-121641,1764641,1195,2264,3943,-667,440,-782,-314,-105,68,57360,0.417,busca
12,1705034400,-121733,1764578,1064,2285,3953,1763,404,-192,3,-8,196,3126,0.6055,busca
12,1705034700,-121685,1764595,1235,2274,3926,432,-62,-631,-255,86,103,62687,0.3234,busca
12,1705035000,-121670,1764685,1675,2242,3954,-291,-549,-515,46,-78,-258,33456,0.4409,busca
12,1705035300,-121630,1764649,523,2389,3970,689,408,-1286,178,178,81,27962,0.4863,busca
12,1705035600,-121583,1764688,2322,2041,3933,-31,-95,-1052,187,-88,117,35680,0.2806,busca
12,1705035900,-121591,1764796,820,2410,3904,563,99,475,-227,-170,-93,30509,0.4965,busca
12,1705036200,-121605,1764724,1501,2087,3937,586,78,-455,2,63,66,10240,0.4707,busca
12,1705036500,-121644,1764732,2065,2139,3979,1041,-71,-853,-49,253,-51,40076,0.3682,busca
12,1705036800,-121656,1764815,691,2351,3902,-1216,1527,-817,183,-196,144,27125,0.3402,busca
12,1705037100,-121737,1764815,1842,2081,3968,1850,-342,424,-37,-314,-204,43118,0.4896,busca
12,1705037400,-121660,1764799,477,2487,3996,-488,-914,-186,278,-127,11,12527,0.4515,busca
12,1705037700,-121594,1764860,750,2379,3914,500,951,-943,169,-28,9,9828,0.5285,busca
12,1705038000,-121583,1764879,1566,2158,3964,-847,-1849,-486,-497,192,-61,22533,0.547,busca
12,1705038300,-121556,1764873,834,2222,3953,-632,-190,-634,56,29,-10,63553,0.6677,busca
12,1705038600,-121543,1764862,989,2245,3925,1399,-424,-429,-147,-263,35,22737,0.3697,busca
12,1705038900,-121461,1764841,1010,2214,3939,-62,-1160,-237,-260,-144,235,60982,0.4142,busca
12,1705039200,-121389,1764846,1930,2090,3975,-303,1938,-607,-186,-129,154,5826,0.3108,busca
12,1705039500,-121490,1764917,675,2333,3968,-191,-267,-1368,-113,-122,133,23101,0.5526,busca
12,1705039800,-121483,1764955,1519,2162,3927,-2349,-168,-405,116,103,-16,63920,0.4828,busca
12,1705040100,-121430,1764904,355,2420,3909,505,136,-1668,-159,-98,-43,4282,0.4867,busca
12,1705040400,-121355,1764977,284,2387,3984,1538,714,-1314,116,132,-41,65057,0.3674,busca
12,1705040700,-121410,1764969,1197,2195,3998,308,486,-847,-2,79,34,9529,0.4312,busca
12,1705041000,-121361,1765026,517,2293,3905,539,1051,-810,-112,-91,-21,13086,0.5589,busca
12,1705041300,-121359,1765038,449,2471,3978,1053,-230,-747,-94,84,141,53133,0.5379,busca
12,1705041600,-121375,1765027,618,2377,3901,-332,739,75,372,180,-132,46408,0.5906,busca
12,1705041900,-121375,1764991,840,2240,3940,1012,576,9,-22,-171,-78,61315,0.5091,busca
12,1705042200,-121385,1765014,851,2419,3912,2078,-216,-732,-67,-222,90,28824,0.6088,busca
12,1705042500,-121378,1765033,490,2410,3986,776,-1436,-1057,159,104,-89,60032,0.5136,busca
12,1705042800,-121364,1765032,1548,2152,3935,1307,622,-209,-415,-324,-72,51072,0.5191,busca
12,1705043100,-121350,1765042,1327,2266,3909,-406,853,-533,-156,16,-217,47024,0.6409,busca
12,1705043400,-121326,1765018,1405,2223,3905,2155,-745,-69,448,-31,56,11564,0.4861,busca
12,1705043700,-121355,1764943,961,2297,3929,1032,1427,-71,493,167,24,16989,0.4599,busca
12,1705044000,-121424,1764861,1092,2331,3985,-419,2047,-638,-163,348,-253,50437,0.4647,busca
12,1705044300,-121363,1764842,1035,2275,3967,433,476,-757,225,-61,134,44951,0.6044,busca
12,1705044600,-121353,1764805,705,2353,3979,295,-535,-1110,-82,-368,-136,27358,0.5203,busca
12,1705044900,-121373,1764794,306,2362,3959,-1517,-391,-156,154,-153,-89,45163,0.5482,busca
12,1705045200,-121390,1764794,594,2353,3991,1575,1081,-423,122,-88,64,21973,0.5483,busca
12,1705045500,-121408,1764793,826,2365,3902,1298,236,-44,100,-95,-7,62476,0.5044,busca
12,1705045800,-121391,1764799,1492,2184,3914,782,-161,-209,-123,-214,-349,4047,0.5389,busca
12,1705046100,-121400,1764757,535,2384,3936,549,-115,-1005,-200,30,-110,25525,0.6309,busca
12,1705046400,-121388,1764765,1339,2244,3906,71,353,-705,-125,165,217,50245,0.4496,busca
12,1705046700,-121361,1764705,1681,2130,3910,578,414,-1000,87,67,235,34454,0.6569,busca
12,1705047000,-121344,1764717,1961,2149,3961,1921,357,182,-73,75,-191,34605,0.7038,busca
12,1705047300,-121326,1764730,1547,2239,3922,-246,-959,-917,56,132,-3,23453,0.6306,busca
12,1705047600,-121358,1764711,1049,2225,3964,-28,326,470,-112,15,379,56671,0.625,busca
12,1705047900,-121365,1764685,943,2249,3945,816,-472,-546,158,-254,0,36520,0.5545,busca
12,1705048200,-121389,1764711,2159,2023,3974,1949,1785,-744,-236,-29,-225,25329,0.6101,busca
12,1705048500,-121376,1764669,1413,2237,3919,39,-1598,-963,136,176,-174,60869,0.4316,busca
12,1705048800,-121392,1764628,279,2436,3985,-597,-314,-242,-17,-165,7,33505,0.618,busca
12,1705049100,-121399,1764639,1733,2188,3979,2366,-336,-501,-100,124,159,58706,0.6576,busca
12,1705049400,-121369,1764663,848,2379,3913,512,-1114,-550,126,104,-414,24455,0.6109,busca
12,1705049700,-121333,1764689,1282,2145,3903,1359,-613,-579,-442,125,-63,37365,0.4703,busca
12,1705050000,-121314,1764672,3046,1871,3946,57,87,-295,61,124,258,13871,0.6136,busca
12,1705050300,-121310,1764661,1313,2207,3932,-1,625,69,-11,-292,-72,17580,0.723,busca
12,1705050600,-121342,1764687,2738,1887,3899,2041,726,-51,209,-137,61,54374,0.6131,busca
12,1705050900,-121321,1764681,1266,2198,3981,-255,-203,-524,-18,-278,-23,59346,0.5745,busca
12,1705051200,-121290,1764695,2309,1971,3910,-156,-459,-1018,170,-278,-207,63194,0.502,busca
12,1705051500,-121306,1764696,2346,2026,3962,1551,50,62,-162,-107,118,7347,0.6668,busca
12,1705051800,-121294,1764711,1262,2222,3980,-294,-1327,-535,135,245,-64,22524,0.5288,busca
12,1705052100,-121317,1764725,4112,1651,3948,1380,-894,-450,-77,-140,-79,4707,0.4952,busca
12,1705052400,-121276,1764770,3827,1707,3911,1810,553,-67,-114,-309,-244,57673,0.5537,busca
12,1705052700,-121239,1764784,4662,1529,3901,-284,312,127,-182,-145,165,48067,0.6816,busca
12,1705053000,-121255,1764799,3846,1703,3969,2022,533,-836,57,352,-34,37439,0.5387,busca
12,1705053300,-121229,1764785,1127,2189,3990,101,-520,328,-61,205,-150,16186,0.6554,busca
12,1705053600,-121243,1764782,5740,789,3915,-5252,911,263,657,-140,-174,54074,0.596,forrageando
12,1705053900,-121239,1764749,6581,890,3961,79,-1252,123,177,6,386,62099,0.5225,forrageando
12,1705054200,-121225,1764740,6496,868,3929,-1028,1272,374,487,-74,664,6438,0.5669,forrageando
12,1705054500,-121252,1764719,6706,917,3911,2080,-1217,-60,324,-582,-188,48666,0.5321,forrageando
12,1705054800,-121244,1764696,3444,604,3993,-794,-396,-2369,130,1448,262,727,0.5093,forrageando
12,1705055100,-121214,1764710,6938,900,3923,934,-1249,-1257,-272,100,-220,39186,0.5052,forrageando
12,1705055400,-121256,1764691,6505,944,3979,1691,872,-2793,-476,364,-163,20808,0.5556,forrageando
12,1705055700,-121280,1764665,2741,513,3980,921,1639,277,-633,-230,-128,45348,0.5637,forrageando
12,1705056000,-121250,1764619,7979,1021,3950,-2207,452,767,496,80,-76,32980,0.4415,forrageando
12,1705056300,-121274,1764677,6536,896,3920,721,1215,-3413,-1320,-158,-138,6606,0.6562,forrageando
12,1705056600,-121264,1764679,2123,389,3942,-3586,-942,-1669,535,121,151,52988,0.5737,forrageando
12,1705056900,-121252,1764705,4807,640,3927,-1138,3254,-1952,-1137,-725,239,31655,0.6633,forrageando
12,1705057200,-121275,1764673,4774,830,3937,2100,1186,-1871,182,-1149,-55,35921,0.4555,forrageando
12,1705057500,-121172,1764671,8141,1020,3907,798,1760,-1510,-772,-569,392,23819,0.4606,forrageando
12,1705057800,-121121,1764639,5923,787,3970,-1095,1742,-148,561,439,402,58633,0.4921,forrageando
12,1705058100,-121254,1764604,2394,490,3932,-1764,-891,-641,486,-109,164,6576,0.4153,forrageando
12,1705058400,-121223,1764582,3640,483,3943,762,3310,-2039,-608,217,649,65392,0.4891,forrageando
12,1705058700,-121240,1764484,7097,785,3991,-212,2786,-438,716,-165,-420,25070,0.4922,forrageando
12,1705059000,-121240,1764452,6273,873,3905,-3718,1769,-2073,-546,-289,611,57553,0.4861,forrageando
12,1705059300,-121285,1764559,3058,542,3918,342,905,838,-3,60,-14,41400,0.285,forrageando
12,1705059600,-121342,1764457,5160,681,3977,1573,-1060,-69,-1318,-170,-66,58034,0.4092,forrageando
12,1705059900,-121252,1764575,4198,631,3947,-1087,-513,-1651,407,618,-87,10430,0.3245,forrageando
12,1705060200,-121284,1764398,3109,444,3916,551,-2528,-1243,-57,167,-37,57665,0.4715,forrageando
12,1705060500,-121249,1764458,5071,778,3986,1404,-283,-954,440,326,585,49375,0.4776,forrageando
12,1705060800,-121337,1764493,6648,888,3962,855,3464,-1910,314,-432,360,52445,0.5087,forrageando
12,1705061100,-121333,1764481,6727,757,3974,-5338,-901,-1914,-226,-786,446,19362,0.5888,forrageando
12,1705061400,-121360,1764453,5544,762,3919,865,3844,-1196,715,-305,257,52509,0.4177,forrageando
12,1705061700,-121405,1764429,3887,708,3991,-827,2146,93,708,-131,-32,12584,0.6025,forrageando
12,1705062000,-121397,1764434,6961,925,3926,-1932,1746,-1435,-334,-204,330,1835,0.3573,forrageando
12,1705062300,-121403,1764568,3606,559,3986,-559,686,-934,-335,-275,-263,11576,0.4578,forrageando
12,1705062600,-121452,1764473,5904,825,3997,-2381,659,-1719,-282,-51,48,36894,0.5625,forrageando
12,1705062900,-121467,1764518,3696,573,3987,2334,3595,540,-352,873,111,56278,0.3733,forrageando
12,1705063200,-121390,1764443,4536,665,3913,853,-73,-3095,-639,-395,-77,5572,0.457,forrageando
12,1705063500,-121356,1764407,4729,679,3899,840,-1930,-1258,-482,552,-314,33674,0.4917,forrageando
12,1705063800,-121365,1764498,3548,503,3899,-1062,933,-169,235,172,-373,36890,0.4712,forrageando
12,1705064100,-121398,1764526,2183,464,3994,3699,904,-2194,-537,199,269,37709,0.4871,forrageando
12,1705064400,-121390,1764507,5822,817,3988,-821,-2345,-1897,797,389,126,15438,0.3761,forrageando
12,1705064700,-121441,1764477,3779,606,3997,-422,-636,47,261,424,49,18866,0.4222,forrageando
12,1705065000,-121534,1764366,1777,2165,3923,-4197,348,-682,-569,114,-214,54227,0.4252,forrageando
12,1705065300,-121578,1764295,691,2360,3907,446,2215,-689,69,-515,142,49029,0.2754,forrageando
12,1705065600,-121538,1764274,614,2373,3911,3478,-2742,-3362,-125,95,-298,778,0.395,forrageando
12,1705065900,-121530,1764294,1297,2173,3929,-822,-26,-5,470,-588,-4,53487,0.4905,forrageando
12,1705066200,-121486,1764324,4062,669,3946,3967,2287,-251,-22,-788,58,30289,0.4284,forrageando
12,1705066500,-121520,1764302,2835,585,3963,-454,750,-1226,-62,-9,331,52821,0.4053,forrageando
12,1705066800,-121564,1764247,1078,2285,3977,522,856,-642,-142,335,-12,13505,0.3543,forrageando
12,1705067100,-121636,1764203,1372,2175,3903,2510,-1264,-1131,-568,315,-156,44539,0.3989,forrageando
12,1705067400,-121528,1764172,1094,2245,3916,-832,1668,-955,119,-304,108,707,0.4779,forrageando
12,1705067700,-121522,1764121,2024,406,3990,3692,-842,-2279,-137,-105,95,37853,0.4066,forrageando
12,1705068000,-121453,1764131,1105,2234,3955,1030,1744,-168,311,566,-20,2042,0.4181,forrageando
12,1705068300,-121518,1764190,2969,546,3950,-1144,1872,-2452,-255,-1031,-2,6867,0.255,forrageando
12,1705068600,-121639,1764034,2557,470,3934,167,3131,-1221,16,148,36,25705,0.4031,forrageando
12,1705068900,-121533,1763924,2348,541,3968,2791,-1369,-1377,536,20,66,2608,0.3462,forrageando
12,1705069200,-121422,1763959,1240,2266,3959,450,1890,-2349,-526,1308,49,5780,0.5161,forrageando
12,1705069500,-121409,1763957,746,2396,3957,-651,-2097,-1298,-743,211,215,22958,0.3074,forrageando
12,1705069800,-121279,1764085,1580,2204,3932,1015,-1695,541,202,62,-137,58688,0.3398,forrageando
12,1705070100,-121246,1763957,2263,352,3903,-1020,-3295,-2359,163,-775,-346,56329,0.2942,forrageando
12,1705070400,-121207,1763913,2620,407,3902,-3317,3859,-1942,352,-336,-192,43149,0.3669,forrageando
12,1705070700,-121282,1763861,1977,2193,3966,-465,-323,-146,39,145,-13,30749,0.3024,busca
12,1705071000,-121208,1763880,1688,2232,3971,103,422,-899,56,-1,-244,11880,0.275,busca
12,1705071300,-121084,1763958,2565,1952,3905,1440,-976,-811,-56,61,98,1887,0.2739,busca
12,1705071600,-120994,1764069,1314,2227,3974,1262,786,-590,40,-31,27,11344,0.4854,busca
12,1705071900,-121076,1764074,140,2574,3966,1305,-88,3,-20,88,3,9617,0.3405,transitando
12,1705072200,-120947,1764106,136,2446,3976,801,-498,177,196,23,-132,52225,0.2683,transitando
12,1705072500,-120959,1764214,423,2386,3958,788,-84,110,-159,-143,44,30805,0.3533,transitando
12,1705072800,-120982,1764145,377,2475,3965,1314,-80,-239,14,-105,67,51471,0.3855,transitando
12,1705073100,-120994,1764059,61,2486,3915,1174,46,337,-2,-41,23,60404,0.3601,transitando
12,1705073400,-121005,1763963,96,2503,3964,642,-126,-112,66,72,-19,9759,0.3024,transitando
12,1705073700,-121111,1763871,436,2395,3983,577,319,174,-131,-57,59,13969,0.3688,transitando
12,1705074000,-121066,1763795,477,2378,3961,1335,403,178,37,-178,-62,57653,0.2984,transitando
12,1705074300,-121162,1763921,278,2467,3988,807,-97,409,-166,95,22,8562,0.3156,transitando
12,1705074600,-121083,1763807,427,2390,3934,366,94,-134,-80,-94,67,1892,0.3361,transitando
12,1705074900,-121018,1763705,206,2492,3956,296,64,-244,71,139,55,50785,0.3847,transitando
12,1705075200,-121050,1763744,119,2435,3993,826,226,56,-77,-25,-1,52540,0.3472,transitando
12,1705075500,-120949,1763727,120,2543,3945,379,380,-347,-129,-32,-7,27518,0.1884,transitando
12,1705075800,-121045,1763703,488,2418,3982,1631,217,186,96,-269,-73,27486,0.3524,transitando
12,1705076100,-121122,1763660,451,2367,3923,880,-18,-580,-75,36,17,13714,0.2985,transitando
12,1705076400,-121246,1763696,133,2467,3957,686,765,25,-81,33,-33,14755,0.3719,transitando
12,1705076700,-121172,1763730,263,2406,3967,1620,106,47,-14,205,-3,23764,0.3137,transitando
12,1705077000,-121220,1763595,442,2328,3913,394,37,-149,125,-2,-42,17224,0.2793,transitando
12,1705077300,-121223,1763708,170,2457,3988,786,459,-24,180,39,15,26090,0.4172,transitando
12,1705077600,-121158,1763660,59,2429,3903,739,309,-28,-59,-230,-56,45461,0.2528,transitando
12,1705077900,-121200,1763759,398,2387,3955,1417,-180,42,110,-108,7,26848,0.2372,transitando
12,1705078200,-121322,1763832,54,2479,3909,154,-325,-190,18,14,31,20311,0.3696,transitando
12,1705078500,-121287,1763864,441,2463,3908,788,7,-62,-24,232,-19,33982,0.3307,transitando
12,1705078800,-121134,1763868,352,2371,3909,1900,-607,32,2,-6,-77,740,0.2745,transitando
12,1705079100,-121279,1763784,448,2409,3975,1434,-40,55,-3,155,60,56927,0.2762,transitando
12,1705079400,-121269,1763683,384,2392,3989,1596,611,-165,145,-34,-35,36852,0.3849,transitando
12,1705079700,-121301,1763740,117,2491,3914,2140,150,299,91,65,-26,27632,0.2417,transitando
12,1705080000,-121239,1763858,66,2497,3897,1122,85,270,131,13,15,58770,0.4542,transitando
12,1705080300,-121151,1763909,368,2495,3933,1108,329,-493,-52,164,27,9775,0.3261,transitando
12,1705080600,-121240,1763931,229,2490,3929,1589,-147,48,-72,205,43,58447,0.2681,transitando
12,1705080900,-121212,1764037,374,2320,3926,401,529,39,172,-109,-2,3219,0.3043,transitando
12,1705081200,-121230,1763877,65,2438,3996,783,177,205,275,-53,5,32755,0.2424,transitando
12,1705081500,-121207,1763984,480,2355,3994,831,51,-452,3,21,-39,48222,0.3405,transitando
12,1705081800,-121299,1764048,474,2355,3942,661,-45,-27,7,2,-47,24860,0.3098,transitando
12,1705082100,-121398,1764077,306,2493,3911,872,-170,6,50,63,33,58001,0.2517,transitando
12,1705082400,-121363,1764202,405,2443,3957,958,-446,47,-74,82,-78,61555,0.3431,transitando
12,1705082700,-121239,1764255,97,2490,3917,916,-587,-101,88,33,3,62121,0.3091,transitando
12,1705083000,-121111,1764236,87,2510,3994,648,296,-91,-138,-43,-23,16830,0.344,transitando
12,1705083300,-121194,1764174,209,2427,3988,321,-401,66,175,111,-7,21794,0.3916,transitando
12,1705083600,-121275,1764223,50,2451,3930,1191,-414,124,-19,-116,-2,23072,0.3266,transitando
12,1705083900,-121299,1764095,140,2504,3947,1281,-202,51,-211,69,1,49492,0.3358,transitando
12,1705084200,-121214,1764019,206,2420,3941,469,-100,216,16,45,-43,30517,0.3895,transitando
12,1705084500,-121140,1764020,269,2476,3901,919,482,17,7,20,-13,5816,0.2683,transitando
12,1705084800,-121033,1763989,432,2414,3913,1803,270,-112,-79,-255,51,5586,0.3005,transitando
12,1705085100,-120958,1764074,404,2401,3985,1400,166,329,54,83,61,34819,0.3232,transitando
12,1705085400,-121025,1763990,476,2425,3948,390,379,-50,-16,-208,-26,3453,0.3077,transitando
12,1705085700,-120999,1764112,426,2336,3904,1384,168,306,-36,42,-14,60048,0.273,transitando
12,1705086000,-121020,1764006,264,2319,3948,1885,-412,32,-87,36,73,33874,0.3484,transitando
12,1705086300,-120898,1764020,325,2442,3965,1020,368,-479,0,-24,9,64971,0.4313,transitando
12,1705086600,-120832,1764002,289,2508,3911,-136,302,-544,-118,64,-61,53709,0.3862,transitando
12,1705086900,-120941,1763978,401,2377,3963,1629,-172,31,-46,-56,85,28030,0.3573,transitando
12,1705087200,-120914,1764024,205,2528,3991,1288,-12,-36,-48,-81,19,37544,0.3374,transitando
12,1705087500,-121036,1764033,152,2463,3941,1600,141,-65,13,27,49,25622,0.32,transitando
12,1705087800,-121157,1764064,172,2523,3908,1123,-88,-191,41,97,12,31115,0.3734,transitando
12,1705088100,-121167,1764002,95,2447,3938,773,172,284,17,-119,-45,7436,0.2213,transitando
12,1705088400,-121131,1763865,469,2318,3960,517,325,107,-258,16,69,59521,0.2326,transitando
12,1705088700,-121262,1763893,410,2388,3950,1705,-306,-167,-14,265,-18,64919,0.292,transitando
12,1705089000,-121341,1763980,215,2414,3949,1076,-344,180,74,107,-73,34249,0.2873,transitando
12,1705089300,-121309,1763867,323,2492,3963,832,-459,-148,37,174,11,28872,0.2295,transitando
12,1705089600,-121211,1763907,280,2462,3941,407,239,-13,175,-67,-33,64272,0.3832,transitando
12,1705089900,-121128,1763971,238,2441,3976,1496,-221,153,118,-42,-69,46562,0.3763,transitando
12,1705090200,-121086,1763943,399,2381,3924,995,-526,16,220,19,32,22442,0.3557,transitando
12,1705090500,-121107,1763863,299,2303,3983,362,-233,-46,154,13,-46,15222,0.3339,transitando
12,1705090800,-121209,1763803,474,2404,3987,761,-478,-275,-62,38,-70,53089,0.3044,transitando
12,1705091100,-121073,1763719,417,2401,3988,824,108,25,100,101,-5,4294,0.2564,transitando
12,1705091400,-121053,1763860,480,2420,3901,459,-13,-192,97,66,51,28101,0.409,transitando
12,1705091700,-121019,1763790,302,2411,3934,1124,264,-135,-53,-125,38,19978,0.3976,transitando
12,1705092000,-120961,1763723,366,2481,3899,1348,611,-35,141,49,-4,33964,0.24,transitando
12,1705092300,-120948,1763614,240,2411,3917,783,130,118,-127,50,-2,36093,0.4069,transitando
12,1705092600,-120961,1763659,69,2503,3925,1244,-212,409,-204,62,-137,51588,0.4092,transitando
12,1705092900,-120940,1763734,360,2462,3911,862,163,130,5,-30,-11,35165,0.2938,transitando
12,1705093200,-120879,1763794,422,2459,3899,1677,-453,143,171,76,73,34287,0.2974,transitando
12,1705093500,-121020,1763793,474,2324,3958,1266,-136,22,-55,73,-12,9472,0.3697,transitando
12,1705093800,-120922,1763817,75,2511,3935,863,50,-49,33,3,16,49378,0.3084,transitando
12,1705094100,-120934,1763955,75,2518,3949,1092,145,275,-58,-127,-38,41754,0.4177,transitando
12,1705094400,-120890,1763890,357,2503,3975,688,-103,73,112,2,-113,13439,0.5081,transitando
12,1705094700,-120882,1763840,449,2543,3901,933,-228,110,-18,-127,8,25120,0.489,transitando
12,1705095000,-120849,1763765,309,2470,3974,785,-89,-135,-2,-50,50,63192,0.363,transitando
12,1705095300,-120804,1763846,432,2345,3901,739,237,-103,-104,161,-55,26178,0.2519,transitando
12,1705095600,-120664,1763862,484,2394,3913,861,-404,305,-82,-95,-3,18545,0.348,transitando
12,1705095900,-120758,1763913,161,2509,3946,1149,537,-58,-21,267,63,59670,0.3995,transitando
12,1705096200,-120695,1763984,73,2548,3965,1090,-430,279,26,-115,-3,35647,0.4751,transitando
12,1705096500,-120695,1764036,289,2458,3926,1657,228,-273,160,153,-103,44508,0.383,transitando
12,1705096800,-120757,1764034,301,2418,3931,568,435,231,144,-11,15,27189,0.3331,transitando
12,1705097100,-120806,1764110,454,2536,3952,1269,-54,284,20,-280,-81,42009,0.2305,transitando
12,1705097400,-120846,1764236,106,2551,3958,1635,-267,16,-12,40,-19,55574,0.4465,transitando
12,1705097700,-120841,1764131,145,2551,3920,1180,-799,-116,-71,11,-49,14649,0.3706,transitando
12,1705098000,-120893,1764138,361,2469,3975,160,-419,164,-83,96,2,46808,0.203,transitando
12,1705098300,-121015,1764211,374,2454,3947,989,449,-76,-127,-166,132,20885,0.2724,transitando
12,1705098600,-120932,1764143,481,2450,3956,403,-3,-200,65,-78,29,47545,0.4548,transitando
12,1705098900,-120837,1764097,68,2479,3914,1461,-307,74,-86,236,37,59276,0.3479,transitando
12,1705099200,-120859,1764207,465,2346,3908,1442,-341,11,-110,-13,46,64490,0.3684,transitando
12,1705099500,-120822,1764162,425,2460,3967,56,-144,214,-16,-9,42,43956,0.4129,transitando
12,1705099800,-120855,1764111,482,2336,3935,334,-411,36,67,-115,-46,19709,0.2261,transitando
12,1705100100,-120910,1764012,284,2471,3918,1417,-130,30,34,-225,-61,18012,0.2227,transitando
12,1705100400,-120773,1764023,465,2502,3905,1325,-301,79,-7,-137,9,14862,0.3571,transitando
12,1705100700,-120814,1763991,278,2415,3951,1330,55,93,-35,-74,40,50549,0.3173,transitando
12,1705101000,-120887,1763878,438,2369,3964,492,-192,135,-126,-58,0,12730,0.4232,transitando
12,1705101300,-120926,1763937,234,2444,3958,910,218,-285,7,11,55,4636,0.315,transitando
12,1705101600,-120815,1763845,359,2359,3909,1032,173,-19,53,149,57,58126,0.2657,transitando
12,1705101900,-120915,1763868,185,2469,3971,2306,95,-5,-74,12,70,39935,0.4665,transitando
12,1705102200,-120896,1763929,72,2514,3957,470,101,98,127,40,-52,19910,0.2074,transitando
12,1705102500,-120828,1763827,243,2445,3983,1206,-184,-4,-121,-110,29,30049,0.3024,transitando
12,1705102800,-120890,1763928,299,2484,3913,250,158,317,-163,-108,-8,49360,0.4406,transitando
12,1705103100,-120834,1763928,224,2451,3979,834,-122,154,-153,-193,4,43167,0.2217,transitando
12,1705103400,-120961,1763925,291,2387,3976,1777,162,-191,-81,-60,-14,50721,0.376,transitando
12,1705103700,-120965,1763802,398,2399,3911,1055,-75,-256,-109,-130,-8,44590,0.4542,transitando
12,1705104000,-121047,1763772,454,2372,3952,1537,-7,-18,-104,-24,72,54956,0.3574,transitando
12,1705104300,-121164,1763777,452,2318,3911,1166,31,-117,-52,-62,4,23858,0.3597,transitando
12,1705104600,-121132,1763856,185,2462,3961,1484,-110,182,-17,-2,-20,36634,0.3755,transitando
12,1705104900,-121044,1763839,348,2466,3978,650,-565,-190,-26,-178,-58,17909,0.3285,transitando
12,1705105200,-120942,1763891,142,2462,3946,798,131,-161,-131,156,36,28936,0.4108,transitando
12,1705105500,-120942,1763957,483,2411,3955,1133,-643,93,-5,-160,39,2220,0.4448,transitando
12,1705105800,-120869,1763945,441,2472,3906,639,150,128,204,-20,-69,45255,0.4597,transitando
12,1705106100,-120788,1763940,329,2420,3959,1191,-90,226,-43,-21,30,21197,0.4189,transitando
12,1705106400,-120736,1763930,293,2477,3918,661,-107,94,-159,95,44,15773,0.4265,transitando
12,1705106700,-120795,1763932,341,2392,3979,389,424,-260,177,47,-5,29232,0.4679,transitando
12,1705107000,-120747,1763882,297,2420,3927,990,134,-314,-120,63,-49,39552,0.4006,transitando
12,1705107300,-120737,1763812,309,2399,3966,1263,85,102,69,126,-82,58047,0.3934,transitando
12,1705107600,-120789,1763751,320,2344,3930,-184,-285,3,-75,20,28,28851,0.3233,transitando
12,1705107900,-120832,1763845,104,2456,3953,1334,89,-169,-167,-28,-24,12752,0.2939,transitando
12,1705108200,-120698,1763788,242,2445,3901,1430,-524,192,185,-165,2,24616,0.387,transitando
12,1705108500,-120746,1763723,472,2426,3933,1311,518,-96,12,-4,-8,56624,0.2981,transitando
12,1705108800,-120802,1763814,139,2431,3911,1028,175,-69,93,205,-83,53884,0.3493,transitando
12,1705109100,-120719,1763914,336,2454,3989,84,114,151,-6,-32,-20,53431,0.4264,transitando
12,1705109400,-120796,1763853,414,2381,3913,215,-187,37,7,62,-59,20899,0.4014,transitando
12,1705109700,-120721,1763869,497,2418,3935,785,102,-157,-58,0,16,31889,0.4664,transitando
12,1705110000,-120675,1763827,470,2461,3937,1530,-289,-175,51,4,21,3454,0.3984,transitando
12,1705110300,-120727,1763807,314,2440,3964,284,236,131,-180,-162,66,6180,0.3021,transitando
12,1705110600,-120635,1763852,401,2470,3914,1078,-135,163,-33,55,-51,22,0.4018,transitando
12,1705110900,-120663,1763823,466,2427,3996,2013,67,329,35,146,35,1095,0.4144,transitando
12,1705111200,-120657,1763909,55,2471,3917,1114,-533,157,162,131,65,55256,0.3897,transitando
12,1705111500,-120550,1763929,113,2392,3964,1424,-89,-257,198,11,-19,6571,0.2697,transitando
12,1705111800,-120533,1763839,152,2513,3925,492,337,-46,221,-100,-7,47916,0.5732,transitando
12,1705112100,-120502,1763834,102,2456,3996,1213,111,-43,51,74,4,14503,0.3986,transitando
12,1705112400,-120488,1763900,488,2364,3980,1571,163,199,-88,0,19,50763,0.4933,transitando
12,1705112700,-120454,1763964,250,2426,3937,528,61,221,40,223,-36,32790,0.4837,transitando
12,1705113000,-120499,1764060,264,2448,3903,1571,571,-129,49,-224,-20,44930,0.4206,transitando
12,1705113300,-120480,1764014,308,2377,3947,478,-222,74,-79,-34,-45,6292,0.3093,transitando
12,1705113600,-120486,1763919,131,2506,3901,953,-532,-42,70,83,52,41790,0.4367,transitando
12,1705113900,-120548,1764016,62,2456,3958,713,251,-521,116,-16,-16,20264,0.5065,transitando
12,1705114200,-120533,1764062,463,2405,3949,725,256,-23,-16,-53,58,14558,0.3823,transitando
12,1705114500,-120482,1764149,430,2421,3936,528,-119,-299,-14,-191,-54,27539,0.4879,transitando
13,1705028400,-408839,1313204,1292,2239,3957,741,-115,-848,-56,75,103,41096,0.4147,busca
13,1705028700,-408884,1313137,866,2316,3905,973,-644,-364,-126,-57,42,52266,0.3801,busca
13,1705029000,-408855,1313196,838,2361,3988,1189,500,-784,-116,-45,-181,62737,0.4453,busca
13,1705029300,-408901,1313076,1917,1974,3927,283,344,310,136,-229,68,49981,0.4143,busca
13,1705029600,-408919,1312921,1691,2127,3931,-13,214,-244,-129,-58,146,28227,0.3762,busca
13,1705029900,-409003,1312834,465,2443,3952,1256,-952,-467,-14,47,-62,26181,0.4853,busca
13,1705030200,-408981,1312799,1391,2210,3991,185,866,-563,68,20,11,8692,0.3195,busca
13,1705030500,-408894,1312808,1080,2224,3925,-209,560,241,-16,-111,-93,926,0.4576,busca
13,1705030800,-408867,1312730,1306,2237,3925,-735,686,-843,164,-295,-175,13655,0.4393,busca
13,1705031100,-408852,1312785,357,2411,3945,472,35,-545,37,307,8,39865,0.3962,busca
13,1705031400,-408839,1312855,373,2386,3990,1207,-441,372,-128,-353,-109,15934,0.345,busca
13,1705031700,-408889,1312711,787,2286,3938,-979,-2075,-1221,-22,75,-49,28555,0.4892,busca
13,1705032000,-408830,1312589,1939,2136,3968,1633,302,-671,314,1,156,58003,0.4688,busca
13,1705032300,-408910,1312534,367,2395,3947,807,97,-1070,82,203,100,27256,0.4337,busca
13,1705032600,-408957,1312499,769,2385,3907,2305,-184,-1110,88,358,-16,15509,0.4636,busca
13,1705032900,-409001,1312535,1568,2124,3922,-342,522,280,165,-26,135,10295,0.3691,busca
13,1705033200,-408965,1312622,1202,2286,3900,-544,23,198,-493,32,-226,13044,0.5036,busca
13,1705033500,-408962,1312639,567,2394,3952,236,-667,-921,631,-36,185,46732,0.4104,busca
13,1705033800,-408920,1312581,1274,2238,3930,543,393,-168,185,-368,29,41365,0.4478,busca
13,1705034100,-408926,1312519,1946,2119,3922,-889,473,-749,-180,358,-25,58200,0.5838,busca
13,1705034400,-408896,1312538,2249,2094,3951,528,-716,-484,-191,-148,-81,49072,0.4235,busca
13,1705034700,-408920,1312638,999,2336,3927,85,839,-820,-179,112,-59,45905,0.3197,busca
13,1705035000,-409064,1312515,276,2446,3917,2086,-207,-340,-255,-27,-148,32031,0.5465,busca
13,1705035300,-409089,1312542,669,2303,3977,2064,508,-319,168,272,-124,8122,0.4152,busca
13,1705035600,-409026,1312607,1668,2272,3933,318,159,-761,106,380,-166,10060,0.3803,busca
13,1705035900,-408904,1312576,2243,2000,3973,479,-192,-1238,104,-220,160,40178,0.4105,busca
13,1705036200,-408890,1312634,456,2423,3990,2402,-66,-940,86,-109,98,53096,0.3925,busca
13,1705036500,-408867,1312597,2221,2030,3947,1276,271,-486,415,132,-21,16184,0.4545,busca
13,1705036800,-408975,1312597,938,2364,3927,1091,440,-856,281,-154,98,2593,0.5648,busca
13,1705037100,-408989,1312585,1610,2165,3936,1424,669,-1031,87,468,124,34882,0.5332,busca
13,1705037400,-408977,1312568,899,2327,3916,1430,820,121,-52,118,-7,31932,0.5274,busca
13,1705037700,-408979,1312554,958,2254,3954,194,345,-795,-268,-188,-9,32986,0.4399,busca
13,1705038000,-409021,1312642,2122,2122,3900,-1332,190,-403,-43,42,127,55788,0.4692,busca
13,1705038300,-408993,1312803,694,2356,3917,-167,1060,-257,207,101,-58,35653,0.5076,busca
13,1705038600,-408987,1312871,964,2339,3917,-817,1415,-448,-215,79,169,32374,0.4794,busca
13,1705038900,-409015,1312767,890,2332,3920,2350,-279,-378,309,14,-61,10076,0.3256,busca
13,1705039200,-409079,1312641,1473,2220,3995,-450,279,227,-10,443,-40,50649,0.5064,busca
13,1705039500,-409074,1312661,934,2262,3993,765,498,357,117,212,-233,27478,0.5431,busca
13,1705039800,-409109,1312657,1564,2172,3903,1860,-425,-922,-269,-71,296,24004,0.4394,busca
13,1705040100,-409093,1312581,1044,2261,3926,-1156,571,-415,-116,109,81,36129,0.4587,busca
13,1705040400,-409119,1312648,686,2348,3998,2158,712,-122,-334,-241,106,12735,0.4915,busca
13,1705040700,-409133,1312528,1169,2245,3987,357,-656,104,-234,-14,189,20086,0.5743,busca
13,1705041000,-409147,1312512,1082,2184,3900,1379,-832,380,382,-219,-111,50713,0.4224,busca
13,1705041300,-409214,1312512,496,2426,3962,-525,229,-343,-100,70,-135,22932,0.5445,busca
13,1705041600,-409209,1312542,1080,2310,3957,718,-987,-671,118,129,-2,22844,0.5505,busca
13,1705041900,-409225,1312561,595,2394,3996,589,-32,-437,-305,-55,36,40503,0.4668,busca
13,1705042200,-409201,1312537,1170,2205,3966,-906,240,38,67,-26,-12,23536,0.5214,busca
13,1705042500,-409239,1312533,2179,2018,3965,-618,740,-376,-10,461,4,53552,0.5063,busca
13,1705042800,-409276,1312525,1224,2280,3926,1667,-668,-87,160,47,15,5778,0.4657,busca
13,1705043100,-409347,1312544,927,2263,3980,-688,-1439,-1320,10,57,235,19496,0.4143,busca
13,1705043400,-409395,1312514,794,2373,3994,726,597,-1300,115,-117,168,40559,0.4479,busca
13,1705043700,-409383,1312585,1235,2315,3977,1009,1060,-75,71,5,38,11684,0.4076,busca
13,1705044000,-409400,1312635,1555,2210,3899,286,341,-905,-211,-87,251,63413,0.5678,busca
13,1705044300,-409386,1312673,1598,2125,3903,829,-147,-1247,-269,-267,46,26071,0.52,busca
13,1705044600,-409391,1312707,1995,2104,3924,583,245,-261,302,140,120,10931,0.4956,busca
13,1705044900,-409298,1312731,1689,2145,3964,1031,-526,-526,383,65,-180,27025,0.3982,busca
13,1705045200,-409321,1312665,865,2314,3908,-99,362,12,-212,232,34,41149,0.5858,busca
13,1705045500,-409306,1312683,1871,2186,3927,546,1165,-777,-154,153,105,61700,0.5458,busca
13,1705045800,-409314,1312697,1878,2158,3975,2500,1019,-1212,-381,-394,-119,37598,0.259,busca
13,1705046100,-409431,1312697,1133,2352,3960,-345,366,-772,-29,-116,68,2255,0.5293,busca
13,1705046400,-409440,1312758,813,2352,3954,937,-1268,-66,-221,209,-113,55994,0.6298,busca
13,1705046700,-409457,1312742,816,2431,3968,276,574,-776,-494,-14,-30,65495,0.6843,busca
13,1705047000,-409466,1312788,645,2297,3907,386,654,-719,411,-183,-347,25483,0.404,busca
13,1705047300,-409474,1312883,1110,2280,3907,961,-686,-971,-95,62,-4,17278,0.6025,busca
13,1705047600,-409472,1312934,623,2281,3948,2184,-259,-698,-8,-278,-106,60197,0.4914,busca
13,1705047900,-409473,1313024,1476,2203,3926,-394,-62,-1009,62,99,-73,46294,0.5704,busca
13,1705048200,-409468,1313036,716,2364,3957,824,-427,-414,41,-146,-302,63396,0.6004,busca
13,1705048500,-409490,1313031,920,2326,3951,819,113,-1188,-145,-312,-142,7253,0.601,busca
13,1705048800,-409494,1313013,812,2417,3960,713,-783,-131,-90,-189,-44,20468,0.6462,busca
13,1705049100,-409507,1313037,699,2414,3995,564,-2729,-908,296,-755,-7,29881,0.6627,forrageando
13,1705049400,-409479,1313027,1135,2283,3929,-2372,1806,-1262,-565,244,-71,6231,0.6964,forrageando
13,1705049700,-409470,1312995,1386,2203,3950,645,767,-1723,-514,-485,-499,54171,0.6023,forrageando
13,1705050000,-409482,1312960,6817,952,3969,34,-1892,-1045,158,-20,76,4265,0.5506,forrageando
13,1705050300,-409438,1312926,4551,615,3985,2531,821,-1430,-3,302,-493,43284,0.5266,forrageando
13,1705050600,-409444,1312960,5885,783,3971,442,-1604,-263,-129,936,-52,13664,0.569,forrageando
13,1705050900,-409459,1312933,3316,509,3909,-1605,-1435,-1509,91,65,-274,46536,0.5814,forrageando
13,1705051200,-409428,1312879,5714,799,3950,1157,37,-663,293,656,94,31672,0.5176,forrageando
13,1705051500,-409439,1312823,3425,521,3933,2016,3022,-2713,-82,-374,457,30546,0.5601,forrageando
13,1705051800,-409464,1312770,5255,654,3904,639,-2651,-441,9,-295,-445,61701,0.5316,forrageando
13,1705052100,-409451,1312776,3105,437,3960,-254,-2790,-1459,-337,-170,-21,16674,0.4952,forrageando
13,1705052400,-409413,1312737,4914,729,3906,-3203,-1028,-1543,130,577,-118,29973,0.5494,forrageando
13,1705052700,-409402,1312725,2470,411,3954,-133,-1357,-1253,1029,-443,356,4079,0.4432,forrageando
13,1705053000,-409356,1312738,6072,777,3978,5372,-724,-2552,-907,-650,-386,50996,0.3885,forrageando
13,1705053300,-409458,1312820,6677,788,3948,2295,-2260,-928,-417,-119,292,39413,0.5563,forrageando
13,1705053600,-409494,1312849,5913,887,3903,727,3434,1079,-993,-820,-311,35752,0.531,forrageando
13,1705053900,-409528,1312840,3955,629,3935,-1192,-4913,-1363,136,637,208,15145,0.6379,forrageando
13,1705054200,-409531,1312822,8209,1009,3949,5572,-1090,-318,579,-1035,0,12899,0.4399,forrageando
13,1705054500,-409519,1312938,2643,307,3929,4007,-1136,-1342,42,-15,246,23204,0.5696,forrageando
13,1705054800,-409524,1312948,6197,801,3972,-3305,-909,-127,-1136,200,-425,35181,0.3789,forrageando
13,1705055100,-409558,1313017,6378,799,3980,1039,-2235,-2828,454,104,139,45222,0.5865,forrageando
13,1705055400,-409569,1313021,8459,1042,3971,-88,-631,-559,1048,-215,219,4343,0.4303,forrageando
13,1705055700,-409621,1313121,7172,956,3902,467,-798,-1909,-105,172,-262,34693,0.5259,forrageando
13,1705056000,-409636,1313118,5262,760,3957,-1069,3586,-384,-968,466,-103,32335,0.4118,forrageando
13,1705056300,-409554,1313224,7901,999,3994,-2403,2680,-1407,-449,-306,430,54526,0.5098,forrageando
13,1705056600,-409541,1313233,2344,459,3979,4105,-3800,-1307,414,-1096,212,12909,0.3924,forrageando
13,1705056900,-409599,1313265,3480,620,3963,-1167,-906,-72,-617,297,-21,1339,0.4764,forrageando
13,1705057200,-409568,1313168,6104,815,3954,-1347,-259,-1700,-1268,154,-633,972,0.5181,forrageando
13,1705057500,-409579,1313166,6044,810,3990,2508,-2420,-754,-1171,682,118,29561,0.4279,forrageando
13,1705057800,-409649,1313151,4417,601,3962,-2464,-1979,-1497,201,1378,-218,33092,0.3522,forrageando
13,1705058100,-409510,1313135,5055,675,3957,-1934,1555,-1220,679,-871,531,18408,0.5334,forrageando
13,1705058400,-409501,1313140,7627,1048,3937,-551,1261,-672,-88,-387,-133,16761,0.6247,forrageando
13,1705058700,-409506,1313068,6569,880,3913,43,-2261,377,-391,477,-440,52047,0.539,forrageando
13,1705059000,-409504,1313085,4430,641,3941,492,-2295,-560,-234,319,-36,37515,0.5151,forrageando
13,1705059300,-409521,1313025,2511,375,3977,2709,-2028,153,-70,-133,-96,56067,0.4722,forrageando
13,1705059600,-409562,1313021,5718,722,3918,-244,-1930,-1650,124,-645,-279,28419,0.4478,forrageando
13,1705059900,-409525,1313092,2242,369,3983,-2303,1204,470,-1043,457,306,58541,0.5282,forrageando
13,1705060200,-409515,1313095,6182,832,3937,-3833,1397,-1630,-84,-456,286,58918,0.4929,forrageando
13,1705060500,-409501,1312951,6315,904,3966,-538,1969,15,-459,-162,284,34125,0.4065,forrageando
13,1705060800,-409529,1312879,4661,699,3963,-1784,2057,-1504,744,-424,127,42383,0.4406,forrageando
13,1705061100,-409514,1312701,7309,914,3961,-1850,-986,-2353,-46,582,110,28127,0.491,forrageando
13,1705061400,-409593,1312804,4232,556,3932,-1194,-973,638,147,-447,153,49786,0.4593,forrageando
13,1705061700,-409606,1313011,6945,818,3918,314,-2702,-768,-860,-237,236,58217,0.3538,forrageando
13,1705062000,-409518,1312980,2253,493,3928,9,-2857,-1441,1316,-270,-270,38284,0.4365,forrageando
13,1705062300,-409514,1312951,4963,623,3933,-2160,1285,-2083,-747,-157,31,30962,0.4387,forrageando
13,1705062600,-409511,1312879,3450,510,3997,-2449,-850,-633,681,398,56,58403,0.4565,forrageando
13,1705062900,-409476,1312901,4448,678,3913,3442,3006,-1104,-642,-356,97,36818,0.5605,forrageando
13,1705063200,-409435,1312911,6060,764,3917,-1708,454,-134,-372,-377,-284,58105,0.4768,forrageando
13,1705063500,-409507,1312955,4803,664,3911,649,1252,-1346,806,-225,-226,36939,0.4929,forrageando
13,1705063800,-409446,1312890,3242,487,3931,-746,-896,-1273,365,940,-115,12492,0.351,forrageando
13,1705064100,-409468,1312917,5637,721,3924,2276,551,594,97,-236,174,21865,0.399,forrageando
13,1705064400,-409564,1312831,8389,1110,3937,-198,3105,-1615,-443,-282,13,33236,0.4377,forrageando
13,1705064700,-409594,1312819,7545,1028,3903,-1416,-55,-1438,-92,342,-456,64266,0.3106,forrageando
13,1705065000,-409566,1312732,6302,865,3983,978,4171,-1164,-256,286,-912,8747,0.3611,forrageando
13,1705065300,-409620,1312779,3973,539,3979,-46,3692,-526,-137,-473,492,38163,0.5061,forrageando
13,1705065600,-409620,1312723,6608,882,3987,-1197,1254,-1153,166,-966,169,37332,0.49,forrageando
13,1705065900,-409532,1312799,2934,410,3938,1451,2310,-870,177,-379,-138,34930,0.4192,forrageando
13,1705066200,-409549,1312772,6820,900,3992,-1393,-474,-1217,-4,-243,133,38641,0.3849,forrageando
13,1705066500,-409549,1312697,5941,788,3951,-1816,-468,250,-1021,-334,3,30764,0.4434,forrageando
13,1705066800,-409511,1312692,2830,477,3964,-764,720,-1525,-409,-91,-92,2570,0.3699,forrageando
13,1705067100,-409427,1312774,2175,354,3982,4854,-1819,-896,-635,-38,-122,41132,0.4372,forrageando
13,1705067400,-409366,1312721,3505,504,3955,2341,-468,-3107,438,252,-296,17466,0.4231,forrageando
13,1705067700,-409468,1312721,5416,723,3958,1332,681,-1027,315,3,-127,52141,0.3061,forrageando
13,1705068000,-409399,1312487,6161,719,3990,-2940,3774,1887,-303,223,-355,57248,0.3637,forrageando
13,1705068300,-409329,1312508,8430,1062,3953,1268,-1415,-1193,-1130,1515,173,48649,0.3803,forrageando
13,1705068600,-409368,1312611,4167,671,3930,799,497,-2028,-551,106,-77,29400,0.2901,forrageando
13,1705068900,-409375,1312565,4722,621,3918,626,-3517,-1808,-222,274,-289,11390,0.3759,forrageando
13,1705069200,-409304,1312620,6270,851,3985,-2038,1137,-1677,-74,-98,-196,58404,0.4785,forrageando
13,1705069500,-409310,1312558,5942,771,3997,-1590,-2888,823,-238,-226,-245,49443,0.3342,forrageando
13,1705069800,-409344,1312570,5055,788,3950,-976,1506,-2315,-261,-499,-105,55064,0.343,forrageando
13,1705070100,-409479,1312499,3262,468,3986,-5323,5905,-291,338,78,134,64243,0.409,forrageando
13,1705070400,-409376,1312376,2669,519,3971,-2751,-1280,421,-120,-43,-140,32387,0.3763,forrageando
13,1705070700,-409394,1312260,8023,1095,3944,-2045,-1932,-611,-204,-1022,-119,63996,0.248,forrageando
13,1705071000,-409324,1312169,3205,486,3986,163,-637,-1641,-151,560,462,12014,0.3558,forrageando
13,1705071300,-409321,1312142,7216,940,3908,2691,1568,-2342,134,47,-498,41551,0.2536,forrageando
13,1705071600,-409354,1312070,6936,917,3911,1667,4469,483,-383,520,18,21069,0.3452,forrageando
13,1705071900,-409309,1311994,3343,498,3975,2411,3062,-1106,97,676,346,7566,0.2318,forrageando
13,1705072200,-409159,1312099,3794,532,3988,310,-1140,-1904,-549,357,-332,18943,0.3683,forrageando
13,1705072500,-409240,1312191,5196,673,3950,15,-3131,-523,149,-95,-886,32125,0.4052,forrageando
13,1705072800,-409177,1312226,5892,863,3947,783,918,-2093,547,94,239,52374,0.2807,forrageando
13,1705073100,-409012,1312312,3600,613,3922,-5059,-740,-2542,-401,-525,-427,23528,0.2942,forrageando
13,1705073400,-408970,1312292,6826,999,3921,1978,368,-1486,689,241,180,6463,0.2656,forrageando
13,1705073700,-408955,1312141,7917,1079,3961,2082,4788,-2730,-480,-255,140,40720,0.304,forrageando
13,1705074000,-408836,1311979,2696,402,3901,1998,1470,-2474,-842,-581,-579,30404,0.266,forrageando
13,1705074300,-408878,1312143,2470,537,3970,-1637,570,-1756,320,-359,-366,44659,0.4949,forrageando
13,1705074600,-408859,1312183,5123,649,3926,1605,-1332,87,-328,-73,-311,14848,0.3927,forrageando
13,1705074900,-408860,1312092,5302,780,3946,2306,2198,-1714,67,73,232,22888,0.2883,forrageando
13,1705075200,-408949,1312137,5061,661,3967,-1036,-2885,-899,847,-684,-30,2461,0.4348,forrageando
13,1705075500,-408885,1312023,5693,757,3984,1983,2540,-2341,303,746,-2,45485,0.373,forrageando
13,1705075800,-408880,1311939,3936,602,3902,-653,-3545,-1621,-106,-665,-373,52519,0.3431,forrageando
13,1705076100,-408835,1311975,4814,656,3936,-3603,-764,-1978,102,-1033,-1,10712,0.2115,forrageando
13,1705076400,-409026,1311953,6106,865,3908,733,-1292,-1363,-524,-618,138,20457,0.3022,forrageando
13,1705076700,-409061,1311775,4368,585,3967,-873,-2042,-1564,246,452,-38,40135,0.2612,forrageando
13,1705077000,-408978,1311627,3239,558,3921,1582,-316,-1785,-117,349,-505,47137,0.2915,forrageando
13,1705077300,-408965,1311876,4356,593,3915,-1723,-256,-2518,191,-1306,412,51628,0.3226,forrageando
13,1705077600,-408939,1311812,5990,852,3933,-2202,865,-1041,591,-504,-255,61942,0.377,forrageando
13,1705077900,-408922,1311974,2331,389,3985,-2270,3047,1399,190,-228,-89,49232,0.3925,forrageando
13,1705078200,-408792,1311960,2065,327,3952,902,-725,-1240,-369,126,-491,16292,0.2677,forrageando
13,1705078500,-408872,1311920,7379,905,3917,-3063,-2380,-2749,-15,-1059,67,26924,0.2349,forrageando
13,1705078800,-408810,1311935,4368,700,3984,1410,786,957,426,201,143,45759,0.3084,forrageando
13,1705079100,-408840,1311825,7067,863,3997,-2411,2530,-455,-814,217,55,32859,0.3882,forrageando
13,1705079400,-408812,1311726,2130,372,3944,916,-1768,-2766,897,-359,-217,13435,0.433,forrageando
13,1705079700,-408847,1311706,1481,2224,3920,1939,-840,-595,-269,-188,-141,16937,0.33,busca
13,1705080000,-408849,1311549,1701,2158,3981,1161,-1267,-388,3,-308,52,37630,0.4677,busca
13,1705080300,-408807,1311619,2214,2017,3978,-13,-756,-652,-128,-243,-60,13398,0.3139,busca
13,1705080600,-408817,1311778,2698,1986,3946,1524,821,-161,-266,77,40,20212,0.2951,busca
13,1705080900,-408753,1311767,2922,1981,3907,153,-458,-1113,268,26,53,14037,0.292,busca
13,1705081200,-408884,1311837,1239,2263,3963,-430,-484,-734,-3,-166,-30,61042,0.283,busca
13,1705081500,-408872,1312011,190,2500,3916,1200,-36,295,-24,18,51,13469,0.2815,transitando
13,1705081800,-408802,1311918,179,2384,3957,1450,-550,154,63,40,82,6185,0.3483,transitando
13,1705082100,-408865,1311783,358,2442,3949,1374,-106,-133,-47,-67,76,27404,0.391,transitando
13,1705082400,-408959,1311738,397,2493,3904,609,282,-69,47,105,66,21023,0.3069,transitando
13,1705082700,-408913,1311630,76,2523,3956,783,121,-387,-19,-130,-39,192,0.3505,transitando
13,1705083000,-408997,1311587,96,2491,3915,972,26,88,66,-191,131,29450,0.2622,transitando
13,1705083300,-409072,1311693,433,2452,3965,1073,244,134,-142,-73,44,57004,0.2645,transitando
13,1705083600,-409003,1311605,449,2395,3941,1014,-397,101,1,-44,-86,58273,0.3392,transitando
13,1705083900,-409087,1311690,76,2432,3976,447,22,-23,7,-67,4,14878,0.2411,transitando
13,1705084200,-408972,1311672,358,2360,3911,1273,-272,-7,166,-215,6,51645,0.3236,transitando
13,1705084500,-408911,1311829,442,2435,3979,1199,69,-367,-48,-121,-47,44793,0.3055,transitando
13,1705084800,-408978,1311997,80,2503,3973,1489,32,-266,-111,41,-5,39863,0.3756,transitando
13,1705085100,-408999,1311904,161,2405,3980,1019,-426,-57,-89,-30,3,26473,0.2921,transitando
13,1705085400,-409090,1311810,186,2357,3941,887,-489,-116,-73,99,21,22042,0.3,transitando
13,1705085700,-408992,1311713,379,2437,3954,1324,-193,-539,-81,58,64,62699,0.2447,transitando
13,1705086000,-408937,1311578,101,2521,3960,625,400,47,-72,221,25,54194,0.2572,transitando
13,1705086300,-408854,1311406,450,2333,3936,1973,198,-123,-111,-26,52,20602,0.2842,transitando
13,1705086600,-408812,1311271,384,2371,3925,1130,541,-52,-127,-64,-48,35604,0.3676,transitando
13,1705086900,-408752,1311415,204,2464,3952,1470,-702,-90,100,-96,58,2755,0.4538,transitando
13,1705087200,-408693,1311466,477,2423,3944,525,452,194,49,153,-10,56265,0.4178,transitando
13,1705087500,-408635,1311602,255,2434,3945,1036,-23,311,36,83,-62,22326,0.4412,transitando
13,1705087800,-408708,1311510,312,2455,3898,955,399,218,-80,-109,-27,5255,0.3324,transitando
13,1705088100,-408696,1311701,283,2446,3918,473,-198,-6,-202,-103,-72,41428,0.384,transitando
13,1705088400,-408650,1311684,236,2481,3915,1505,-84,49,26,28,32,27418,0.4061,transitando
13,1705088700,-408700,1311607,488,2364,3932,1398,85,305,-25,-174,-24,29445,0.3046,transitando
13,1705089000,-408586,1311569,329,2385,3968,726,-144,19,-48,48,-22,21646,0.208,transitando
13,1705089300,-408674,1311455,258,2468,3938,1978,-135,18,-48,224,19,30073,0.2332,transitando
13,1705089600,-408743,1311373,218,2416,3914,932,57,438,219,-142,-15,60750,0.2922,transitando
13,1705089900,-408670,1311238,158,2536,3920,1200,289,-97,48,-46,-2,55430,0.2793,transitando
13,1705090200,-408761,1311316,59,2465,3915,1049,335,253,130,4,-129,43113,0.3417,transitando
13,1705090500,-408829,1311264,438,2308,3903,686,266,-186,-85,32,65,46990,0.5168,transitando
13,1705090800,-408845,1311257,80,2501,3957,1080,-135,62,-33,-128,17,36554,0.4807,transitando
13,1705091100,-408816,1311112,74,2460,3972,1101,188,-52,-28,-40,89,48577,0.4503,transitando
13,1705091400,-408723,1311180,274,2425,3922,980,-110,92,-35,-34,64,18396,0.4146,transitando
13,1705091700,-408647,1311205,268,2403,3907,1070,54,213,20,189,-73,55540,0.3737,transitando
13,1705092000,-408624,1311273,186,2527,3924,1209,-649,106,59,46,1,9441,0.3344,transitando
13,1705092300,-408704,1311369,384,2402,3958,695,-631,94,-34,124,-38,31804,0.4883,transitando
13,1705092600,-408761,1311318,208,2532,3969,1184,-194,138,-112,-52,2,46783,0.3588,transitando
13,1705092900,-408664,1311361,317,2449,3937,954,189,195,-35,-35,-11,23799,0.3937,transitando
13,1705093200,-408695,1311446,169,2438,3914,580,535,-220,-27,-17,38,37550,0.3404,transitando
13,1705093500,-408732,1311587,207,2441,3983,1028,-71,175,37,102,22,30798,0.4282,transitando
13,1705093800,-408645,1311544,399,2450,3987,648,58,205,33,-86,-3,10142,0.404,transitando
13,1705094100,-408612,1311608,67,2441,3957,534,-543,-277,77,-169,0,20125,0.3711,transitando
13,1705094400,-408661,1311539,200,2535,3914,1352,9,-42,-104,-139,43,44834,0.2621,transitando
13,1705094700,-408710,1311407,423,2455,3907,1657,176,-80,-97,14,-90,36829,0.3064,transitando
13,1705095000,-408722,1311265,474,2392,3909,1124,-235,255,58,85,-15,55812,0.3624,transitando
13,1705095300,-408684,1311207,232,2549,3904,1096,99,-22,244,71,-24,43846,0.293,transitando
13,1705095600,-408769,1311093,349,2514,3897,1603,209,113,-70,-21,49,57893,0.3247,transitando
13,1705095900,-408631,1311088,253,2430,3937,701,28,-319,198,76,-71,22761,0.4923,transitando
13,1705096200,-408559,1311082,68,2525,3938,1338,-255,153,-75,-20,30,54245,0.3602,transitando
13,1705096500,-408483,1311105,488,2417,3991,967,-52,40,-12,8,-16,51669,0.318,transitando
13,1705096800,-408392,1310952,218,2491,3909,468,-123,-10,57,206,37,50474,0.2791,transitando
13,1705097100,-408508,1310810,245,2444,3923,551,-693,294,-1,88,110,14832,0.2542,transitando
13,1705097400,-408459,1310680,170,2490,3982,838,-194,314,72,91,28,60370,0.3425,transitando
13,1705097700,-408349,1310716,87,2500,3926,1738,7,-28,17,-132,-29,34935,0.3657,transitando
13,1705098000,-408444,1310722,242,2487,3983,1543,546,-431,-80,-81,19,50724,0.2581,transitando
13,1705098300,-408459,1310566,468,2515,3933,1178,103,-12,-126,-33,8,56161,0.2989,transitando
13,1705098600,-408501,1310442,437,2414,3967,963,169,128,-38,8,5,42383,0.3157,transitando
13,1705098900,-408430,1310576,138,2460,3918,1470,-8,7,0,93,0,18176,0.382,transitando
13,1705099200,-408465,1310478,307,2438,3989,172,37,50,12,8,50,36785,0.3803,transitando
13,1705099500,-408389,1310430,411,2456,3921,760,-344,-328,127,60,-84,18827,0.3764,transitando
13,1705099800,-408450,1310433,172,2546,3902,1576,133,-308,-127,91,56,24389,0.4154,transitando
13,1705100100,-408363,1310454,249,2412,3926,1237,-433,-273,-2,-191,64,61468,0.4266,transitando
13,1705100400,-408450,1310462,133,2449,3956,1636,-328,-87,-195,-118,-1,59814,0.4051,transitando
13,1705100700,-408465,1310397,340,2492,3966,1270,-195,-198,-111,48,0,34035,0.4621,transitando
13,1705101000,-408381,1310474,243,2435,3966,-126,-28,324,-147,128,-60,10927,0.3813,transitando
13,1705101300,-408410,1310627,264,2457,3899,-137,-374,-32,47,31,-10,29076,0.3038,transitando
13,1705101600,-408311,1310606,146,2512,3986,856,-40,-303,-121,-123,-65,11735,0.4415,transitando
13,1705101900,-408240,1310705,375,2361,3930,1028,-45,399,-8,-34,14,41734,0.2829,transitando
13,1705102200,-408240,1310892,308,2362,3959,1445,-198,44,-47,-78,11,29163,0.3024,transitando
13,1705102500,-408268,1310771,204,2460,3908,1261,-88,6,2,-39,61,24908,0.2947,transitando
13,1705102800,-408396,1310689,482,2345,3900,744,293,145,16,14,37,41768,0.2512,transitando
13,1705103100,-408305,1310785,231,2459,3906,1171,-206,262,-14,-81,0,26029,0.31,transitando
13,1705103400,-408274,1310920,271,2461,3902,1137,-309,152,-17,37,-140,56627,0.3456,transitando
13,1705103700,-408255,1310747,90,2502,3987,1387,46,-314,-61,35,-29,49644,0.4008,transitando
13,1705104000,-408280,1310852,413,2354,3918,1075,-62,334,9,-70,-14,36511,0.3554,transitando
13,1705104300,-408218,1310813,307,2532,3930,1885,60,115,122,135,-9,12731,0.3024,transitando
13,1705104600,-408229,1310594,180,2555,3970,1115,-313,99,18,65,-86,39213,0.3806,transitando
13,1705104900,-408308,1310488,493,2515,3987,403,-334,62,-45,63,4,39863,0.3799,transitando
13,1705105200,-408319,1310383,307,2410,3936,1276,-156,-2,-32,-177,106,53630,0.4731,transitando
13,1705105500,-408295,1310302,90,2431,3948,282,-73,-446,89,-7,115,20669,0.4409,transitando
13,1705105800,-408240,1310263,158,2323,3902,743,-374,64,80,119,-40,61709,0.4518,transitando
13,1705106100,-408265,1310337,421,2391,3964,1927,25,-502,-95,-217,0,64687,0.2562,transitando
13,1705106400,-408376,1310261,468,2479,3991,1713,-240,-129,-23,-132,-13,34127,0.4016,transitando
13,1705106700,-408459,1310161,251,2417,3963,127,-65,496,108,-31,39,14702,0.394,transitando
13,1705107000,-408345,1310183,255,2417,3954,1458,-563,-14,20,-236,46,64595,0.301,transitando
13,1705107300,-408218,1310311,441,2397,3961,1209,82,243,0,177,-73,60815,0.3198,transitando
13,1705107600,-408122,1310266,265,2380,3940,808,60,-108,-382,-197,33,18517,0.4359,transitando
13,1705107900,-408020,1310273,297,2464,3954,251,-135,41,-53,-73,25,22424,0.3872,transitando
13,1705108200,-407919,1310295,481,2407,3948,1104,-397,127,257,48,39,3793,0.3599,transitando
13,1705108500,-407902,1310358,146,2470,3903,1064,88,-34,-44,134,37,23808,0.3141,transitando
13,1705108800,-407866,1310522,174,2474,3973,-100,-498,-80,59,22,-18,2756,0.4624,transitando
13,1705109100,-407916,1310530,460,2401,3903,876,131,152,-77,-235,32,40441,0.3204,transitando
13,1705109400,-408004,1310677,370,2390,3949,1313,-140,-6,66,33,-3,34739,0.3427,transitando
13,1705109700,-407901,1310668,354,2443,3959,1156,237,-212,-38,35,-52,4469,0.4129,transitando
13,1705110000,-407797,1310675,294,2471,3912,1350,186,134,0,-78,-8,8209,0.3782,transitando
13,1705110300,-407878,1310735,363,2431,3970,909,-360,200,-125,-137,97,27758,0.5498,transitando
13,1705110600,-407840,1310745,258,2462,3961,1527,-323,596,65,20,5,31193,0.4297,transitando
13,1705110900,-407773,1310828,403,2364,3912,1555,24,-117,80,-72,-14,29297,0.3403,transitando
13,1705111200,-407823,1310974,130,2390,3967,1301,-521,-36,61,72,-68,55392,0.4004,transitando
13,1705111500,-407785,1311021,341,2398,3931,961,321,89,-25,30,21,41771,0.4145,transitando
13,1705111800,-407732,1310967,475,2381,3943,559,317,75,63,-176,-72,64206,0.3997,transitando
13,1705112100,-407785,1310937,147,2413,3917,1574,-93,-188,-27,-244,10,51113,0.4003,transitando
13,1705112400,-407798,1310864,328,2352,3934,347,-614,-227,6,-9,-27,56181,0.3686,transitando
13,1705112700,-407743,1310940,389,2423,3919,1059,629,-37,27,-85,48,4019,0.4147,transitando
13,1705113000,-407766,1310854,346,2396,3932,446,170,116,300,-126,51,42959,0.4974,transitando
13,1705113300,-407840,1310945,94,2493,3974,1110,64,208,38,154,61,48475,0.4158,transitando
13,1705113600,-407908,1310999,98,2512,3977,1510,384,216,0,72,59,38827,0.605,transitando
13,1705113900,-407954,1310977,241,2389,3991,478,-62,-263,41,55,37,62857,0.4454,transitando
13,1705114200,-408042,1310915,209,2489,3918,1314,-106,-167,30,-64,25,30999,0.318,transitando
13,1705114500,-407935,1310959,328,2438,3953,1573,-129,72,-166,63,-97,11620,0.4669,transitando
14,1705028400,292601,-394678,1736,2244,3910,-85,2706,365,207,179,-117,41946,0.2672,busca
14,1705028700,292598,-394583,1607,2189,3988,1501,359,-440,36,-308,-335,34403,0.3502,busca
14,1705029000,292632,-394500,725,2351,3995,1019,-1025,-1359,-120,-186,-130,9429,0.4067,busca
14,1705029300,292706,-394501,889,2239,3933,184,-48,-342,-104,172,-79,43023,0.4178,busca
14,1705029600,292622,-394548,1328,2299,3954,-1307,972,-997,158,-94,-317,47844,0.4251,busca
14,1705029900,292676,-394574,1584,2271,3957,298,-1234,-162,83,31,373,2258,0.443,busca
14,1705030200,292644,-394572,629,2334,3908,2156,5,-723,91,-239,-77,34475,0.2646,busca
14,1705030500,292684,-394630,1156,2256,3918,2149,84,-550,54,318,166,51820,0.4022,busca
14,1705030800,292578,-394623,1015,2195,3901,863,-1420,-353,-167,319,82,39195,0.4608,busca
14,1705031100,292539,-394579,678,2355,3907,47,1243,111,-295,-354,130,17796,0.5449,busca
14,1705031400,292558,-394588,1726,2147,3927,1671,-769,-633,-100,132,-16,8200,0.4279,busca
14,1705031700,292592,-394572,841,2331,3955,122,-1323,-527,-195,-236,179,56289,0.4077,busca
14,1705032000,292575,-394497,1017,2317,3962,848,1073,-392,-273,-21,61,45662,0.4431,busca
14,1705032300,292654,-394514,1553,2186,3924,199,-931,507,111,-153,-62,24883,0.5791,busca
14,1705032600,292677,-394534,711,2341,3947,2457,-1301,-801,-317,367,266,6654,0.6445,busca
14,1705032900,292696,-394538,1671,2240,3908,-2129,514,-923,125,84,-206,2459,0.4241,busca
14,1705033200,292754,-394551,478,2478,3991,2155,-62,-1400,33,-136,175,53576,0.4369,busca
14,1705033500,292807,-394530,1422,2223,3915,1235,247,-189,-6,43,65,23968,0.5682,busca
14,1705033800,292809,-394547,413,2355,3974,1389,371,-882,9,29,-50,63453,0.5023,busca
14,1705034100,292834,-394556,1603,2275,3988,756,402,-387,-412,54,-137,9352,0.4385,busca
14,1705034400,292785,-394477,1162,2285,3969,-1311,518,-686,-101,202,153,1137,0.3253,busca
14,1705034700,292667,-394576,1984,2076,3931,2353,876,32,-184,-177,-38,55648,0.4399,busca
14,1705035000,292736,-394602,1397,2217,3901,-473,-396,-710,-9,-126,154,19519,0.5022,busca
14,1705035300,292710,-394596,1079,2244,3937,1844,1609,-476,-141,117,83,28013,0.3979,busca
14,1705035600,292669,-394615,1501,2185,3939,624,-1045,231,33,98,-291,31470,0.3993,busca
14,1705035900,292684,-394653,1114,2373,3945,1650,-697,-494,-224,-11,-141,8388,0.4677,busca
14,1705036200,292745,-394676,442,2366,3962,-682,-941,-340,-55,77,68,32358,0.4212,busca
14,1705036500,292819,-394665,1615,2087,3946,-1212,1417,-650,-312,227,-90,52344,0.4696,busca
14,1705036800,292735,-394674,633,2408,3958,163,1221,-548,164,-134,155,39963,0.5326,busca
14,1705037100,292734,-394692,725,2376,3915,-2324,-770,-325,372,-1485,561,36647,0.6032,forrageando
14,1705037400,292776,-394689,1298,2173,3963,2092,-349,104,151,-67,-78,28719,0.2355,busca
14,1705037700,292835,-394575,1203,2222,3949,2264,-1560,-255,-39,167,146,35552,0.4456,busca
14,1705038000,292885,-394575,952,2326,3959,-500,-950,-481,56,316,-220,57881,0.4084,busca
14,1705038300,292956,-394623,663,2313,3983,13,272,-292,102,-484,-2,14774,0.4255,busca
14,1705038600,292914,-394607,1576,2136,3989,983,-171,-521,-1,-209,-62,52486,0.4772,busca
14,1705038900,292936,-394481,1464,2157,3911,2817,-317,-890,36,-96,-53,22947,0.443,busca
14,1705039200,292866,-394522,436,2467,3993,688,-1133,-333,165,-177,245,63137,0.5478,busca
14,1705039500,292872,-394547,819,2347,3913,747,-515,-1366,-177,-284,-148,17257,0.6887,busca
14,1705039800,292864,-394590,250,2405,3966,405,-400,-539,138,-150,169,4107,0.468,busca
14,1705040100,292791,-394655,599,2406,3959,764,-300,17,233,-85,246,45049,0.3623,busca
14,1705040400,292758,-394614,1425,2229,3991,644,1545,-640,-262,217,-71,3840,0.4474,busca
14,1705040700,292816,-394689,593,2393,3962,261,-336,-330,26,-46,-54,10096,0.5451,busca
14,1705041000,292823,-394673,1366,2215,3975,356,1225,-535,174,75,-151,40515,0.5487,busca
14,1705041300,292810,-394612,701,2333,3909,1117,44,-596,-128,-126,-267,56709,0.5076,busca
14,1705041600,292823,-394568,953,2208,3930,380,-912,-1175,26,76,-62,33286,0.4606,busca
14,1705041900,292805,-394512,1880,2049,3919,423,-710,-1199,57,238,80,33287,0.3824,busca
14,1705042200,292741,-394480,1373,2183,3977,1696,10,-822,-320,45,-145,33623,0.4956,busca
14,1705042500,292685,-394466,1506,2229,3942,-470,180,-999,109,59,54,56092,0.3006,busca
14,1705042800,292775,-394486,537,2419,3899,133,-528,-460,-268,-6,-169,6600,0.5761,busca
14,1705043100,292808,-394452,585,2465,3987,1689,390,181,5,-11,49,64223,0.4199,busca
14,1705043400,292821,-394526,758,2291,3990,-1269,864,-1329,-138,-9,-74,64958,0.3948,busca
14,1705043700,292834,-394458,759,2342,3958,1382,1981,-556,269,-13,-42,63942,0.4617,busca
14,1705044000,292881,-394442,564,2401,3923,-984,1009,-301,90,186,-84,41929,0.6173,busca
14,1705044300,292892,-394452,1005,2408,3934,129,-780,59,198,172,80,42472,0.5453,busca
14,1705044600,292893,-394482,766,2360,3917,1528,-125,-1008,98,-232,34,8621,0.5923,busca
14,1705044900,292897,-394460,1185,2275,3977,1104,-451,389,317,-174,23,55674,0.5188,busca
14,1705045200,292918,-394471,698,2345,3930,617,-837,-539,122,17,-100,29764,0.5034,busca
14,1705045500,292930,-394422,2258,2114,3934,157,348,-202,-11,5,26,38464,0.5879,busca
14,1705045800,292953,-394411,1575,2242,3976,-935,-1055,542,3,263,-145,64609,0.576,busca
14,1705046100,292954,-394381,408,2403,3949,319,-694,-279,309,-3,60,59630,0.5023,busca
14,1705046400,292936,-394384,743,2248,3932,848,-104,-1201,-163,-240,29,45085,0.5117,busca
14,1705046700,292909,-394366,476,2368,3929,613,-591,-1197,114,-250,-38,29750,0.5666,busca
14,1705047000,292890,-394339,1192,2282,3902,423,-264,-505,-398,295,-2,45117,0.4935,busca
14,1705047300,292979,-394227,740,2378,3953,218,-171,33,-331,207,-132,5300,0.5228,busca
14,1705047600,292999,-394248,1482,2227,3934,857,-990,-70,-184,190,-227,17829,0.6148,busca
14,1705047900,293004,-394263,1411,2253,3943,165,297,-1002,437,-33,35,16015,0.5459,busca
14,1705048200,293007,-394308,1590,2215,3972,1916,270,576,201,131,-118,42119,0.6187,busca
14,1705048500,293047,-394335,744,2324,3901,2457,460,919,17,-114,-20,59545,0.6261,busca
14,1705048800,293053,-394347,2092,2094,3921,199,-573,-231,39,336,76,44659,0.5439,busca
14,1705049100,293025,-394345,1413,2227,3924,1295,-400,296,194,78,53,44338,0.494,busca
14,1705049400,293074,-394372,1065,2302,3980,-10,581,-174,543,112,-115,39547,0.6045,busca
14,1705049700,293065,-394358,531,2332,3930,549,-411,-524,52,-220,-342,52622,0.5643,busca
14,1705050000,293085,-394363,1756,2114,3965,1125,-932,-280,-194,-250,30,14916,0.4928,busca
14,1705050300,293149,-394352,2580,1996,3997,1774,-440,-931,161,31,-222,62032,0.5254,busca
14,1705050600,293144,-394346,3657,1747,3905,2876,408,395,-123,-239,226,22989,0.5459,busca
14,1705050900,293190,-394364,3086,1884,3906,-84,105,-616,-95,171,-137,14519,0.5525,busca
14,1705051200,293175,-394366,3628,1732,3952,1121,304,40,115,134,72,50217,0.6334,busca
14,1705051500,293194,-394337,1490,2216,3903,2386,-115,-335,-81,201,-17,62879,0.5134,busca
14,1705051800,293175,-394338,2034,2055,3944,1714,-444,-1420,134,92,80,5443,0.5582,busca
14,1705052100,293171,-394326,3305,1883,3947,1457,222,49,-157,-83,-206,54985,0.5906,busca
14,1705052400,293170,-394313,3262,1877,3929,2357,441,-313,-304,-47,-78,47471,0.5169,busca
14,1705052700,293190,-394307,2841,1905,3909,331,-1272,347,24,-159,53,12166,0.5338,busca
14,1705053000,293175,-394314,2594,1964,3968,1340,-547,-503,-12,121,-55,51974,0.7109,busca
14,1705053300,293219,-394303,2268,2081,3936,2548,356,-674,288,-53,138,42964,0.6191,busca
14,1705053600,293209,-394287,1798,2192,3945,1781,10,-1034,90,-62,83,45222,0.5188,busca
14,1705053900,293179,-394258,1541,2260,3946,1513,-695,-625,220,-33,-150,8667,0.5172,busca
14,1705054200,293196,-394274,2980,1945,3997,396,1603,-494,-75,37,-48,57674,0.6059,busca
14,1705054500,293195,-394261,3074,1897,3958,-514,1142,543,-147,-119,166,35911,0.4641,busca
14,1705054800,293196,-394190,1353,2191,3907,1524,86,-1077,358,25,-25,23960,0.4956,busca
14,1705055100,293233,-394238,2078,2052,3920,-398,222,-1215,289,56,167,30870,0.5752,busca
14,1705055400,293229,-394248,2153,1993,3963,2956,-670,309,-50,-88,-194,32432,0.5786,busca
14,1705055700,293236,-394255,3324,1799,3949,-495,-1415,-573,-75,150,-233,40454,0.4991,busca
14,1705056000,293177,-394187,1285,2154,3904,1419,-594,-71,-33,-18,223,6250,0.4741,busca
14,1705056300,293224,-394146,3627,1813,3966,1589,1299,-93,105,304,530,30360,0.4982,busca
14,1705056600,293184,-394190,1111,2333,3949,568,-1601,-288,309,269,46,47840,0.5748,busca
14,1705056900,293198,-394206,3877,1678,3929,351,-82,254,-135,350,5,8137,0.4878,busca
14,1705057200,293289,-394133,1134,2195,3957,1750,350,178,-14,126,29,23785,0.5654,busca
14,1705057500,293273,-394128,3428,1826,3970,-952,749,-93,-83,100,-45,10542,0.5456,busca
14,1705057800,293277,-394151,3966,1678,3981,1608,-303,-911,-106,11,-36,61909,0.4198,busca
14,1705058100,293298,-394188,1651,2059,3941,1303,-837,-607,-182,230,265,61769,0.444,busca
14,1705058400,293219,-394085,3207,1973,3944,1720,-983,-537,58,284,69,32022,0.5135,busca
14,1705058700,293204,-394072,1866,2121,3949,-293,303,211,-203,72,-28,38836,0.6521,busca
14,1705059000,293195,-394094,2421,1995,3993,-139,-663,-1276,-403,343,-158,33597,0.5297,busca
14,1705059300,293213,-394105,2304,1962,3989,2649,-684,-1083,13,-84,-286,45186,0.5729,busca
14,1705059600,293238,-394092,2749,1911,3985,833,291,72,165,30,-179,25696,0.6437,busca
14,1705059900,293245,-394105,3933,1726,3914,252,1208,-1760,292,306,209,36724,0.3657,busca
14,1705060200,293323,-394186,3974,1663,3960,67,554,-961,-199,191,102,41106,0.5987,busca
14,1705060500,293307,-394180,1101,2321,3954,564,408,-475,107,7,149,20852,0.5673,busca
14,1705060800,293261,-394167,1870,2085,3906,1225,1858,167,-107,10,-67,44046,0.6752,busca
14,1705061100,293261,-394178,1385,2262,3981,2323,-1185,-640,-244,171,-279,7879,0.431,busca
14,1705061400,293309,-394180,1298,2334,3983,-682,493,-966,-23,-422,-19,47321,0.5032,busca
14,1705061700,293309,-394196,2983,1894,3941,2102,-18,39,-399,168,-162,16747,0.4998,busca
14,1705062000,293359,-394144,4337,608,3926,413,-894,-2161,314,-322,568,58711,0.5679,forrageando
14,1705062300,293380,-394179,4338,739,3946,-650,17,-1718,505,851,-129,3847,0.4578,forrageando
14,1705062600,293406,-394196,4074,540,3984,2148,1886,-342,64,-577,-92,51124,0.5619,forrageando
14,1705062900,293391,-394213,7261,791,3992,1984,1044,-2373,-422,530,60,54315,0.4668,forrageando
14,1705063200,293390,-394305,1988,2025,3904,403,-2710,-1570,-91,-33,17,60988,0.4846,forrageando
14,1705063500,293356,-394285,3059,511,3948,-1459,-1337,-797,549,32,348,10543,0.5425,forrageando
14,1705063800,293397,-394272,2272,416,3905,1439,-3707,-595,865,-598,135,55961,0.3954,forrageando
14,1705064100,293426,-394331,3533,543,3959,194,350,478,1836,-1011,-154,61750,0.5404,forrageando
14,1705064400,293423,-394359,4724,673,3995,5433,2289,-1003,23,-292,-50,29928,0.4671,forrageando
14,1705064700,293582,-394316,7126,947,3986,-1314,4067,-1279,254,76,-516,25558,0.4712,forrageando
14,1705065000,293653,-394285,6234,768,3970,-70,-4944,246,-87,-274,-40,60505,0.5707,forrageando
14,1705065300,293709,-394312,4118,608,3978,-1465,3188,-1332,-746,708,-105,32496,0.4897,forrageando
14,1705065600,293670,-394413,7211,889,3989,2657,-3042,-1805,-189,-856,457,50215,0.4629,forrageando
14,1705065900,293678,-394361,3387,611,3975,-608,-1799,-4,70,-153,-137,54008,0.4592,forrageando
14,1705066200,293635,-394249,6048,840,3908,-1649,-2505,-1286,-353,588,-45,41543,0.4665,forrageando
14,1705066500,293624,-394283,6798,862,3941,2208,-828,-1736,-472,-323,-60,48352,0.3187,forrageando
14,1705066800,293575,-394145,3774,585,3937,857,-1324,-1846,115,159,52,37057,0.4802,forrageando
14,1705067100,293566,-394172,3971,551,3931,226,-3085,-2197,-338,40,180,60873,0.4212,forrageando
14,1705067400,293607,-394168,2540,545,3946,-3791,-7,-344,-866,-40,540,14360,0.4579,forrageando
14,1705067700,293653,-394187,4234,674,3978,-1769,-1335,-1951,736,-321,276,36758,0.3024,forrageando
14,1705068000,293667,-394383,2343,436,3903,164,1039,316,417,381,-151,54028,0.32,forrageando
14,1705068300,293634,-394347,5239,740,3936,1436,1332,118,-305,1036,377,22654,0.3486,forrageando
14,1705068600,293726,-394365,4393,588,3996,-1029,-1679,-2719,-350,491,-95,15328,0.3978,forrageando
14,1705068900,293726,-394422,5893,755,3943,1769,2721,1262,-318,-761,-386,3278,0.3913,forrageando
14,1705069200,293870,-394478,7853,951,3980,-1315,-1072,-639,224,719,267,12694,0.2908,forrageando
14,1705069500,293850,-394528,3434,566,3949,-29,1479,493,280,339,-123,51130,0.3876,forrageando
14,1705069800,293967,-394469,3777,541,3914,177,-2681,519,110,-637,346,55045,0.4875,forrageando
14,1705070100,293925,-394421,7965,886,3997,-2431,-2021,-707,-563,1044,-77,39194,0.3996,forrageando
14,1705070400,293929,-394267,6549,935,3971,1219,2010,-644,-57,-904,-2,11450,0.3872,forrageando
14,1705070700,293956,-394144,7210,1123,3902,2813,783,-1248,28,1054,0,42315,0.5065,forrageando
14,1705071000,293967,-394165,3702,551,3908,-601,-1477,-267,557,-1123,115,45141,0.3213,forrageando
14,1705071300,293973,-394096,1700,2201,3970,-332,24,454,21,-270,-222,19467,0.3087,busca
14,1705071600,293850,-394156,1754,2182,3965,165,627,-1034,-67,96,98,48287,0.3647,busca
14,1705071900,293871,-394200,1712,2129,3961,441,584,-362,-364,-30,297,35931,0.3285,busca
14,1705072200,293742,-394281,3351,1847,3920,343,516,-610,-245,-227,-113,29035,0.5135,busca
14,1705072500,293759,-394242,3232,1836,3920,1661,291,155,-67,-135,121,37826,0.3874,busca
14,1705072800,293813,-394231,3551,1831,3956,1936,632,661,-9,340,89,20522,0.2707,busca
14,1705073100,293785,-394063,3184,1841,3911,-1890,-48,-66,-246,54,-267,49214,0.3859,busca
14,1705073400,293773,-394102,2457,1921,3933,1452,295,-710,134,360,-47,10767,0.3226,busca
14,1705073700,293897,-393974,2507,2017,3903,335,693,-442,428,406,5,8846,0.2831,busca
14,1705074000,293839,-394116,2409,2041,3921,873,598,-573,229,-110,113,51752,0.2692,busca
14,1705074300,293901,-394158,2778,1919,3996,221,-1457,-1483,-121,-89,-168,18005,0.1895,busca
14,1705074600,294006,-394296,3004,1929,3905,-406,-71,-554,326,-181,-420,24846,0.331,busca
14,1705074900,293910,-394309,1309,2224,3913,-341,-79,728,-72,16,-73,32289,0.2811,busca
14,1705075200,293919,-394459,4421,1607,3906,726,-28,-231,173,226,-40,14664,0.197,busca
14,1705075500,293989,-394502,3505,1865,3952,1022,-490,33,24,-17,-41,15635,0.2632,busca
14,1705075800,293932,-394442,1497,2180,3927,1218,1020,-306,-117,-225,-56,22366,0.2127,busca
14,1705076100,293866,-394306,1730,2151,3919,1455,-180,-268,-61,-94,57,32072,0.2419,busca
14,1705076400,294008,-394271,3873,1664,3989,1334,951,-706,-95,30,31,22309,0.234,busca
14,1705076700,293991,-394168,2301,1949,3951,1313,500,-493,245,-117,136,4668,0.3258,busca
14,1705077000,293983,-394088,3447,1879,3991,354,399,-495,203,16,166,6363,0.5498,busca
14,1705077300,293981,-394061,3028,1851,3976,1215,-96,-661,33,-89,-148,43697,0.2526,busca
14,1705077600,293977,-394174,1233,2326,3936,1375,1119,-514,-4,-320,-321,58460,0.3705,busca
14,1705077900,293881,-394169,1958,2100,3958,-589,-738,-162,-9,-285,-70,43286,0.3904,busca
14,1705078200,293869,-394245,3497,1797,3909,-1850,-1425,311,32,67,97,30166,0.3769,busca
14,1705078500,293911,-394208,2445,2012,3950,-812,-600,-224,-285,210,-144,58545,0.3681,busca
14,1705078800,293836,-394197,2714,1933,3927,1901,264,-809,-221,-32,58,43242,0.3491,busca
14,1705079100,293839,-394063,1547,2176,3972,-98,-409,-109,-39,36,-147,62798,0.3436,busca
14,1705079400,293918,-394136,4000,1807,3961,1573,54,-530,-7,128,71,15627,0.4254,busca
14,1705079700,293922,-394171,3626,1751,3917,501,-468,-251,132,-201,-133,13839,0.4023,busca
14,1705080000,293854,-394144,4372,1575,3987,1660,230,-11,-123,-120,31,37785,0.4031,busca
14,1705080300,293836,-394251,1801,2168,3943,276,-356,-1077,-32,116,22,51748,0.416,busca
14,1705080600,293865,-394201,1577,2168,3904,858,-630,72,-192,-49,283,6459,0.2659,busca
14,1705080900,293852,-394022,2019,2085,3971,2080,607,50,-19,79,-80,34549,0.2399,busca
14,1705081200,293917,-393871,2144,1971,3958,748,-394,-39,-37,-303,35,40754,0.2927,busca
14,1705081500,293965,-393913,1179,2303,3903,702,1127,-402,-29,-50,119,52057,0.3836,busca
14,1705081800,293943,-393969,2938,1916,3916,1184,415,-914,-310,257,-55,60493,0.345,busca
14,1705082100,293879,-393855,1931,2123,3992,722,299,208,-139,-96,129,41288,0.3412,busca
14,1705082400,293798,-393971,1981,2130,3969,1031,-88,-810,276,428,66,41314,0.3172,busca
14,1705082700,293813,-394161,3620,1736,3973,423,93,-218,-3,56,-134,61943,0.2325,busca
14,1705083000,293814,-394304,3324,1784,3933,1228,-519,-575,63,309,-119,15929,0.3866,busca
14,1705083300,293889,-394339,1098,2258,3906,-1250,-484,-720,93,-21,21,28654,0.2728,busca
14,1705083600,293833,-394279,482,2408,3915,1314,406,-153,21,46,51,48960,0.2442,transitando
14,1705083900,293801,-394166,446,2350,3975,682,14,-347,31,-135,33,19236,0.2088,transitando
14,1705084200,293697,-394240,165,2494,3919,550,-88,-215,-9,-283,-1,60154,0.1959,transitando
14,1705084500,293722,-394325,199,2434,3939,575,-139,-196,-71,-22,-17,47150,0.2231,transitando
14,1705084800,293800,-394303,514,2393,3939,1034,-45,284,57,3,10,46630,0.3597,transitando
14,1705085100,293872,-394374,88,2507,3912,1426,220,-55,65,0,-43,18496,0.3878,transitando
14,1705085400,293834,-394311,67,2565,3992,933,-82,229,10,164,79,11307,0.2727,transitando
14,1705085700,293763,-394406,153,2450,3948,1860,-212,-58,-147,98,-12,19274,0.2848,transitando
14,1705086000,293658,-394455,330,2406,3907,953,129,0,35,-142,42,39174,0.2444,transitando
14,1705086300,293580,-394366,329,2413,3981,911,336,-199,39,134,7,62563,0.2933,transitando
14,1705086600,293466,-394269,423,2446,3928,1615,198,345,139,-167,-9,25877,0.3708,transitando
14,1705086900,293531,-394282,250,2529,3989,1272,160,-99,52,104,-24,43721,0.3416,transitando
14,1705087200,293477,-394368,317,2354,3937,541,31,-75,-49,-30,-40,46033,0.3112,transitando
14,1705087500,293576,-394317,442,2464,3972,1692,-173,-59,17,35,88,31792,0.2899,transitando
14,1705087800,293684,-394358,373,2350,3959,-323,-126,-489,-23,-8,96,31323,0.3053,transitando
14,1705088100,293569,-394323,240,2413,3962,827,-135,73,-250,185,60,4229,0.4031,transitando
14,1705088400,293649,-394312,385,2333,3963,1297,61,283,21,-174,0,41713,0.3496,transitando
14,1705088700,293601,-394454,89,2500,3957,961,-121,79,175,127,-33,40290,0.3428,transitando
14,1705089000,293495,-394510,175,2403,3929,1790,-141,-226,165,-33,-25,38660,0.3348,transitando
14,1705089300,293402,-394541,298,2432,3995,1216,-45,351,138,-111,-83,52899,0.4015,transitando
14,1705089600,293457,-394559,299,2474,3956,777,376,-362,109,46,38,37775,0.3704,transitando
14,1705089900,293543,-394636,447,2368,3909,1537,254,272,-53,-17,-33,58643,0.322,transitando
14,1705090200,293613,-394575,425,2364,3914,1572,-104,13,69,-119,-29,30717,0.3591,transitando
14,1705090500,293668,-394558,74,2417,3921,1115,723,231,156,-11,62,65525,0.3965,transitando
14,1705090800,293585,-394535,514,2343,3931,2132,28,-244,-24,0,35,29927,0.2499,transitando
14,1705091100,293466,-394533,98,2553,3954,758,23,-198,204,55,24,8946,0.2978,transitando
14,1705091400,293342,-394660,146,2563,3996,1555,153,148,26,170,-79,36410,0.3122,transitando
14,1705091700,293328,-394532,190,2421,3947,703,55,151,-108,-30,30,45847,0.3169,transitando
14,1705092000,293255,-394469,284,2449,3985,892,-565,43,-27,-11,73,63755,0.426,transitando
14,1705092300,293209,-394397,583,2421,3965,2145,-360,-356,52,-49,39,50219,0.2952,transitando
14,1705092600,293162,-394232,348,2410,3920,1057,25,260,25,-75,-81,22599,0.347,transitando
14,1705092900,293075,-394128,404,2415,3984,1748,341,-47,18,-27,32,35124,0.3933,transitando
14,1705093200,292977,-394133,49,2431,3935,1703,518,-271,-127,-36,17,50978,0.435,transitando
14,1705093500,292890,-394118,237,2366,3984,957,-8,-86,-182,-58,-67,20930,0.3716,transitando
14,1705093800,292826,-394210,194,2476,3912,1751,89,163,74,-65,-53,4029,0.393,transitando
14,1705094100,292843,-394110,192,2504,3974,902,51,-323,88,-61,43,22668,0.3434,transitando
14,1705094400,292856,-393965,490,2365,3994,1825,-386,-95,-15,-40,7,9183,0.3815,transitando
14,1705094700,292780,-394008,221,2547,3929,685,-234,-166,5,-62,-27,63748,0.3309,transitando
14,1705095000,292679,-393881,266,2432,3927,1398,91,321,60,-24,70,37011,0.3258,transitando
14,1705095300,292675,-393731,210,2423,3992,1227,-419,-115,-209,-28,-9,48463,0.3746,transitando
14,1705095600,292772,-393727,174,2451,3963,1450,91,32,-60,61,32,18633,0.3807,transitando
14,1705095900,292692,-393720,223,2414,3929,761,-398,-59,-2,8,-21,43006,0.4135,transitando
14,1705096200,292710,-393774,392,2417,3930,1166,126,-41,14,35,60,14741,0.2523,transitando
14,1705096500,292664,-393891,380,2421,3982,996,-33,-92,54,-63,9,34245,0.401,transitando
14,1705096800,292668,-393821,472,2406,3955,2306,-201,-17,2,-172,14,27532,0.4689,transitando
14,1705097100,292663,-393915,251,2485,3951,1008,-250,133,121,175,18,32095,0.3992,transitando
14,1705097400,292717,-393814,121,2435,3946,1231,239,-3,-3,0,27,6603,0.3652,transitando
14,1705097700,292695,-393730,445,2375,3949,260,174,-455,52,94,-41,63852,0.272,transitando
14,1705098000,292814,-393749,240,2484,3923,947,-8,287,111,97,-71,45385,0.3438,transitando
14,1705098300,292962,-393701,401,2419,3933,565,351,-236,-149,153,-60,59852,0.4007,transitando
14,1705098600,292982,-393636,103,2551,3916,1002,268,-33,25,-6,-9,64686,0.3745,transitando
14,1705098900,292993,-393743,185,2511,3909,1644,243,146,77,21,-62,20266,0.3942,transitando
14,1705099200,292999,-393820,382,2395,3961,1088,-276,-297,158,-16,-80,21190,0.4197,transitando
14,1705099500,293022,-393758,153,2504,3974,942,-604,-143,-80,19,-21,28499,0.379,transitando
14,1705099800,292961,-393840,270,2421,3991,978,-402,94,39,13,36,15409,0.4501,transitando
14,1705100100,293031,-393882,58,2454,3928,667,134,-79,25,97,59,15832,0.4924,transitando
14,1705100400,293098,-393848,112,2515,3978,770,-37,-160,-83,-202,37,9554,0.3739,transitando
14,1705100700,293177,-393938,134,2486,3966,1402,-31,99,23,-21,-57,2076,0.2593,transitando
14,1705101000,293126,-394060,107,2351,3916,887,422,52,54,-107,-43,33618,0.3977,transitando
14,1705101300,293167,-394044,281,2486,3918,1343,0,-23,91,-50,-43,15208,0.4535,transitando
14,1705101600,293185,-394126,201,2459,3942,510,11,116,99,44,87,52965,0.4537,transitando
14,1705101900,293220,-394177,431,2441,3960,675,183,157,-45,-109,-125,49325,0.3672,transitando
14,1705102200,293268,-394066,325,2461,3996,363,155,-114,-27,81,69,63895,0.4319,transitando
14,1705102500,293249,-394132,63,2537,3913,1221,-346,298,3,-10,-79,3671,0.3635,transitando
14,1705102800,293252,-394077,77,2451,3933,1685,-246,294,52,-101,-8,50128,0.3242,transitando
14,1705103100,293361,-394064,67,2529,3959,1779,499,45,-98,66,-66,3032,0.2896,transitando
14,1705103400,293473,-394069,325,2510,3996,299,-4,-72,78,-60,43,44769,0.4469,transitando
14,1705103700,293527,-394091,400,2459,3955,1640,-753,163,-12,139,-52,52957,0.3995,transitando
14,1705104000,293617,-394086,96,2438,3913,766,-372,-45,133,-8,-35,27553,0.5531,transitando
14,1705104300,293582,-394080,132,2454,3983,81,18,-266,-55,138,7,61413,0.4206,transitando
14,1705104600,293692,-394124,411,2379,3967,1301,243,-140,-24,-158,-51,49077,0.3211,transitando
14,1705104900,293744,-393979,53,2467,3937,706,-64,37,94,-154,-72,295,0.4169,transitando
14,1705105200,293758,-394043,338,2456,3995,1212,373,10,-134,57,-32,18856,0.3939,transitando
14,1705105500,293747,-394132,413,2380,3982,-313,25,-186,-119,-141,60,54785,0.4224,transitando
14,1705105800,293677,-394128,78,2557,3991,1020,62,220,142,54,138,59591,0.3856,transitando
14,1705106100,293770,-394147,129,2534,3992,1211,37,161,-45,-70,27,4223,0.3774,transitando
14,1705106400,293833,-394079,288,2327,3904,825,-65,245,9,-110,-6,11259,0.4186,transitando
14,1705106700,293747,-394093,259,2424,3967,2177,-782,-372,-214,76,15,18799,0.3331,transitando
14,1705107000,293757,-393964,372,2455,3897,986,-439,-76,-4,-62,-44,22535,0.4583,transitando
14,1705107300,293742,-394063,286,2442,3984,473,4,108,74,-81,-97,5451,0.4845,transitando
14,1705107600,293857,-394100,221,2521,3947,417,179,15,54,32,17,11690,0.4983,transitando
14,1705107900,293896,-394001,92,2487,3898,509,68,-118,-47,-91,78,58831,0.3839,transitando
14,1705108200,294001,-393994,481,2389,3917,1355,-70,4,-223,274,-40,56075,0.4605,transitando
14,1705108500,294078,-393948,441,2345,3962,879,75,238,-40,74,8,19578,0.3708,transitando
14,1705108800,294063,-393871,395,2397,3986,1205,16,63,-27,-39,0,10456,0.3923,transitando
14,1705109100,293977,-393847,194,2398,3974,551,125,239,46,1,-77,16576,0.3368,transitando
14,1705109400,293878,-393939,59,2529,3968,1087,-296,258,-54,39,-40,14400,0.4912,transitando
14,1705109700,293913,-393891,442,2418,3933,1099,400,108,192,-66,64,9169,0.2685,transitando
14,1705110000,293788,-393884,351,2453,3956,1147,123,75,-164,-122,-37,65489,0.4059,transitando
14,1705110300,293706,-393803,316,2440,3949,1352,-346,-184,112,11,-60,31110,0.4408,transitando
14,1705110600,293757,-393852,500,2509,3898,638,197,-255,61,-91,21,33437,0.4015,transitando
14,1705110900,293659,-393824,137,2533,3964,914,114,136,-13,0,111,57539,0.3741,transitando
14,1705111200,293651,-393756,443,2387,3937,708,281,140,-12,110,35,24383,0.3585,transitando
14,1705111500,293716,-393762,215,2507,3983,998,135,-195,137,90,-31,44916,0.4647,transitando
14,1705111800,293706,-393661,204,2461,3926,1423,88,-163,27,-44,-69,39408,0.4782,transitando
14,1705112100,293741,-393621,436,2381,3936,1039,237,81,49,-67,36,6202,0.4332,transitando
14,1705112400,293693,-393600,274,2445,3974,1400,176,-196,-52,25,-62,9623,0.5665,transitando
14,1705112700,293681,-393613,173,2473,3921,1317,-459,-212,40,81,-82,16033,0.5188,transitando
14,1705113000,293701,-393613,134,2441,3985,108,347,17,-8,112,-37,28369,0.4675,transitando
14,1705113300,293769,-393669,139,2444,3975,746,727,-166,-22,51,-97,46753,0.4622,transitando
14,1705113600,293702,-393623,139,2559,3932,138,356,-68,164,70,57,17210,0.4401,transitando
14,1705113900,293608,-393566,494,2458,3994,209,-271,154,1,-70,6,34220,0.3843,transitando
14,1705114200,293674,-393570,511,2337,3946,1514,447,354,39,-130,38,28200,0.504,transitando
14,1705114500,293635,-393557,166,2484,3974,1176,495,-23,-205,174,80,53468,0.4393,transitando
15,1705028400,-492060,-558213,1226,2283,3958,-475,-291,-906,107,-187,32,386,0.4718,busca
15,1705028700,-492103,-558121,842,2299,3984,775,1512,-383,-64,43,-287,39175,0.3365,busca
15,1705029000,-492049,-558092,1368,2209,3901,206,702,-326,-246,147,356,30492,0.3473,busca
15,1705029300,-492068,-558205,941,2370,3979,-16,276,-60,142,0,-65,40034,0.3042,busca
15,1705029600,-492016,-558189,1143,2268,3966,882,-606,483,46,-128,-27,34108,0.3581,busca
15,1705029900,-492041,-558055,682,2329,3924,311,-292,-420,-35,81,-6,9366,0.4395,busca
15,1705030200,-492004,-557956,1419,2134,3918,556,-187,-834,-248,12,-174,2396,0.443,busca
15,1705030500,-491967,-558028,1761,2124,3910,-670,1437,261,235,19,56,10155,0.4119,busca
15,1705030800,-492011,-558083,1098,2230,3987,-636,-281,408,-18,-304,40,9396,0.529,busca
15,1705031100,-491992,-558162,640,2298,3914,557,977,-110,71,16,-23,9583,0.4614,busca
15,1705031400,-492013,-558125,1926,2088,3947,562,271,-620,561,141,-122,32347,0.5334,busca
15,1705031700,-492025,-558115,256,2337,3983,1117,138,-369,-9,-87,-8,51851,0.2933,transitando
15,1705032000,-491994,-557921,495,2378,3919,1030,383,-247,203,141,-5,21434,0.4535,transitando
15,1705032300,-491919,-557877,314,2383,3991,761,-42,-326,100,-5,-70,30887,0.4923,transitando
15,1705032600,-491817,-557843,413,2450,3922,1354,296,24,-54,30,-15,2421,0.5691,transitando
15,1705032900,-491788,-557841,383,2422,3900,1612,-292,-322,-38,-184,38,53375,0.411,transitando
15,1705033200,-491816,-557913,107,2610,3993,436,-537,106,130,55,-85,36273,0.33,transitando
15,1705033500,-491832,-558094,64,2570,3961,681,-70,-116,-16,15,6,31307,0.4782,transitando
15,1705033800,-491929,-558013,325,2483,3934,1272,90,124,78,127,61,31291,0.3856,transitando
15,1705034100,-491885,-557994,310,2508,3951,675,351,85,31,-63,-49,47979,0.3188,transitando
15,1705034400,-491961,-558137,223,2477,3940,1173,-72,160,73,-128,-25,36074,0.3732,transitando
15,1705034700,-492010,-558249,85,2453,3972,1008,-337,66,69,-15,27,26570,0.4495,transitando
15,1705035000,-491953,-558114,364,2480,3965,1261,-387,-54,-35,56,-81,209,0.44,transitando
15,1705035300,-491970,-558012,172,2440,3933,974,127,96,137,-7,22,10911,0.4111,transitando
15,1705035600,-492011,-558056,151,2435,3979,1767,-42,-39,15,-119,-40,26266,0.4199,transitando
15,1705035900,-491935,-558023,537,2389,3906,1110,320,-267,-17,-102,-4,54266,0.6037,transitando
15,1705036200,-491937,-558079,141,2486,3955,833,170,-90,58,189,35,12924,0.2847,transitando
15,1705036500,-492010,-557956,207,2479,3959,677,-742,-183,133,-23,-70,47205,0.5285,transitando
15,1705036800,-492030,-557980,297,2481,3993,594,32,-52,50,-39,-79,62516,0.4435,transitando
15,1705037100,-492099,-557903,169,2496,3947,1958,-83,-320,-34,95,-63,47434,0.5439,transitando
15,1705037400,-492119,-557939,80,2495,3982,1022,-72,142,-187,-2,-39,44529,0.4664,transitando
15,1705037700,-492031,-557986,78,2502,3910,1081,-292,64,91,-117,-63,25439,0.5063,transitando
15,1705038000,-492051,-558002,196,2425,3982,543,108,24,-117,-174,-34,31428,0.3369,transitando
15,1705038300,-492001,-557772,170,2447,3977,396,-114,-162,245,110,1,8193,0.4355,transitando
15,1705038600,-491967,-557716,441,2483,3933,1606,19,151,76,-58,-13,26418,0.442,transitando
15,1705038900,-491845,-557747,362,2453,3995,727,5,80,-92,-6,37,8391,0.4494,transitando
15,1705039200,-491880,-557692,160,2503,3932,888,795,-64,140,-28,44,18529,0.4671,transitando
15,1705039500,-491844,-557605,460,2416,3927,483,404,259,106,-45,-14,59257,0.4481,transitando
15,1705039800,-491884,-557639,313,2422,3953,951,-79,163,69,-172,-38,46450,0.4247,transitando
15,1705040100,-491874,-557511,286,2516,3963,1135,-233,-284,2,-191,7,11977,0.5641,transitando
15,1705040400,-491860,-557497,258,2463,3939,538,215,105,99,-24,1,60331,0.496,transitando
15,1705040700,-491808,-557395,307,2350,3986,989,-89,67,63,60,71,10925,0.4499,transitando
15,1705041000,-491777,-557461,322,2449,3990,479,134,63,45,8,-50,62657,0.4185,transitando
15,1705041300,-491733,-557379,483,2405,3948,744,-207,109,-18,0,118,11605,0.561,transitando
15,1705041600,-491737,-557353,199,2471,3992,1414,181,-385,-20,69,84,31674,0.5037,transitando
15,1705041900,-491766,-557300,67,2589,3926,1491,-197,-35,-148,4,14,21708,0.4444,transitando
15,1705042200,-491834,-557314,401,2404,3988,1311,161,2,213,-140,-36,63970,0.5554,transitando
15,1705042500,-491808,-557289,181,2441,3992,1206,306,-350,244,-41,-34,51441,0.4455,transitando
15,1705042800,-491890,-557187,364,2520,3995,1110,338,151,-8,-61,-71,35475,0.4396,transitando
15,1705043100,-491841,-557322,456,2416,3917,484,340,239,31,-13,-9,27414,0.5954,transitando
15,1705043400,-491816,-557318,139,2450,3956,301,-238,123,-11,86,-49,53224,0.5347,transitando
15,1705043700,-491848,-557295,92,2487,3975,1298,59,21,-91,56,29,36150,0.5419,transitando
15,1705044000,-491866,-557338,455,2478,3968,1080,5,-35,-12,55,24,25387,0.6014,transitando
15,1705044300,-491895,-557405,147,2412,3915,570,16,-120,-147,-66,-25,17021,0.549,transitando
15,1705044600,-491850,-557423,211,2490,3988,617,-380,-277,161,-96,-3,32317,0.4713,transitando
15,1705044900,-491847,-557512,286,2333,3993,1027,-359,-210,-70,-89,7,1,0.4256,transitando
15,1705045200,-491784,-557480,445,2354,3974,1028,103,-106,-177,-133,63,22332,0.4962,transitando
15,1705045500,-491848,-557471,110,2514,3904,610,176,-176,-38,-12,-47,5270,0.4291,transitando
15,1705045800,-491745,-557542,308,2461,3987,1280,61,-149,155,62,35,26712,0.5337,transitando
15,1705046100,-491718,-557563,352,2476,3928,1808,34,309,-80,39,46,26585,0.4457,transitando
15,1705046400,-491656,-557526,480,2388,3899,1344,-267,-110,-15,-100,-15,48714,0.383,transitando
15,1705046700,-491625,-557424,361,2398,3992,-12,36,152,-49,44,-26,46460,0.5371,transitando
15,1705047000,-491652,-557413,234,2545,3951,25,-140,8,-66,-46,14,7520,0.4731,transitando
15,1705047300,-491641,-557496,237,2454,3930,647,-205,230,26,-62,70,54007,0.3837,transitando
15,1705047600,-491649,-557642,166,2450,3911,1342,147,-56,210,-25,-11,43680,0.4814,transitando
15,1705047900,-491690,-557586,212,2483,3973,788,-44,-46,64,38,37,21699,0.4518,transitando
15,1705048200,-491592,-557637,84,2490,3969,1644,-447,1,168,-43,-18,53161,0.4613,transitando
15,1705048500,-491524,-557733,333,2438,3926,955,-110,-138,-67,78,-32,13915,0.5471,transitando
15,1705048800,-491526,-557800,55,2453,3898,1098,106,-100,-80,-23,108,61264,0.5121,transitando
15,1705049100,-491510,-557861,422,2303,3908,1196,94,-76,116,130,-4,62839,0.5443,transitando
15,1705049400,-491520,-557908,370,2459,3987,940,-109,59,-29,41,-53,20358,0.5274,transitando
15,1705049700,-491496,-557873,275,2439,3981,1675,342,386,-31,72,48,58188,0.5546,transitando
15,1705050000,-491466,-557887,411,2437,3963,1063,-17,248,46,14,0,32741,0.7158,transitando
15,1705050300,-491468,-557911,285,2427,3933,1329,-356,-448,-61,130,-74,32890,0.426,transitando
15,1705050600,-491432,-558002,76,2530,3996,1169,-119,-62,133,-94,-101,63796,0.6836,transitando
15,1705050900,-491453,-558000,156,2402,3922,896,392,-101,48,49,-29,43570,0.5678,transitando
15,1705051200,-491423,-558005,552,2546,3989,523,-49,317,-11,-78,-9,42095,0.4807,transitando
15,1705051500,-491433,-557895,451,2393,3914,993,-304,342,141,-7,-102,9892,0.5487,transitando
15,1705051800,-491415,-557862,293,2540,3906,1452,4,-223,0,-102,-15,2995,0.6297,transitando
15,1705052100,-491414,-557821,114,2559,3994,928,-144,-87,17,96,44,36643,0.4782,transitando
15,1705052400,-491516,-557834,141,2522,3940,1356,-71,-33,-25,44,-33,62319,0.3328,transitando
15,1705052700,-491476,-558065,402,2363,3951,755,74,192,117,163,-44,50439,0.483,transitando
15,1705053000,-491557,-558077,206,2449,3898,835,-177,-30,-40,47,-58,28904,0.5947,transitando
15,1705053300,-491540,-558064,288,2433,3980,619,-277,-174,252,-10,24,5732,0.6362,transitando
15,1705053600,-491530,-558016,195,2516,3908,1594,-153,117,18,77,-82,10246,0.557,transitando
15,1705053900,-491517,-558022,582,2377,3978,1734,-1,56,0,-13,-72,61148,0.4887,transitando
15,1705054200,-491460,-557995,318,2449,3980,-170,-455,165,-21,-36,-97,35359,0.6768,transitando
15,1705054500,-491471,-558030,369,2411,3929,1111,-82,87,-2,-21,-24,42646,0.5668,transitando
15,1705054800,-491491,-558006,450,2423,3984,335,78,-176,47,41,7,48846,0.4593,transitando
15,1705055100,-491457,-557900,126,2354,3939,1363,-92,208,-82,-165,66,25256,0.6008,transitando
15,1705055400,-491462,-557948,361,2468,3973,1016,-844,39,-3,-33,52,6357,0.6505,transitando
15,1705055700,-491490,-557951,354,2338,3945,1567,-577,84,73,37,62,5454,0.6275,transitando
15,1705056000,-491503,-557963,68,2432,3899,1050,-103,178,42,1,-29,47262,0.6115,transitando
15,1705056300,-491460,-557982,175,2488,3908,1218,577,-251,29,6,-11,37006,0.4289,transitando
15,1705056600,-491512,-558051,144,2464,3983,1392,-38,45,-133,-61,22,34833,0.587,transitando
15,1705056900,-491522,-558036,349,2410,3899,1562,-219,-52,-35,-55,-9,6813,0.5011,transitando
15,1705057200,-491509,-558077,231,2438,3981,267,-119,-323,-7,-9,-14,37791,0.4839,transitando
15,1705057500,-491436,-558029,227,2436,3994,1075,-223,-137,-212,-12,29,62022,0.4705,transitando
15,1705057800,-491527,-557953,438,2401,3937,783,-58,-375,-171,184,-10,2134,0.5003,transitando
15,1705058100,-491520,-557935,481,2411,3900,1076,-13,73,-75,-10,62,8630,0.5672,transitando
15,1705058400,-491484,-557931,192,2422,3955,1511,85,-110,-199,-65,81,51002,0.471,transitando
15,1705058700,-491539,-557892,90,2458,3978,1025,274,72,18,96,-53,35253,0.5653,transitando
15,1705059000,-491505,-557914,426,2401,3946,551,342,52,-30,-66,-15,55637,0.4374,transitando
15,1705059300,-491467,-557888,144,2439,3989,1764,156,233,144,-20,-2,63169,0.5182,transitando
15,1705059600,-491486,-557913,228,2490,3918,539,-476,-80,126,12,47,8358,0.5233,transitando
15,1705059900,-491491,-557935,204,2448,3943,904,-243,-19,183,81,61,58170,0.4624,transitando
15,1705060200,-491500,-558013,134,2501,3948,1074,-41,69,-124,-151,-155,8517,0.5536,transitando
15,1705060500,-491524,-558059,400,2421,3897,667,-288,31,-17,-40,15,6762,0.5123,transitando
15,1705060800,-491502,-558033,333,2365,3946,458,321,-132,-119,17,94,45586,0.4203,transitando
15,1705061100,-491505,-557846,411,2388,3968,311,-286,-3,-6,-16,7,47535,0.5448,transitando
15,1705061400,-491521,-557887,206,2433,3986,1122,34,57,28,73,51,1137,0.5363,transitando
15,1705061700,-491509,-557918,392,2419,3945,920,-194,294,-130,-64,-137,38176,0.523,transitando
15,1705062000,-491488,-557962,198,2546,3906,1362,-303,-128,86,-162,51,31099,0.5694,transitando
15,1705062300,-491464,-557986,243,2459,3977,630,-384,-231,-62,134,-47,11928,0.5101,transitando
15,1705062600,-491440,-558028,84,2498,3936,1183,436,-336,17,-53,31,50850,0.4649,transitando
15,1705062900,-491484,-557938,356,2475,3913,642,-499,-204,135,30,-47,12310,0.5005,transitando
15,1705063200,-491522,-557957,275,2466,3955,802,-58,-331,36,133,51,20750,0.4958,transitando
15,1705063500,-491569,-557855,147,2480,3906,976,-410,-135,-98,41,-2,22387,0.4259,transitando
15,1705063800,-491514,-557740,176,2318,3979,680,342,-34,81,99,12,19621,0.6139,transitando
15,1705064100,-491486,-557745,236,2428,3911,1537,413,68,-43,152,-16,27437,0.6687,transitando
15,1705064400,-491479,-557768,123,2540,3906,683,-492,-79,145,-128,1,26629,0.5768,transitando
15,1705064700,-491462,-557749,527,2432,3933,1506,-364,-101,6,-30,101,17198,0.4205,transitando
15,1705065000,-491523,-557731,122,2448,3987,1141,-172,38,66,69,74,11106,0.3659,transitando
15,1705065300,-491458,-557698,581,2371,3961,1166,28,8,-70,101,-37,21010,0.4364,transitando
15,1705065600,-491405,-557596,332,2421,3920,1395,705,-272,45,17,-67,65187,0.3871,transitando
15,1705065900,-491479,-557691,271,2406,3904,1403,-732,-90,-74,154,-98,48238,0.4284,transitando
15,1705066200,-491442,-557607,243,2439,3959,1548,-127,-165,-26,137,-30,60198,0.3803,transitando
15,1705066500,-491375,-557521,182,2406,3905,2031,-331,170,5,-13,50,30549,0.3668,transitando
15,1705066800,-491352,-557415,454,2350,3902,650,65,63,41,89,-20,43484,0.4033,transitando
15,1705067100,-491312,-557572,117,2450,3983,252,97,-179,51,65,63,974,0.3256,transitando
15,1705067400,-491427,-557687,114,2463,3941,1319,156,183,42,-66,-64,29194,0.5315,transitando
15,1705067700,-491424,-557642,305,2452,3950,1065,-221,-91,190,-61,-75,5717,0.3789,transitando
15,1705068000,-491423,-557496,334,2495,3935,638,-436,-234,-225,234,-9,64859,0.4503,transitando
15,1705068300,-491399,-557624,292,2486,3906,340,-382,148,-25,70,4,26933,0.4836,transitando
15,1705068600,-491406,-557734,355,2438,3938,1635,-25,7,-83,120,-7,55631,0.4279,transitando
15,1705068900,-491420,-557847,576,2407,3900,967,-96,4,6,-27,-2,8189,0.4194,transitando
15,1705069200,-491466,-557731,268,2496,3929,1301,148,-72,-146,43,20,12835,0.5192,transitando
15,1705069500,-491489,-557726,539,2346,3917,-6,248,42,20,26,-42,2579,0.3732,transitando
15,1705069800,-491512,-557638,228,2432,3942,1629,239,210,109,148,60,8135,0.3855,transitando
15,1705070100,-491622,-557682,373,2349,3989,888,90,-144,52,125,-88,39376,0.3105,transitando
15,1705070400,-491504,-557726,435,2371,3897,375,-81,-309,200,-124,35,17521,0.426,transitando
15,1705070700,-491529,-557625,306,2408,3981,1319,247,116,79,11,-3,58807,0.3927,transitando
15,1705071000,-491569,-557684,201,2391,3904,1578,-255,-205,181,-122,-4,47765,0.4515,transitando
15,1705071300,-491522,-557643,407,2528,3920,644,-79,-121,-247,-119,21,43261,0.2681,transitando
15,1705071600,-491638,-557681,475,2498,3910,1706,-233,-169,109,27,-30,57469,0.35,transitando
15,1705071900,-491725,-557772,409,2430,3978,792,-197,-26,56,-27,36,63036,0.4049,transitando
15,1705072200,-491716,-557864,238,2317,3983,1231,260,-43,-131,-151,3,23026,0.377,transitando
15,1705072500,-491756,-557715,161,2397,3936,914,-406,-199,-76,-68,19,62528,0.3229,transitando
15,1705072800,-491843,-557652,77,2521,3947,685,-197,249,-73,-14,8,14513,0.361,transitando
15,1705073100,-491916,-557679,367,2433,3942,1364,206,78,25,-4,22,54331,0.3942,transitando
15,1705073400,-491912,-557784,99,2508,3917,1443,131,0,0,-46,-33,1445,0.4143,transitando
15,1705073700,-492010,-557805,192,2410,3946,658,-81,-154,152,9,14,41765,0.5022,transitando
15,1705074000,-492035,-557809,7715,904,3914,4244,1953,-1904,-374,-167,365,5138,0.3642,forrageando
15,1705074300,-492128,-557748,6909,921,3943,885,-365,75,479,-116,540,43317,0.5423,forrageando
15,1705074600,-492097,-557766,7086,890,3988,-1735,-935,-18,328,253,168,35606,0.3956,forrageando
15,1705074900,-492209,-557813,3933,657,3958,1029,-2986,2138,126,142,271,60263,0.4137,forrageando
15,1705075200,-492285,-557845,6704,891,3932,321,869,-1427,-57,51,-227,49645,0.4571,forrageando
15,1705075500,-492235,-557911,5078,707,3911,-79,5,-465,-297,254,481,22250,0.3434,forrageando
15,1705075800,-492119,-558146,4041,579,3926,3785,-3242,-712,-286,1532,-322,10614,0.3618,forrageando
15,1705076100,-492101,-558082,5402,725,3998,630,-212,328,-31,720,-512,8314,0.4884,forrageando
15,1705076400,-491986,-558137,8177,953,3984,1064,-147,-2157,-181,-682,-339,18106,0.5605,forrageando
15,1705076700,-491997,-558144,2201,392,3992,-1952,1348,-337,218,126,-118,37097,0.3204,forrageando
15,1705077000,-492098,-558116,4094,648,3991,-357,-1722,-1762,765,-12,-468,11352,0.3898,forrageando
15,1705077300,-492051,-557970,3727,577,3903,-1042,-942,-656,-362,423,452,40114,0.4167,forrageando
15,1705077600,-492072,-558022,6166,870,3903,2326,-2989,-1914,96,-132,-108,56918,0.3836,forrageando
15,1705077900,-492144,-558124,5827,830,3962,3262,-916,-491,-428,-48,-97,36636,0.3417,forrageando
15,1705078200,-492032,-558231,5730,871,3929,-4663,-2945,192,-632,1187,139,49879,0.3596,forrageando
15,1705078500,-492067,-558173,7060,889,3905,2205,-1215,-1151,51,259,-294,23177,0.533,forrageando
15,1705078800,-492038,-558115,6563,841,3987,-3646,-2175,-1097,264,608,401,34593,0.3844,forrageando
15,1705079100,-492015,-557900,1163,2252,3991,1184,639,-132,165,-66,22,37162,0.2974,busca
15,1705079400,-492107,-557841,1573,2168,3976,129,-1635,-853,358,-393,31,46971,0.3788,busca
15,1705079700,-492137,-557747,3021,1921,3979,1374,599,-1379,-101,-210,-311,36623,0.2653,busca
15,1705080000,-492228,-557623,1643,2161,3938,1332,57,-386,-180,468,118,13380,0.2677,busca
15,1705080300,-492096,-557722,1225,2267,3991,734,-655,-1985,-80,250,215,8199,0.4257,busca
15,1705080600,-492118,-557805,2039,2090,3973,1102,385,-800,-98,-84,-104,38876,0.4456,busca
15,1705080900,-492091,-557933,3129,1866,3914,1387,-551,-602,77,164,-103,6201,0.3828,busca
15,1705081200,-492066,-558009,2105,2074,3942,444,-1535,-212,-46,-7,338,56197,0.4573,busca
15,1705081500,-492035,-557994,1177,2319,3961,640,-633,-570,55,-148,295,11306,0.2927,busca
15,1705081800,-492104,-558155,1279,2281,3916,196,1124,324,-108,-217,62,55783,0.263,busca
15,1705082100,-492031,-557943,466,2398,3960,1877,368,423,77,6,93,22463,0.3068,transitando
15,1705082400,-491979,-558143,230,2514,3931,511,-3,239,-126,49,6,59622,0.3162,transitando
15,1705082700,-492109,-558134,210,2460,3959,451,334,0,-44,-63,3,57258,0.463,transitando
15,1705083000,-492129,-558280,329,2419,3945,1404,-245,-47,27,103,68,61162,0.3032,transitando
15,1705083300,-492016,-558399,408,2480,3914,1074,204,-177,77,64,69,30062,0.3704,transitando
15,1705083600,-492004,-558309,141,2439,3972,864,-202,8,-113,8,-92,15545,0.3104,transitando
15,1705083900,-491929,-558482,197,2382,3943,812,-41,-283,108,-37,18,31019,0.3886,transitando
15,1705084200,-491999,-558404,478,2401,3972,1165,-156,149,0,-51,27,52708,0.4635,transitando
15,1705084500,-492049,-558441,375,2411,3923,-4,114,-352,36,-152,-30,28075,0.3976,transitando
15,1705084800,-492012,-558321,448,2393,3983,1704,-202,-92,-59,-133,70,11249,0.4417,transitando
15,1705085100,-491970,-558273,71,2449,3914,727,65,-352,157,40,-61,27638,0.2739,transitando
15,1705085400,-491902,-558449,126,2470,3919,1072,-85,-89,24,-2,40,46013,0.338,transitando
15,1705085700,-491880,-558277,92,2492,3981,1360,160,86,60,-61,64,60723,0.3874,transitando
15,1705086000,-491952,-558199,432,2415,3970,1533,-118,138,-146,125,125,3406,0.3746,transitando
15,1705086300,-492032,-558292,415,2292,3959,1246,-655,-16,-70,-74,-21,60101,0.3938,transitando
15,1705086600,-492021,-558180,101,2427,3982,632,-251,115,64,178,63,43150,0.3525,transitando
15,1705086900,-491976,-558267,262,2505,3909,571,-193,-67,-8,16,-16,31826,0.5195,transitando
15,1705087200,-492020,-558258,68,2511,3963,1741,228,-9,140,-66,4,50898,0.3093,transitando
15,1705087500,-492083,-558407,357,2359,3917,531,-146,347,-28,-14,75,24915,0.4037,transitando
15,1705087800,-492164,-558280,121,2403,3900,788,-639,139,36,6,-50,37730,0.4451,transitando
15,1705088100,-492161,-558216,481,2454,3964,847,-54,475,-121,66,-8,20751,0.3901,transitando
15,1705088400,-492140,-558091,264,2449,3959,891,319,186,178,0,53,176,0.5014,transitando
15,1705088700,-492157,-558143,201,2529,3899,463,223,-288,130,131,17,24708,0.3543,transitando
15,1705089000,-492143,-558063,97,2458,3991,700,-140,-50,-139,-137,33,12777,0.324,transitando
15,1705089300,-492242,-558239,326,2397,3937,1308,239,261,-39,24,-27,4841,0.3663,transitando
15,1705089600,-492175,-558129,326,2446,3943,589,-145,-329,-62,111,-43,61344,0.2942,transitando
15,1705089900,-492116,-557958,234,2494,3945,1250,-157,-169,3,-49,-75,21728,0.5173,transitando
15,1705090200,-492122,-557925,357,2488,3981,684,-268,192,108,-9,-42,17701,0.574,transitando
15,1705090500,-492101,-557966,462,2422,3994,565,135,221,34,3,-3,11115,0.3684,transitando
15,1705090800,-492141,-558046,403,2408,3949,208,-410,-74,-101,278,27,35759,0.4158,transitando
15,1705091100,-492105,-558205,450,2389,3920,848,-273,71,-64,-45,15,16964,0.3284,transitando
15,1705091400,-491952,-558193,121,2525,3940,644,329,258,6,-12,3,18479,0.349,transitando
15,1705091700,-491921,-557994,71,2535,3990,1286,357,252,-76,-182,-40,23828,0.4235,transitando
15,1705092000,-491860,-558017,235,2454,3984,417,198,119,42,-129,36,47150,0.4311,transitando
15,1705092300,-491776,-558058,226,2475,3968,845,89,-229,-255,136,-50,60790,0.5647,transitando
15,1705092600,-491784,-558077,288,2449,3933,771,-315,72,164,-75,0,23710,0.4636,transitando
15,1705092900,-491792,-557984,276,2493,3916,670,-516,-80,-32,30,39,61147,0.4117,transitando
15,1705093200,-491831,-558036,432,2417,3914,1258,487,-55,260,67,37,34911,0.3734,transitando
15,1705093500,-491849,-558110,371,2350,3975,796,37,-290,7,88,43,41807,0.4824,transitando
15,1705093800,-491918,-558188,536,2422,3976,1005,-151,-278,1,-51,49,6328,0.434,transitando
15,1705094100,-491880,-558101,373,2397,3959,1228,-86,-307,-35,218,42,40264,0.3661,transitando
15,1705094400,-491803,-558190,419,2412,3918,904,550,-236,-31,98,101,48547,0.2987,transitando
15,1705094700,-491763,-558342,276,2532,3969,1171,-307,31,17,21,-12,50032,0.5428,transitando
15,1705095000,-491779,-558302,263,2442,3952,1426,341,-112,-119,-66,-98,46283,0.4555,transitando
15,1705095300,-491824,-558280,417,2523,3994,975,82,-58,-8,28,-29,50545,0.3593,transitando
15,1705095600,-491766,-558198,91,2538,3988,715,-36,-48,-53,45,-47,31137,0.3269,transitando
15,1705095900,-491766,-558376,325,2422,3971,2021,368,71,60,35,44,46292,0.4396,transitando
15,1705096200,-491838,-558376,232,2456,3962,493,-442,65,115,37,137,7427,0.4604,transitando
15,1705096500,-491890,-558489,358,2350,3946,1279,-89,141,128,-209,6,20893,0.3128,transitando
15,1705096800,-491931,-558337,191,2413,3942,748,196,-147,-60,182,95,38426,0.3969,transitando
15,1705097100,-491920,-558215,366,2458,3924,696,285,-294,160,-138,73,47141,0.4126,transitando
15,1705097400,-492003,-558227,286,2438,3909,1250,387,-114,-92,12,15,14032,0.4964,transitando
15,1705097700,-491950,-558236,52,2446,3957,1991,-15,-68,-122,161,-41,52721,0.4453,transitando
15,1705098000,-491849,-558285,274,2467,3898,1109,249,-424,83,79,-3,32020,0.2325,transitando
15,1705098300,-491970,-558292,75,2439,3978,1216,172,176,-19,-82,-36,34093,0.5698,transitando
15,1705098600,-491979,-558244,475,2457,3925,1940,-118,126,20,11,24,28299,0.426,transitando
15,1705098900,-491923,-558252,135,2457,3946,368,605,169,39,44,-95,4676,0.4341,transitando
15,1705099200,-491988,-558163,61,2420,3924,1689,-64,204,73,-104,-109,29939,0.3054,transitando
15,1705099500,-491997,-557974,491,2452,3950,1186,69,-156,38,-141,52,30577,0.2455,transitando
15,1705099800,-492029,-557793,391,2490,3903,1577,-180,132,-57,39,1,1480,0.4843,transitando
15,1705100100,-492029,-557687,54,2397,3907,449,56,86,-35,-81,-48,41779,0.3671,transitando
15,1705100400,-492053,-557859,371,2425,3929,594,-71,-66,56,30,100,25356,0.3532,transitando
15,1705100700,-492093,-557814,143,2436,3905,1259,624,44,83,36,9,37389,0.3904,transitando
15,1705101000,-492050,-557757,316,2438,3959,-78,-795,283,-85,96,-128,61759,0.5173,transitando
15,1705101300,-492036,-557704,407,2383,3969,1123,425,122,82,164,24,9561,0.3902,transitando
15,1705101600,-491993,-557627,494,2430,3941,538,657,161,119,65,0,6842,0.2978,transitando
15,1705101900,-491909,-557781,317,2443,3962,1022,119,128,14,86,62,6099,0.5142,transitando
15,1705102200,-491898,-557800,419,2410,3977,1600,386,248,98,-1,56,26844,0.4451,transitando
15,1705102500,-491956,-557786,469,2343,3932,2099,661,69,59,14,-76,8791,0.3322,transitando
15,1705102800,-492030,-557904,371,2364,3899,736,-295,-273,4,-46,21,27896,0.4468,transitando
15,1705103100,-492094,-557830,112,2432,3981,1715,-207,-163,62,176,-65,8453,0.3749,transitando
15,1705103400,-492033,-557940,195,2468,3948,715,218,-171,-17,-46,16,52595,0.4963,transitando
15,1705103700,-492095,-557888,252,2487,3919,1204,232,260,80,-108,52,365,0.4705,transitando
15,1705104000,-492010,-557772,108,2461,3904,1108,24,64,-3,-216,-36,1,0.451,transitando
15,1705104300,-491937,-557870,445,2490,3948,1037,-65,131,74,127,-34,34847,0.4546,transitando
15,1705104600,-492018,-557774,340,2408,3926,1118,131,13,-83,-152,-25,41290,0.4685,transitando
15,1705104900,-492080,-557756,404,2417,3922,2151,950,207,-62,-22,14,55653,0.4586,transitando
15,1705105200,-491964,-557697,475,2418,3980,1409,177,73,-73,106,-10,23301,0.4196,transitando
15,1705105500,-491967,-557793,247,2365,3900,100,847,20,83,206,0,60181,0.4385,transitando
15,1705105800,-491914,-557769,105,2513,3989,369,-159,-157,50,-32,62,13171,0.4756,transitando
15,1705106100,-491954,-557668,168,2496,3933,1295,-37,-23,-19,-112,-23,35443,0.3981,transitando
15,1705106400,-491917,-557591,215,2587,3963,2253,233,-244,30,-56,-3,26482,0.4822,transitando
15,1705106700,-491979,-557592,350,2505,3906,685,-125,-182,46,-37,12,11490,0.4107,transitando
15,1705107000,-491925,-557550,212,2442,3915,1765,-1,-117,-230,-162,50,1429,0.5267,transitando
15,1705107300,-491941,-557601,468,2475,3926,1222,-114,-62,19,-58,19,61405,0.3233,transitando
15,1705107600,-491835,-557570,245,2455,3968,813,-264,205,0,187,-59,25560,0.3379,transitando
15,1705107900,-491770,-557392,174,2488,3975,684,-229,97,-68,-93,41,54046,0.4823,transitando
15,1705108200,-491670,-557389,304,2497,3919,841,-90,-87,-92,95,-32,1979,0.5262,transitando
15,1705108500,-491650,-557416,370,2440,3979,1135,265,-33,-80,-65,-47,29881,0.3465,transitando
15,1705108800,-491623,-557255,385,2381,3970,1231,-3,-21,-28,-94,136,23893,0.4235,transitando
15,1705109100,-491543,-557252,189,2487,3909,188,-194,247,14,101,22,46164,0.2876,transitando
15,1705109400,-491451,-557250,102,2415,3949,1124,353,3,-2,37,-40,9237,0.4882,transitando
15,1705109700,-491401,-557111,263,2485,3959,983,280,427,-175,-34,32,17802,0.5469,transitando
15,1705110000,-491415,-557089,353,2498,3964,1174,-576,-101,-192,-84,-77,7051,0.3873,transitando
15,1705110300,-491439,-557193,168,2533,3984,951,-216,330,231,-35,-44,63770,0.3167,transitando
15,1705110600,-491554,-557249,385,2426,3913,1121,-72,84,-5,-127,-3,18459,0.5011,transitando
15,1705110900,-491570,-557234,163,2560,3901,948,-102,-177,181,193,9,9069,0.4987,transitando
15,1705111200,-491478,-557301,95,2558,3960,1345,23,187,102,-96,17,33863,0.5464,transitando
15,1705111500,-491491,-557309,137,2546,3943,1722,405,162,-113,35,11,2280,0.3915,transitando
15,1705111800,-491545,-557395,498,2413,3938,1281,292,86,27,1,-13,15589,0.3838,transitando
15,1705112100,-491633,-557465,410,2363,3907,620,66,-58,137,-86,-37,35632,0.4059,transitando
15,1705112400,-491622,-557536,233,2451,3940,713,-93,180,-107,-23,10,8264,0.4452,transitando
15,1705112700,-491620,-557663,125,2459,3958,944,-40,-399,192,117,-62,57127,0.4865,transitando
15,1705113000,-491563,-557698,178,2535,3914,717,264,-56,50,-33,-59,31566,0.5336,transitando
15,1705113300,-491522,-557700,556,2372,3933,1470,188,138,151,-108,-64,6848,0.4475,transitando
15,1705113600,-491518,-557790,140,2519,3900,-477,1063,85,56,40,-16,44748,0.4777,transitando
15,1705113900,-491502,-557716,409,2333,3938,1361,-315,-264,-86,-51,-14,47166,0.5081,transitando
15,1705114200,-491520,-557672,73,2465,3987,780,-73,88,98,33,-6,42951,0.3605,transitando
15,1705114500,-491583,-557815,319,2406,3987,1212,-164,-34,68,14,-7,55151,0.3802,transitando
16,1705028400,-530662,1625430,1533,2151,3947,634,733,-655,-217,63,-26,14505,0.2759,busca
16,1705028700,-530688,1625309,1463,2264,3939,373,-746,-431,36,-42,144,7576,0.4072,busca
16,1705029000,-530675,1625233,1058,2283,3921,671,-1364,-1528,-106,321,-215,33170,0.3822,busca
16,1705029300,-530747,1625284,1644,2202,3980,424,-1034,130,181,-299,-89,3901,0.4026,busca
16,1705029600,-530642,1625205,1595,2237,3973,1201,-504,-1241,-141,-160,-51,23953,0.414,busca
16,1705029900,-530702,1625208,355,2318,3928,648,-836,-380,-205,166,22,8070,0.3936,busca
16,1705030200,-530724,1625419,347,2454,3929,934,82,59,-339,158,104,46399,0.5188,busca
16,1705030500,-530743,1625469,1003,2186,3998,1089,1149,-1142,-151,336,44,16781,0.3494,busca
16,1705030800,-530786,1625283,1166,2208,3899,-728,245,-735,-286,-108,23,49477,0.3438,busca
16,1705031100,-530782,1625502,458,2399,3936,247,324,-120,165,228,-23,11036,0.2777,transitando
16,1705031400,-530654,1625439,482,2420,3940,2035,131,-36,-99,-81,-59,24057,0.3515,transitando
16,1705031700,-530701,1625346,257,2465,3937,1945,-399,44,-42,87,-51,13999,0.4443,transitando
16,1705032000,-530652,1625277,264,2493,3911,1356,45,-19,-28,-36,-20,57021,0.4829,transitando
16,1705032300,-530564,1625335,457,2348,3977,846,545,-145,-14,-15,-6,65079,0.3452,transitando
16,1705032600,-530652,1625478,72,2416,3950,328,473,274,70,-182,20,25026,0.4884,transitando
16,1705032900,-530564,1625538,80,2425,3974,943,-229,111,14,-25,-31,6165,0.4051,transitando
16,1705033200,-530622,1625563,141,2481,3935,116,352,-53,14,168,-71,25108,0.473,transitando
16,1705033500,-530650,1625634,401,2407,3952,1206,-120,-280,-14,140,1,61010,0.5493,transitando
16,1705033800,-530659,1625578,313,2449,3903,1667,101,-71,-23,11,-33,39228,0.4639,transitando
16,1705034100,-530560,1625584,280,2406,3971,487,-215,-178,52,-16,-26,20225,0.5448,transitando
16,1705034400,-530531,1625567,275,2429,3987,680,-207,-11,-8,103,-12,44927,0.4332,transitando
16,1705034700,-530473,1625479,149,2573,3945,811,408,12,137,91,-29,52419,0.3188,transitando
16,1705035000,-530531,1625349,390,2447,3898,728,313,108,-49,-25,40,31363,0.5107,transitando
16,1705035300,-530512,1625336,361,2462,3945,884,-31,54,-135,140,-3,30459,0.4539,transitando
16,1705035600,-530437,1625424,132,2399,3897,592,501,-324,-109,-215,10,48071,0.4467,transitando
16,1705035900,-530516,1625298,97,2618,3912,1557,147,300,-139,-165,26,19722,0.4062,transitando
16,1705036200,-530554,1625350,322,2355,3973,1613,-136,43,-118,179,-4,49611,0.6238,transitando
16,1705036500,-530531,1625379,245,2548,3915,107,159,-41,26,20,39,57996,0.5093,transitando
16,1705036800,-530516,1625403,156,2564,3980,797,-160,180,-59,-74,82,57190,0.4122,transitando
16,1705037100,-530560,1625344,147,2459,3933,1239,-311,-313,-25,119,-76,65521,0.433,transitando
16,1705037400,-530518,1625443,372,2450,3933,860,389,109,-215,-9,28,24567,0.2747,transitando
16,1705037700,-530409,1625373,487,2427,3994,742,-496,435,-57,93,-2,17295,0.4747,transitando
16,1705038000,-530340,1625382,112,2435,3904,1321,415,-225,-79,65,-73,9782,0.4773,transitando
16,1705038300,-530383,1625248,309,2394,3952,1193,227,39,-24,-135,-2,3834,0.4035,transitando
16,1705038600,-530320,1625174,449,2474,3993,214,100,220,119,58,120,49183,0.4324,transitando
16,1705038900,-530231,1625164,321,2481,3922,528,-6,-108,-68,-8,0,62483,0.4542,transitando
16,1705039200,-530172,1625173,283,2443,3922,490,99,-97,-143,-1,14,63675,0.3848,transitando
16,1705039500,-530195,1625024,465,2341,3986,1118,22,145,42,126,-55,38073,0.4414,transitando
16,1705039800,-530259,1625079,128,2514,3989,1592,44,131,-58,14,-9,35509,0.5524,transitando
16,1705040100,-530237,1625092,293,2518,3955,1248,-17,-250,-23,174,87,53813,0.4645,transitando
16,1705040400,-530176,1625091,477,2337,3974,1392,507,-123,-19,57,10,30137,0.5,transitando
16,1705040700,-530177,1625126,250,2451,3946,1664,-283,-411,-56,-104,-88,24794,0.5521,transitando
16,1705041000,-530170,1625074,116,2470,3948,1899,434,-14,-51,-82,-88,44589,0.4555,transitando
16,1705041300,-530148,1625003,444,2396,3980,1792,-14,233,14,215,16,51657,0.5278,transitando
16,1705041600,-530123,1624956,284,2461,3981,505,71,115,24,58,12,33726,0.5054,transitando
16,1705041900,-530132,1625004,455,2412,3902,889,5,-84,-108,97,-5,6728,0.5379,transitando
16,1705042200,-530149,1625029,431,2431,3969,1083,-580,28,99,0,14,26318,0.6015,transitando
16,1705042500,-530159,1625062,189,2439,3995,371,-21,201,-141,-82,21,5514,0.6045,transitando
16,1705042800,-530142,1625052,103,2485,3939,-102,-230,230,108,34,-1,47220,0.4767,transitando
16,1705043100,-530046,1625108,175,2321,3961,827,-51,-108,3,27,-72,49036,0.4309,transitando
16,1705043400,-530038,1625220,136,2395,3917,1128,470,100,87,43,15,44911,0.4462,transitando
16,1705043700,-530146,1625204,371,2418,3956,1021,-215,-145,-177,34,-14,49120,0.5419,transitando
16,1705044000,-530180,1625227,380,2372,3985,646,111,374,-47,49,11,53863,0.4935,transitando
16,1705044300,-530207,1625315,85,2508,3905,764,-114,-290,-68,-71,-2,794,0.6369,transitando
16,1705044600,-530205,1625354,110,2511,3915,405,82,-149,29,39,37,6914,0.4158,transitando
16,1705044900,-530172,1625294,433,2370,3926,1595,606,1,-192,-50,8,58933,0.5053,transitando
16,1705045200,-530204,1625268,221,2445,3898,763,-223,203,-10,86,-16,58039,0.5326,transitando
16,1705045500,-530190,1625247,225,2432,3951,891,-672,-207,59,151,-20,58741,0.4861,transitando
16,1705045800,-530247,1625163,492,2451,3933,1244,169,-24,-19,-91,42,8821,0.6502,transitando
16,1705046100,-530273,1625166,439,2339,3991,-99,146,-245,11,-166,-41,16124,0.4695,transitando
16,1705046400,-530261,1625029,232,2373,3934,1197,-102,119,75,213,-103,14364,0.456,transitando
16,1705046700,-530211,1624958,437,2438,3989,162,311,-294,203,89,-12,42248,0.5799,transitando
16,1705047000,-530247,1624971,176,2499,3943,1100,97,222,8,-180,48,38184,0.4068,transitando
16,1705047300,-530165,1625036,383,2386,3976,1234,73,58,-138,-64,-33,57526,0.5645,transitando
16,1705047600,-530115,1625011,350,2463,3946,1054,-37,-173,-37,55,23,48843,0.6171,transitando
16,1705047900,-530109,1624977,460,2297,3964,-167,226,-45,94,-153,-32,17176,0.6547,transitando
16,1705048200,-530066,1624947,496,2448,3898,1348,392,-181,-68,0,-43,20348,0.5199,transitando
16,1705048500,-530050,1624896,176,2517,3989,1587,-412,535,103,35,94,19717,0.4669,transitando
16,1705048800,-529998,1624922,50,2529,3964,1098,-394,162,19,119,67,55155,0.6589,transitando
16,1705049100,-530028,1624892,192,2563,3991,352,226,-51,25,133,0,53595,0.5577,transitando
16,1705049400,-530016,1624947,937,2354,3938,-33,717,-1169,-227,-85,-44,38290,0.5717,busca
16,1705049700,-530003,1624881,1202,2273,3952,1532,500,101,-253,135,-59,14286,0.5806,busca
16,1705050000,-529985,1624877,1874,2221,3940,-1613,566,-454,37,-233,118,23242,0.6469,busca
16,1705050300,-529978,1624866,1479,2161,3986,-1742,479,527,-188,55,210,56558,0.676,busca
16,1705050600,-529975,1624841,1393,2120,3935,-1581,129,-188,319,103,29,13656,0.7121,busca
16,1705050900,-529956,1624789,3312,1946,3947,-481,-402,-644,51,163,280,12351,0.4709,busca
16,1705051200,-529939,1624700,1009,2218,3937,311,1099,-1027,184,299,78,61708,0.5491,busca
16,1705051500,-529970,1624772,2200,2120,3906,924,-336,470,-153,-180,194,19805,0.587,busca
16,1705051800,-529971,1624801,2888,1960,3939,230,307,-152,210,94,-29,20105,0.6247,busca
16,1705052100,-529985,1624789,2831,1862,3986,-535,358,-1371,211,-32,59,34677,0.5717,busca
16,1705052400,-529976,1624829,3036,1823,3955,494,-1856,-635,158,-318,279,22987,0.5547,busca
16,1705052700,-529975,1624853,1163,2264,3964,1413,980,-300,-99,-20,46,42493,0.6631,busca
16,1705053000,-529982,1624912,3453,1764,3988,316,-14,-265,97,192,-120,25134,0.4355,busca
16,1705053300,-529986,1624976,3342,1832,3925,350,-48,109,46,-102,-57,49120,0.5225,busca
16,1705053600,-529995,1624958,3256,1821,3907,3061,-1019,-696,-140,35,250,31272,0.596,busca
16,1705053900,-530029,1624979,2980,1891,3984,423,-470,8,-36,-64,-138,47262,0.6247,busca
16,1705054200,-529997,1624950,2817,1918,3958,-238,884,-1177,58,383,-39,55803,0.6825,busca
16,1705054500,-529990,1624995,1589,2206,3998,385,-909,-648,-162,-14,-11,61179,0.4985,busca
16,1705054800,-529902,1625009,1516,2208,3935,-1317,-78,-409,45,512,-142,64208,0.5095,busca
16,1705055100,-529909,1625001,2861,1950,3901,533,356,-984,83,-382,-116,19004,0.5056,busca
16,1705055400,-529874,1624996,3364,1846,3984,1379,298,564,-78,-335,-175,1206,0.5652,busca
16,1705055700,-529892,1624976,2973,1870,3975,734,-331,-159,65,-417,-88,14230,0.3852,busca
16,1705056000,-529837,1625013,1166,2299,3937,1010,-565,-179,-73,131,30,22392,0.4734,busca
16,1705056300,-529916,1624866,1705,2209,3969,86,-335,-136,456,130,-70,46131,0.5393,busca
16,1705056600,-529919,1624840,2698,1948,3967,1488,1047,-671,280,-21,118,17883,0.5191,busca
16,1705056900,-529909,1624801,3422,1818,3905,1135,1016,-654,78,241,-16,42800,0.602,busca
16,1705057200,-529885,1624764,3066,1956,3917,343,-1075,90,182,94,223,10376,0.4763,busca
16,1705057500,-529965,1624825,3415,1877,3945,1325,137,-1338,-358,-268,-65,25301,0.5456,busca
16,1705057800,-529994,1624828,3277,1823,3953,615,-1258,-598,86,66,140,33058,0.386,busca
16,1705058100,-530051,1624798,2900,1953,3960,-1443,-60,-957,387,18,-2,50689,0.4311,busca
16,1705058400,-529993,1624787,3205,1832,3980,-1009,464,379,-246,-46,114,52913,0.5348,busca
16,1705058700,-530031,1624741,2994,1878,3988,-472,-672,-490,246,-218,101,23316,0.5293,busca
16,1705059000,-529989,1624772,3389,1689,3948,1058,354,-26,207,-29,-141,3353,0.5892,busca
16,1705059300,-529977,1624748,2282,1979,3921,-817,1033,-825,-242,-14,-2,22680,0.3336,busca
16,1705059600,-530074,1624848,3873,1605,3979,736,-725,148,-153,172,6,5809,0.4678,busca
16,1705059900,-530048,1624752,3892,1741,3955,1068,717,-330,28,109,24,20181,0.4825,busca
16,1705060200,-530115,1624782,2952,1934,3992,209,-873,436,150,7,59,8264,0.6423,busca
16,1705060500,-530098,1624811,2503,2119,3997,1291,-778,-580,229,86,78,65013,0.3638,busca
16,1705060800,-530150,1624827,2918,1936,3969,-629,-307,-701,-99,88,-217,16497,0.5857,busca
16,1705061100,-530144,1624811,2703,2000,3931,-256,42,-882,-403,367,50,3272,0.4179,busca
16,1705061400,-530175,1624705,1846,2096,3977,841,-1857,-481,-185,80,128,56746,0.5461,busca
16,1705061700,-530169,1624737,1360,2217,3920,51,-515,-65,-205,54,-227,26896,0.5185,busca
16,1705062000,-530196,1624797,1704,2205,3932,919,-953,-216,-248,366,-34,48335,0.5123,busca
16,1705062300,-530207,1624854,1812,2130,3969,1257,-17,-91,-15,108,-95,55708,0.5867,busca
16,1705062600,-530209,1624887,3420,1774,3991,2478,-1235,-1799,186,371,22,41989,0.5092,busca
16,1705062900,-530201,1624856,2708,1964,3934,-273,-74,-353,-25,-179,-17,28385,0.4672,busca
16,1705063200,-530315,1624746,1263,2256,3977,-14,-516,-616,68,-200,54,10114,0.488,busca
16,1705063500,-530239,1624819,2905,1968,3908,2194,771,-1102,-141,142,65,49815,0.5244,busca
16,1705063800,-530215,1624832,3484,1806,3963,2207,-116,-585,298,106,297,37655,0.5,busca
16,1705064100,-530227,1624771,3879,1707,3900,63,254,-1907,-22,-549,96,62835,0.5708,busca
16,1705064400,-530205,1624775,2503,2023,3961,102,-268,68,303,-62,36,15651,0.4663,busca
16,1705064700,-530120,1624825,2913,1924,3923,-629,193,-759,15,109,39,59244,0.5564,busca
16,1705065000,-530116,1624789,3202,1789,3945,686,44,-301,70,-136,160,52699,0.4777,busca
16,1705065300,-530125,1624923,3299,1889,3909,-687,331,268,-472,65,100,32709,0.4904,busca
16,1705065600,-530174,1624740,1313,2252,3939,-530,-382,-650,-315,-24,-73,15292,0.5069,busca
16,1705065900,-530180,1624705,1192,2332,3994,2331,114,-781,-39,-123,40,20094,0.3884,busca
16,1705066200,-530228,1624532,3153,1860,3921,-492,59,-844,21,143,-31,43955,0.3746,busca
16,1705066500,-530242,1624459,2894,1854,3942,81,-124,-588,134,-107,44,14831,0.4472,busca
16,1705066800,-530277,1624404,3956,1763,3977,3296,662,-143,229,48,-42,37618,0.4135,busca
16,1705067100,-530290,1624321,3397,1820,3905,528,833,-309,26,-37,44,19628,0.4288,busca
16,1705067400,-530255,1624438,2319,2061,3978,1059,586,-886,-304,22,-101,28968,0.3897,busca
16,1705067700,-530214,1624578,2331,2097,3913,1445,415,-369,-321,72,-75,58777,0.4677,busca
16,1705068000,-530159,1624502,3323,1756,3935,351,-71,-481,-18,81,-356,65382,0.3887,busca
16,1705068300,-530133,1624353,2544,1986,3997,2044,-194,-285,68,-320,200,30689,0.3942,busca
16,1705068600,-530115,1624442,3432,1832,3918,845,460,-1121,78,-25,-34,16534,0.3561,busca
16,1705068900,-530097,1624385,1765,2168,3931,807,-930,-1074,297,108,296,17682,0.5812,busca
16,1705069200,-530118,1624403,2201,2040,3936,727,-335,-1304,-190,319,-50,21372,0.3885,busca
16,1705069500,-530177,1624413,3735,1732,3935,525,686,328,-81,130,52,57707,0.3287,busca
16,1705069800,-530261,1624438,2300,2082,3997,1806,0,-335,-104,355,91,40158,0.386,busca
16,1705070100,-530279,1624282,1612,2137,3913,1545,426,-639,214,119,-189,25595,0.391,busca
16,1705070400,-530271,1624167,3772,1771,3924,1533,232,-166,225,52,6,52329,0.5044,busca
16,1705070700,-530250,1624146,2717,1875,3997,1132,2122,-643,-30,-190,58,51534,0.3976,busca
16,1705071000,-530304,1624058,2136,2139,3975,1493,848,-397,95,294,-23,35809,0.4599,busca
16,1705071300,-530290,1624161,1029,2294,3959,769,-1490,-1564,-557,171,292,64652,0.4899,busca
16,1705071600,-530293,1624077,3307,1857,3906,-506,720,-59,0,457,-103,1497,0.4522,busca
16,1705071900,-530262,1623951,2805,1908,3943,175,4,32,0,68,56,59259,0.4483,busca
16,1705072200,-530260,1623821,2607,2019,3908,2549,-1128,-505,117,86,183,50718,0.4626,busca
16,1705072500,-530288,1623780,3598,1845,3995,1310,760,38,-108,130,-99,39790,0.2968,busca
16,1705072800,-530181,1623763,2000,2041,3946,-486,-64,-472,-54,-297,-234,61756,0.4487,busca
16,1705073100,-530125,1623699,3128,1771,3939,629,-567,-464,118,-298,33,55848,0.4626,busca
16,1705073400,-530104,1623620,3955,1671,3901,-108,-1131,-245,-602,-81,-198,51541,0.3392,busca
16,1705073700,-530175,1623459,1523,2195,3925,1373,242,-634,-310,-229,-133,27767,0.3688,busca
16,1705074000,-530133,1623379,2846,1966,3933,-778,-72,-824,-26,445,22,47887,0.3687,busca
16,1705074300,-530214,1623387,4733,680,3963,-1764,463,-3349,-624,1076,164,1881,0.3793,forrageando
16,1705074600,-530268,1623348,4544,658,3938,810,205,-1075,245,-508,-33,53905,0.4058,forrageando
16,1705074900,-530251,1623391,2461,540,3918,-2615,1992,-1585,24,39,-218,59801,0.4109,forrageando
16,1705075200,-530267,1623497,5333,648,3980,2115,-1240,-3711,439,-27,-16,38652,0.3454,forrageando
16,1705075500,-530234,1623484,6211,876,3903,1971,-3131,598,13,-883,-204,42703,0.3134,forrageando
16,1705075800,-530167,1623666,2038,371,3899,1309,-1460,819,-816,258,39,13058,0.4829,forrageando
16,1705076100,-530093,1623766,3782,588,3919,1057,6101,-1857,-119,367,468,26624,0.3817,forrageando
16,1705076400,-530124,1623668,4141,672,3945,509,-471,-2125,354,400,-230,28206,0.4071,forrageando
16,1705076700,-530164,1623700,3552,508,3964,1031,-566,1764,-627,497,268,9285,0.3557,forrageando
16,1705077000,-530146,1623719,7759,986,3921,152,46,39,336,-654,162,50551,0.4115,forrageando
16,1705077300,-530054,1623793,5750,846,3955,3043,1076,-943,-130,504,-498,49308,0.305,forrageando
16,1705077600,-529991,1623525,4010,605,3934,1023,3235,-2988,-171,-787,-453,25283,0.5297,forrageando
16,1705077900,-529985,1623522,3256,563,3998,-1447,-1064,-1169,-1142,204,1,32629,0.3981,forrageando
16,1705078200,-529935,1623544,6480,888,3951,4418,-1107,-1645,79,-527,139,57689,0.26,forrageando
16,1705078500,-529894,1623483,4475,716,3901,1153,579,-2778,-488,210,261,59303,0.4335,forrageando
16,1705078800,-529921,1623408,6392,912,3952,3084,-1067,-2156,-191,-271,-171,64865,0.2659,forrageando
16,1705079100,-530012,1623529,7518,969,3987,-1921,3083,389,150,347,563,22136,0.4826,forrageando
16,1705079400,-529944,1623461,2162,393,3938,936,1905,-2378,-148,228,164,11755,0.3214,forrageando
16,1705079700,-529943,1623599,2382,380,3918,623,823,-337,-540,-378,394,65404,0.3454,forrageando
16,1705080000,-530001,1623369,3713,525,3958,3720,-1891,-1806,180,-340,175,27427,0.3484,forrageando
16,1705080300,-530155,1623451,7330,960,3973,-3234,-2630,996,351,497,-622,35420,0.4116,forrageando
16,1705080600,-530179,1623422,5265,751,3978,1172,-1816,-822,82,647,47,28178,0.2986,forrageando
16,1705080900,-530115,1623557,4465,649,3956,-904,1977,-1447,-505,-359,89,43899,0.2494,forrageando
16,1705081200,-530171,1623457,6120,823,3906,-413,2067,-2211,-707,-139,197,35183,0.2602,forrageando
16,1705081500,-530261,1623550,7116,899,3978,3419,-210,-1026,-665,-270,333,58665,0.1532,forrageando
16,1705081800,-530193,1623389,7541,907,3946,615,-1433,-1453,325,-608,-203,62400,0.4237,forrageando
16,1705082100,-530198,1623354,3725,687,3936,165,-416,-2072,-425,493,452,52365,0.3564,forrageando
16,1705082400,-530174,1623237,3795,1743,3954,-956,-1455,103,49,-45,4,61621,0.272,busca
16,1705082700,-530190,1623036,1061,2207,3937,727,539,-1259,-372,-181,53,11304,0.3218,busca
16,1705083000,-530199,1623176,2482,1952,3900,-219,-501,-1187,219,-70,-205,18893,0.2438,busca
16,1705083300,-530145,1623264,460,2524,3944,155,604,25,56,90,-26,7288,0.2733,transitando
16,1705083600,-530083,1623120,74,2491,3976,640,0,-80,35,243,-12,29501,0.3855,transitando
16,1705083900,-530172,1623082,308,2486,3954,744,-144,155,-90,-11,-1,15227,0.2752,transitando
16,1705084200,-530066,1623204,376,2391,3913,2057,-62,-289,-117,65,65,31187,0.2496,transitando
16,1705084500,-530039,1623354,313,2362,3976,1844,19,-146,60,-124,-99,10240,0.3303,transitando
16,1705084800,-529974,1623217,337,2522,3969,489,425,-114,-67,96,53,55089,0.31,transitando
16,1705085100,-529935,1623464,87,2453,3992,835,-521,-69,-52,35,85,23997,0.2603,transitando
16,1705085400,-529966,1623715,472,2415,3951,792,12,-67,171,35,-7,27822,0.3189,transitando
16,1705085700,-529875,1623577,362,2416,3933,1774,168,-89,-94,-12,76,24199,0.2925,transitando
16,1705086000,-529938,1623431,393,2459,3900,2086,352,26,-65,-28,-62,12122,0.2937,transitando
16,1705086300,-530049,1623375,437,2433,3908,1910,-59,-116,-100,45,26,19434,0.2911,transitando
16,1705086600,-530064,1623209,361,2445,3957,856,29,-155,-118,-2,91,59462,0.3506,transitando
16,1705086900,-530063,1623392,367,2393,3971,1672,37,-59,-160,-4,30,12693,0.2611,transitando
16,1705087200,-530065,1623228,466,2409,3958,744,-544,37,39,35,6,51754,0.2786,transitando
16,1705087500,-530125,1623402,211,2440,3934,844,275,55,-13,91,65,51088,0.4176,transitando
16,1705087800,-530189,1623401,460,2347,3961,-119,-265,-389,43,93,117,56377,0.4287,transitando
16,1705088100,-530211,1623538,343,2402,3950,595,199,-127,40,-23,31,32607,0.3593,transitando
16,1705088400,-530303,1623461,426,2502,3964,310,-183,-183,-149,235,0,59799,0.3126,transitando
16,1705088700,-530173,1623370,200,2437,3950,1799,-105,350,61,130,-26,27327,0.386,transitando
16,1705089000,-530167,1623525,223,2405,3952,1108,-139,36,39,48,75,7373,0.3296,transitando
16,1705089300,-530042,1623402,432,2388,3901,1070,120,71,71,-68,48,45770,0.2524,transitando
16,1705089600,-529935,1623551,229,2444,3962,1181,-135,-84,-123,-102,-89,59843,0.3554,transitando
16,1705089900,-529887,1623641,244,2558,3905,866,-423,66,-21,113,32,57823,0.3106,transitando
16,1705090200,-529860,1623813,138,2470,3929,1412,-142,-106,-96,102,-32,32607,0.3425,transitando
16,1705090500,-529926,1623987,123,2389,3943,1142,-230,4,-116,-35,-72,18577,0.4181,transitando
16,1705090800,-529997,1623860,390,2418,3899,610,43,-108,56,-103,-11,16162,0.353,transitando
16,1705091100,-530091,1623783,472,2350,3966,881,71,-38,28,-36,2,35351,0.4364,transitando
16,1705091400,-530035,1623758,86,2491,3974,1308,222,309,-73,-31,62,41151,0.3303,transitando
16,1705091700,-529900,1623784,116,2512,3979,863,-94,20,-51,-107,-44,36003,0.409,transitando
16,1705092000,-529988,1623753,427,2348,3897,1412,-258,-154,80,-12,-81,19185,0.263,transitando
16,1705092300,-530041,1623561,414,2409,3996,1701,-72,188,-63,-41,5,40433,0.299,transitando
16,1705092600,-530160,1623531,414,2407,3940,598,190,-8,-53,18,46,20286,0.4321,transitando
16,1705092900,-530056,1623612,462,2377,3955,1056,149,-33,8,-48,-34,25963,0.2833,transitando
16,1705093200,-530153,1623716,219,2479,3910,282,215,-281,-13,15,-12,45178,0.2689,transitando
16,1705093500,-530076,1623791,287,2505,3971,877,316,-115,-122,-110,2,15993,0.2311,transitando
16,1705093800,-529994,1623942,381,2407,3908,1168,-98,132,-123,17,-96,65085,0.3355,transitando
16,1705094100,-529930,1624087,298,2390,3936,583,-532,13,44,-5,37,30346,0.2143,transitando
16,1705094400,-529921,1624223,309,2361,3956,914,491,-306,5,-70,22,44152,0.2464,transitando
16,1705094700,-529795,1624200,490,2518,3961,1092,-370,-26,135,73,91,5090,0.3744,transitando
16,1705095000,-529834,1624023,235,2454,3951,59,-75,-176,103,116,0,58203,0.4103,transitando
16,1705095300,-529917,1623973,273,2394,3995,968,-514,-229,-59,30,9,47276,0.2843,transitando
16,1705095600,-530012,1623980,251,2423,3903,1553,-275,77,125,15,51,35206,0.3475,transitando
16,1705095900,-530177,1623920,237,2501,3911,-69,95,-90,118,-19,-61,26117,0.3438,transitando
16,1705096200,-530260,1624042,277,2432,3980,796,-167,-256,18,-127,-53,9340,0.2856,transitando
16,1705096500,-530245,1624272,257,2472,3946,1016,179,-1,23,257,-29,9896,0.3316,transitando
16,1705096800,-530178,1624460,275,2443,3981,557,381,-396,-6,-13,75,31239,0.3551,transitando
16,1705097100,-530265,1624416,462,2420,3928,1095,643,-105,-47,14,23,49659,0.3967,transitando
16,1705097400,-530226,1624525,378,2458,3962,1245,-304,-29,7,-22,28,48934,0.6282,transitando
16,1705097700,-530194,1624558,400,2406,3930,1170,-364,235,22,141,-43,33196,0.3196,transitando
16,1705098000,-530236,1624728,401,2435,3899,1004,-558,29,-27,215,35,10448,0.3282,transitando
16,1705098300,-530326,1624634,403,2473,3950,507,-34,-184,-60,10,48,42514,0.4233,transitando
16,1705098600,-530378,1624546,492,2465,3995,1435,58,-67,10,-164,-25,60418,0.3424,transitando
16,1705098900,-530535,1624506,370,2377,3920,1315,370,-77,-51,-4,-45,33761,0.392,transitando
16,1705099200,-530406,1624527,110,2458,3908,385,-128,-56,-9,-159,-81,53600,0.4157,transitando
16,1705099500,-530440,1624452,66,2556,3989,664,272,-121,-78,-162,27,51243,0.2743,transitando
16,1705099800,-530508,1624625,309,2451,3953,1227,343,366,-54,81,11,52225,0.3302,transitando
16,1705100100,-530637,1624533,210,2412,3912,371,4,122,65,-55,-39,60692,0.3754,transitando
16,1705100400,-530671,1624458,422,2396,3938,750,279,288,-101,-30,-89,49100,0.438,transitando
16,1705100700,-530626,1624375,115,2464,3995,1509,533,439,67,57,55,56865,0.3163,transitando
16,1705101000,-530675,1624568,327,2437,3954,853,199,7,-49,105,-111,29453,0.2541,transitando
16,1705101300,-530729,1624747,489,2371,3900,1502,212,198,-81,-123,-19,39043,0.3424,transitando
16,1705101600,-530644,1624674,283,2461,3974,374,-187,-244,6,-73,-15,60104,0.2791,transitando
16,1705101900,-530758,1624748,305,2439,3956,1740,82,327,-37,171,-12,23927,0.4081,transitando
16,1705102200,-530692,1624826,450,2397,3927,1290,-235,238,124,29,-93,10480,0.2685,transitando
16,1705102500,-530728,1625016,88,2484,3922,920,-161,317,228,-74,-10,51886,0.383,transitando
16,1705102800,-530734,1625112,394,2461,3989,1045,-280,32,116,-52,13,27491,0.3036,transitando
16,1705103100,-530761,1624849,344,2402,3981,1541,61,-109,38,0,42,28203,0.4065,transitando
16,1705103400,-530718,1624933,182,2430,3937,465,-284,-64,-14,-145,5,59512,0.3732,transitando
16,1705103700,-530702,1624849,419,2365,3944,1422,38,-3,147,12,-44,58399,0.4343,transitando
16,1705104000,-530628,1624878,297,2389,3919,1314,-4,214,-53,27,43,38902,0.4147,transitando
16,1705104300,-530581,1624730,382,2381,3950,1129,71,38,-63,87,4,49016,0.4101,transitando
16,1705104600,-530542,1624813,340,2397,3970,1940,-186,-208,4,30,7,55535,0.2897,transitando
16,1705104900,-530491,1624686,94,2498,3911,621,147,110,-107,119,63,56720,0.2912,transitando
16,1705105200,-530575,1624536,494,2426,3898,1427,392,48,-297,72,52,32833,0.3168,transitando
16,1705105500,-530648,1624638,270,2388,3928,1394,202,-192,-90,28,-53,22067,0.3263,transitando
16,1705105800,-530710,1624450,171,2358,3977,231,-136,-244,-32,-28,1,30947,0.2753,transitando
16,1705106100,-530720,1624661,324,2440,3907,281,-97,-233,91,-65,-31,48647,0.4686,transitando
16,1705106400,-530782,1624670,333,2388,3926,-335,-130,413,98,56,-23,35513,0.4502,transitando
16,1705106700,-530730,1624743,408,2509,3902,564,-159,-110,-72,-80,17,10061,0.3609,transitando
16,1705107000,-530664,1624728,408,2375,3943,398,567,631,27,21,-3,23465,0.4128,transitando
16,1705107300,-530640,1624905,190,2467,3979,888,-413,-177,-10,-67,-13,34325,0.3761,transitando
16,1705107600,-530628,1624781,456,2393,3948,220,-150,353,-76,9,-26,51451,0.3705,transitando
16,1705107900,-530703,1624652,333,2467,3904,775,-81,61,-242,39,-22,54839,0.2678,transitando
16,1705108200,-530840,1624718,382,2475,3922,586,173,-210,91,52,14,22977,0.4832,transitando
16,1705108500,-530834,1624603,69,2513,3953,609,45,-14,151,259,-9,25678,0.3501,transitando
16,1705108800,-530784,1624629,389,2422,3918,324,145,78,8,84,-54,13645,0.4021,transitando
16,1705109100,-530835,1624515,50,2507,3958,855,-8,143,12,35,-93,49422,0.3741,transitando
16,1705109400,-530761,1624540,487,2382,3994,1798,-295,-267,53,-342,-41,58080,0.4008,transitando
16,1705109700,-530781,1624746,71,2547,3968,12,158,12,-145,49,25,27671,0.38,transitando
16,1705110000,-530755,1624809,121,2484,3952,603,-330,303,78,-25,-35,13414,0.5138,transitando
16,1705110300,-530737,1624809,188,2494,3980,-324,250,34,-14,-5,-39,63270,0.3497,transitando
16,1705110600,-530789,1624975,303,2441,3924,530,-456,-132,6,-50,7,64706,0.494,transitando
16,1705110900,-530848,1624959,87,2525,3962,423,148,-308,110,220,63,30153,0.4699,transitando
16,1705111200,-530902,1624905,393,2441,3903,859,-4,76,35,-101,-67,60854,0.6114,transitando
16,1705111500,-530891,1624847,119,2374,3994,1010,667,330,-165,-73,77,37627,0.4412,transitando
16,1705111800,-530960,1624875,88,2476,3939,674,-13,-42,-75,103,-85,18585,0.4197,transitando
16,1705112100,-531025,1625016,129,2439,3927,1086,-274,134,111,12,-29,36848,0.4293,transitando
16,1705112400,-531016,1624936,128,2400,3922,895,72,367,99,-143,16,17657,0.3155,transitando
16,1705112700,-531031,1625153,338,2473,3935,733,46,-110,-8,66,12,11872,0.4556,transitando
16,1705113000,-531044,1625002,426,2413,3904,-286,375,-192,-1,-85,-76,36567,0.4016,transitando
16,1705113300,-531070,1625096,216,2524,3917,566,-154,-38,81,29,2,54328,0.4815,transitando
16,1705113600,-531167,1625118,156,2382,3903,186,179,-119,-8,27,-31,60107,0.5776,transitando
16,1705113900,-531140,1625064,257,2382,3925,258,-351,-315,-19,-91,20,48615,0.3956,transitando
16,1705114200,-531163,1624940,277,2386,3912,1250,295,-133,174,-22,-20,11059,0.3426,transitando
16,1705114500,-531040,1624897,394,2437,3960,1258,103,114,-51,30,-53,63172,0.4097,transitando
17,1705028400,-219009,-223092,843,2377,3939,642,218,-325,-78,-246,-54,11145,0.3587,busca
17,1705028700,-218944,-223178,993,2329,3987,3267,-730,-338,208,307,-37,46782,0.3739,busca
17,1705029000,-219008,-223273,1632,2190,3936,1704,912,-350,-264,-42,-165,7733,0.3945,busca
17,1705029300,-218930,-223231,410,2412,3932,1770,-14,-806,-449,153,-139,8717,0.3372,busca
17,1705029600,-218954,-223115,1199,2249,3996,-447,141,-323,309,-156,24,16927,0.2816,busca
17,1705029900,-218919,-223249,1836,2197,3952,829,737,-801,371,-304,-207,20152,0.456,busca
17,1705030200,-218804,-223191,945,2304,3998,254,-434,-1427,283,-91,-230,38135,0.3709,busca
17,1705030500,-218785,-223277,527,2423,3986,-203,-197,-946,102,203,37,55287,0.5379,busca
17,1705030800,-218776,-223271,1174,2267,3942,651,-1094,-620,-30,268,60,3436,0.2823,busca
17,1705031100,-218690,-223203,1282,2244,3934,-172,183,124,-124,-313,-321,40855,0.503,busca
17,1705031400,-218679,-223240,1797,2051,3945,-65,170,-959,-70,170,-101,53255,0.4778,busca
17,1705031700,-218721,-223212,1020,2364,3926,-202,178,-583,-120,-58,6,48018,0.3615,busca
17,1705032000,-218802,-223214,1766,2121,3947,-549,-18,-702,-351,-41,228,9421,0.4571,busca
17,1705032300,-218704,-223159,1116,2175,3991,-707,-90,-262,303,-70,133,31622,0.4584,busca
17,1705032600,-218814,-223108,750,2397,3940,2467,-978,517,355,211,-45,59109,0.4433,busca
17,1705032900,-218914,-223001,1208,2267,3998,426,-282,-870,-241,169,-108,23474,0.4647,busca
17,1705033200,-218980,-223027,881,2195,3955,626,-72,-940,220,71,99,9623,0.3953,busca
17,1705033500,-218944,-223043,1866,2081,3920,-660,-212,-328,-110,303,120,20443,0.4783,busca
17,1705033800,-218939,-222983,451,2377,3926,2598,21,-791,245,230,-58,35836,0.4972,busca
17,1705034100,-219019,-222994,562,2292,3998,-762,-223,-1481,-190,-264,239,45208,0.4245,busca
17,1705034400,-218927,-223040,430,2397,3960,469,308,-540,-106,-271,46,23971,0.4532,busca
17,1705034700,-218888,-223073,1521,2244,3939,959,-396,-209,-121,72,92,60763,0.301,busca
17,1705035000,-218991,-223132,1641,2114,3902,-181,267,-1037,-377,20,-74,7117,0.4541,busca
17,1705035300,-219028,-223103,891,2307,3911,140,-798,-462,-244,-83,126,54689,0.4733,busca
17,1705035600,-219104,-223138,1798,2226,3970,1402,840,-909,-229,107,168,9073,0.4216,busca
17,1705035900,-219213,-223105,1791,2225,3927,195,554,-516,106,3,-7,24339,0.5071,busca
17,1705036200,-219195,-223110,1320,2329,3915,-784,-156,375,0,209,-40,61723,0.5459,busca
17,1705036500,-219186,-223087,930,2185,3973,1093,1111,-471,135,133,-122,2221,0.5444,busca
17,1705036800,-219203,-223113,1984,2006,3959,1248,-1720,462,286,-314,189,59006,0.4179,busca
17,1705037100,-219221,-223060,1145,2292,3903,2817,-442,-955,-159,77,38,7720,0.4638,busca
17,1705037400,-219285,-223109,1294,2327,3980,-86,-1115,-401,200,-163,46,34763,0.4615,busca
17,1705037700,-219295,-223068,1349,2274,3944,-520,-546,261,543,-368,53,10940,0.4562,busca
17,1705038000,-219273,-223019,1830,2108,3942,1156,81,-1099,416,-199,-117,15978,0.442,busca
17,1705038300,-219312,-223019,1107,2230,3971,1515,-72,-705,-2,167,-55,53761,0.4518,busca
17,1705038600,-219353,-222993,1292,2269,3991,479,378,-785,126,-14,-163,32956,0.564,busca
17,1705038900,-219379,-223004,138,2509,3988,1188,24,-34,69,11,-1,12542,0.3167,transitando
17,1705039200,-219495,-222963,82,2518,3912,910,47,-271,-67,11,119,13216,0.5746,transitando
17,1705039500,-219507,-222974,441,2500,3984,1145,222,-154,-23,5,37,14968,0.5298,transitando
17,1705039800,-219466,-222987,265,2403,3897,734,125,96,-97,21,85,55005,0.4065,transitando
17,1705040100,-219431,-223052,123,2543,3961,826,-392,116,48,-42,26,6440,0.2974,transitando
17,1705040400,-219521,-223157,229,2462,3995,398,3,-188,-49,-146,-4,24046,0.3043,transitando
17,1705040700,-219378,-223108,76,2442,3942,826,-509,137,31,62,-22,37856,0.4593,transitando
17,1705041000,-219420,-223155,378,2367,3933,601,29,-207,85,-93,-1,9339,0.472,transitando
17,1705041300,-219428,-223081,170,2432,3911,1304,-214,-304,-60,20,-1,21045,0.4131,transitando
17,1705041600,-219464,-223034,146,2438,3909,1079,-32,245,50,-33,-58,32541,0.5262,transitando
17,1705041900,-219482,-223011,65,2501,3985,679,238,383,13,-26,64,9938,0.5093,transitando
17,1705042200,-219508,-223024,282,2472,3925,954,-152,-25,81,14,-57,28559,0.6851,transitando
17,1705042500,-219481,-223033,161,2526,3917,1024,166,239,-100,111,-4,12943,0.3464,transitando
17,1705042800,-219383,-223069,151,2465,3983,1109,-402,153,102,133,-28,59046,0.5287,transitando
17,1705043100,-219353,-223110,116,2440,3921,696,-179,145,-100,30,1,44311,0.6334,transitando
17,1705043400,-219371,-223132,312,2404,3964,1647,-46,-198,-60,-92,-74,11743,0.433,transitando
17,1705043700,-219406,-223178,357,2394,3967,774,-403,13,-39,107,-56,38124,0.5843,transitando
17,1705044000,-219373,-223186,252,2469,3939,1304,103,150,92,-97,38,5494,0.4679,transitando
17,1705044300,-219446,-223185,369,2351,3899,774,655,-16,-147,143,-31,30454,0.5753,transitando
17,1705044600,-219455,-223208,77,2547,3949,1338,-544,290,67,78,27,21539,0.434,transitando
17,1705044900,-219427,-223166,216,2512,3967,1432,132,269,-75,46,-19,36400,0.6018,transitando
17,1705045200,-219455,-223206,480,2454,3986,1490,-33,-208,-189,-17,47,43659,0.5164,transitando
17,1705045500,-219416,-223197,454,2279,3934,904,179,73,151,-102,18,130,0.3744,transitando
17,1705045800,-219388,-223250,81,2566,3916,1009,-31,-35,-175,-64,-76,43766,0.4489,transitando
17,1705046100,-219355,-223324,206,2453,3960,1727,176,39,104,88,-30,34478,0.5709,transitando
17,1705046400,-219370,-223349,257,2434,3915,1585,-49,-50,-40,100,13,33909,0.6101,transitando
17,1705046700,-219337,-223336,194,2479,3935,416,323,-43,18,-48,62,64126,0.4495,transitando
17,1705047000,-219297,-223405,290,2434,3981,1562,-308,445,180,146,-21,31165,0.5376,transitando
17,1705047300,-219277,-223377,142,2540,3957,1980,-578,-119,-100,51,89,28041,0.5782,transitando
17,1705047600,-219275,-223401,177,2465,3900,197,317,417,35,-119,-75,8084,0.5127,transitando
17,1705047900,-219310,-223410,83,2431,3988,718,-2,-191,13,-107,44,6815,0.4189,transitando
17,1705048200,-219216,-223360,955,2279,3903,536,379,-831,-21,-65,-55,32448,0.568,busca
17,1705048500,-219225,-223362,765,2399,3901,707,196,-671,-240,335,8,64914,0.6207,busca
17,1705048800,-219212,-223342,709,2405,3923,303,1481,-429,381,-219,-103,16589,0.5093,busca
17,1705049100,-219236,-223315,1267,2367,3926,-203,-926,-542,356,256,-42,30836,0.5502,busca
17,1705049400,-219228,-223360,1271,2239,3921,1084,-328,-382,202,126,3,23085,0.5422,busca
17,1705049700,-219218,-223344,1320,2169,3901,359,780,-88,-137,-71,-108,3714,0.4764,busca
17,1705050000,-219176,-223400,1980,2119,3966,-166,-278,-865,-82,176,-46,49257,0.5292,busca
17,1705050300,-219160,-223383,3242,1851,3953,476,-913,-1078,-170,-160,-216,61726,0.6546,busca
17,1705050600,-219164,-223396,3585,1883,3920,-412,-823,-590,514,-53,169,62870,0.5408,busca
17,1705050900,-219144,-223414,2069,2089,3992,1602,392,-437,321,352,-101,15964,0.5389,busca
17,1705051200,-219144,-223384,3957,1581,3918,919,852,-549,-63,383,-93,1467,0.537,busca
17,1705051500,-219177,-223373,2853,1925,3951,1054,446,-512,-288,-139,-143,25584,0.5525,busca
17,1705051800,-219164,-223384,3124,1867,3979,435,316,-805,-100,-52,-195,55617,0.6465,busca
17,1705052100,-219179,-223373,3819,1726,3981,460,325,-1624,43,-191,-255,37049,0.5936,busca
17,1705052400,-219174,-223399,3778,1812,3988,1714,285,-360,56,-99,32,33040,0.5454,busca
17,1705052700,-219146,-223424,3796,1612,3923,326,462,-642,112,56,297,13176,0.6413,busca
17,1705053000,-219111,-223450,3961,1687,3926,248,246,-367,386,-103,388,55383,0.5255,busca
17,1705053300,-219104,-223440,2020,2148,3981,942,602,-202,18,-165,-134,52053,0.5174,busca
17,1705053600,-219106,-223427,3165,1917,3963,1823,602,-1266,435,57,97,54297,0.5951,busca
17,1705053900,-219097,-223401,2002,2157,3913,-549,-236,-417,-117,435,-162,5117,0.5406,busca
17,1705054200,-219084,-223415,2704,1994,3954,-1129,-594,-663,22,-145,-52,28406,0.6381,busca
17,1705054500,-219090,-223392,2126,2014,3918,982,516,369,160,230,2,51897,0.508,busca
17,1705054800,-219096,-223372,3273,1817,3956,-876,-110,-590,-62,-147,-137,11198,0.3977,busca
17,1705055100,-219129,-223321,1889,2070,3957,-959,-555,-1023,-99,-183,211,50914,0.5932,busca
17,1705055400,-219093,-223339,2570,1962,3920,-1583,28,-589,-3,172,1,14544,0.566,busca
17,1705055700,-219122,-223336,2397,2063,3957,799,653,-386,-13,53,274,40547,0.622,busca
17,1705056000,-219142,-223314,2993,1873,3950,398,638,731,295,-49,-60,56368,0.561,busca
17,1705056300,-219150,-223306,1003,2267,3921,2371,-264,-612,-153,-387,129,48549,0.4481,busca
17,1705056600,-219101,-223277,1437,2122,3994,-972,-1192,-1139,-133,256,99,44046,0.4436,busca
17,1705056900,-219197,-223272,1719,2120,3995,1059,565,292,77,-297,-62,62691,0.5969,busca
17,1705057200,-219186,-223264,3973,1675,3924,942,660,-964,85,33,170,9367,0.5697,busca
17,1705057500,-219198,-223289,2303,2030,3956,558,1069,-1516,-12,-172,4,24431,0.4901,busca
17,1705057800,-219261,-223197,1347,2227,3919,1103,297,-714,-5,-137,-84,32080,0.5012,busca
17,1705058100,-219245,-223184,1181,2311,3994,1490,1817,-616,39,235,-74,7851,0.5238,busca
17,1705058400,-219262,-223175,3530,1864,3945,721,-768,-1032,152,211,-125,35628,0.5582,busca
17,1705058700,-219252,-223204,2153,2088,3926,1211,-589,-941,-246,56,-208,36499,0.5355,busca
17,1705059000,-219231,-223198,3003,1882,3968,2455,-131,-821,25,-151,72,63659,0.4356,busca
17,1705059300,-219166,-223133,3854,1725,3902,2206,-983,74,65,95,-226,6657,0.5399,busca
17,1705059600,-219203,-223146,2102,2077,3992,-208,2543,-784,-59,-25,-130,9313,0.6248,busca
17,1705059900,-219157,-223159,2494,1963,3907,1080,-420,-517,-28,201,-348,4718,0.57,busca
17,1705060200,-219139,-223169,2097,2047,3906,-49,-1054,-901,41,120,151,45993,0.5308,busca
17,1705060500,-219124,-223226,1290,2232,3998,1586,1633,-1083,-89,-6,-97,3588,0.5332,busca
17,1705060800,-219130,-223268,2117,2085,3996,40,-204,-2067,202,-396,172,11167,0.5532,busca
17,1705061100,-219111,-223293,1958,2028,3904,-216,-1461,-350,1,22,129,18106,0.5608,busca
17,1705061400,-219086,-223297,1821,2182,3908,-900,-92,-1313,21,-185,90,58975,0.5203,busca
17,1705061700,-219063,-223295,3282,1952,3952,-35,897,-524,390,49,-84,35452,0.4734,busca
17,1705062000,-219004,-223235,3214,1836,3934,2210,-433,182,145,-343,-99,43021,0.4266,busca
17,1705062300,-219032,-223261,1874,2157,3957,465,172,-469,-81,292,13,46576,0.5725,busca
17,1705062600,-219008,-223262,3753,1685,3943,2417,455,-1335,134,-52,-359,22174,0.6014,busca
17,1705062900,-218965,-223270,2357,2004,3925,214,-92,202,-97,130,255,36939,0.5741,busca
17,1705063200,-218957,-223288,2224,2029,3964,10,1567,-854,337,117,-87,1589,0.3986,busca
17,1705063500,-219042,-223239,1315,2257,3955,1027,1502,-1686,51,142,-213,36612,0.4473,busca
17,1705063800,-218965,-223245,3237,1856,3985,426,-249,-213,-104,789,-83,19789,0.5166,busca
17,1705064100,-218936,-223281,3453,1821,3931,-1281,225,-158,-303,-24,52,49765,0.4837,busca
17,1705064400,-218976,-223235,3806,1737,3937,340,-1043,-310,-87,154,-53,25857,0.3889,busca
17,1705064700,-219016,-223141,1973,1943,3910,1026,682,122,118,72,-259,52837,0.4969,busca
17,1705065000,-219066,-223223,2373,1979,3920,2792,-1165,287,-139,33,19,25919,0.5781,busca
17,1705065300,-219052,-223223,2174,2081,3949,-1130,329,-91,234,-228,29,25380,0.4798,busca
17,1705065600,-218998,-223165,1271,2204,3906,851,899,-1617,-489,17,-267,12665,0.3896,busca
17,1705065900,-218950,-223169,2411,2022,3981,51,-569,130,282,-96,-157,48473,0.3879,busca
17,1705066200,-218923,-223250,1955,2168,3905,783,-1474,514,-92,-67,-14,27850,0.508,busca
17,1705066500,-218919,-223215,3996,1721,3962,455,-1720,-417,-41,-166,-254,62169,0.4239,busca
17,1705066800,-219041,-223175,3966,1699,3954,-393,1457,-1209,-285,4,104,21853,0.4693,busca
17,1705067100,-218982,-223186,93,2475,3937,419,84,-52,-27,-47,71,47000,0.2238,transitando
17,1705067400,-219060,-223105,273,2477,3910,1066,87,186,-87,-12,-10,27111,0.4547,transitando
17,1705067700,-218960,-223071,449,2360,3936,628,-116,144,111,-61,-99,20344,0.3948,transitando
17,1705068000,-218902,-223043,410,2439,3964,1037,286,208,-104,96,-76,44437,0.4559,transitando
17,1705068300,-218860,-222934,480,2362,3967,356,352,94,-119,72,24,45448,0.4452,transitando
17,1705068600,-218805,-222942,498,2366,3991,1305,-395,-47,161,-57,47,8884,0.3955,transitando
17,1705068900,-218883,-222879,210,2480,3970,771,-39,18,178,93,-2,27418,0.2987,transitando
17,1705069200,-218856,-222770,152,2509,3910,927,84,-114,17,43,-41,56078,0.5165,transitando
17,1705069500,-218876,-222776,139,2510,3957,1128,-352,-86,138,-116,46,8449,0.5458,transitando
17,1705069800,-218903,-222789,303,2454,3897,1260,-232,443,-191,-57,26,49376,0.3524,transitando
17,1705070100,-218951,-222822,109,2470,3967,594,-685,315,28,31,-84,17466,0.2364,transitando
17,1705070400,-218833,-222829,313,2522,3917,2122,-193,162,-90,-101,40,8326,0.4577,transitando
17,1705070700,-218869,-222793,430,2344,3981,1243,0,249,-261,-54,72,36244,0.4011,transitando
17,1705071000,-218912,-222697,267,2385,3977,-136,10,394,-47,-100,61,8925,0.5278,transitando
17,1705071300,-218896,-222658,110,2462,3951,304,-626,-22,-62,0,4,33314,0.4271,transitando
17,1705071600,-218843,-222612,477,2387,3936,445,151,169,155,199,-55,51874,0.5326,transitando
17,1705071900,-218823,-222576,390,2405,3986,-125,-304,-435,82,-183,-87,25333,0.4438,transitando
17,1705072200,-218897,-222622,445,2309,3960,1340,270,254,10,77,-83,43569,0.4307,transitando
17,1705072500,-218913,-222529,351,2493,3943,1658,-276,6,20,-51,-62,47074,0.3227,transitando
17,1705072800,-218911,-222369,175,2526,3911,837,-740,-118,-142,-88,55,29691,0.3238,transitando
17,1705073100,-218924,-222490,298,2562,3915,1732,-439,128,-208,5,-58,65139,0.3905,transitando
17,1705073400,-218866,-222516,425,2382,3990,1409,-282,-4,23,91,-33,42136,0.5239,transitando
17,1705073700,-218879,-222503,414,2322,3906,1342,217,93,164,-28,55,7565,0.4304,transitando
17,1705074000,-218850,-222460,206,2311,3930,595,-57,-54,-47,13,-75,39622,0.3297,transitando
17,1705074300,-218739,-222491,78,2467,3912,424,-243,-125,72,-66,2,58247,0.4263,transitando
17,1705074600,-218839,-222515,414,2465,3920,532,134,-356,1,-33,10,27301,0.4426,transitando
17,1705074900,-218910,-222511,454,2377,3943,830,-13,213,159,41,-62,33856,0.3453,transitando
17,1705075200,-218885,-222377,264,2472,3940,1330,-496,-11,207,-150,17,42930,0.4774,transitando
17,1705075500,-218884,-222260,459,2437,3902,2143,-49,217,-72,-111,-62,25817,0.3693,transitando
17,1705075800,-218805,-222242,123,2495,3913,1334,-13,-287,-60,70,-43,26369,0.3604,transitando
17,1705076100,-218759,-222297,264,2430,3952,343,-163,153,-92,-27,48,3040,0.3952,transitando
17,1705076400,-218796,-222234,243,2389,3971,1915,475,75,-62,-40,134,35485,0.3809,transitando
17,1705076700,-218890,-222238,137,2457,3898,552,66,-164,121,21,-28,51175,0.4905,transitando
17,1705077000,-218806,-222194,367,2383,3996,121,154,-367,-46,-87,1,46696,0.4295,transitando
17,1705077300,-218762,-222195,423,2324,3933,965,-173,178,-41,65,-41,20368,0.3911,transitando
17,1705077600,-218856,-222222,445,2423,3987,496,-189,-158,178,-10,-8,55222,0.2997,transitando
17,1705077900,-218920,-222076,411,2391,3980,1098,300,121,10,39,-8,2533,0.4268,transitando
17,1705078200,-219003,-222052,390,2483,3985,777,281,-11,-48,-16,30,63150,0.3056,transitando
17,1705078500,-218987,-222223,56,2461,3971,1141,350,-35,-60,112,-7,59584,0.2733,transitando
17,1705078800,-219057,-222148,455,2504,3991,289,-269,-244,86,62,-17,18270,0.3275,transitando
17,1705079100,-218911,-222143,345,2415,3923,167,-293,50,-45,112,-79,183,0.3373,transitando
17,1705079400,-219003,-222078,221,2386,3947,1539,-402,100,114,-46,-26,29977,0.3477,transitando
17,1705079700,-219092,-222069,499,2388,3902,269,90,37,25,-126,12,45501,0.4071,transitando
17,1705080000,-219128,-221974,145,2529,3938,2026,-226,-463,-86,-184,-88,11298,0.2876,transitando
17,1705080300,-219245,-221948,209,2499,3943,1461,110,-28,10,71,13,8299,0.3956,transitando
17,1705080600,-219267,-221900,427,2397,3976,1604,-767,-304,115,52,-15,39563,0.446,transitando
17,1705080900,-219211,-221985,83,2415,3945,1892,528,79,52,18,94,3664,0.3679,transitando
17,1705081200,-219281,-222036,203,2428,3902,1005,15,149,-117,13,16,65222,0.3597,transitando
17,1705081500,-219223,-222095,7335,1000,3950,-662,764,-279,-842,-146,-159,29952,0.3395,forrageando
17,1705081800,-219389,-222117,7591,907,3973,-4504,1205,-717,694,249,164,11146,0.34,forrageando
17,1705082100,-219461,-222135,4155,583,3984,-831,2741,-1871,27,50,-217,29294,0.3884,forrageando
17,1705082400,-219452,-222155,5052,744,3919,857,-944,187,665,-253,374,2827,0.3788,forrageando
17,1705082700,-219566,-222244,7050,957,3917,1002,-702,-853,372,-664,-434,49593,0.3175,forrageando
17,1705083000,-219579,-222344,7312,829,3991,-3250,-2753,152,869,-2,1,17663,0.3518,forrageando
17,1705083300,-219517,-222413,6598,788,3916,505,-2848,-2418,746,342,99,23348,0.3813,forrageando
17,1705083600,-219550,-222343,4163,597,3980,339,-97,-1203,-579,177,-246,37952,0.3564,forrageando
17,1705083900,-219611,-222288,5638,716,3980,-705,-1239,-1576,-266,-176,164,11893,0.357,forrageando
17,1705084200,-219555,-222264,7519,995,3948,-478,1375,-1053,40,-288,-13,62269,0.3954,forrageando
17,1705084500,-219542,-222320,5388,722,3996,108,4563,-2234,-162,-404,-233,40856,0.2978,forrageando
17,1705084800,-219612,-222409,6102,793,3944,-1235,-2189,-608,951,-363,499,6662,0.394,forrageando
17,1705085100,-219603,-222496,6643,757,3903,4725,825,-1103,-47,-297,99,50873,0.2605,forrageando
17,1705085400,-219755,-222431,2599,412,3906,2750,-1315,-3235,-679,669,285,30585,0.382,forrageando
17,1705085700,-219718,-222430,6511,856,3997,226,1638,58,-326,275,407,35563,0.3815,forrageando
17,1705086000,-219667,-222508,5928,759,3909,60,-1932,-924,972,-325,-137,3270,0.3805,forrageando
17,1705086300,-219567,-222593,6177,774,3916,3755,337,-819,405,-126,-194,44123,0.3481,forrageando
17,1705086600,-219609,-222581,5387,668,3910,671,650,-1140,1245,224,-398,43991,0.4017,forrageando
17,1705086900,-219577,-222626,5178,682,3973,1245,3460,-2245,376,1172,-93,53617,0.3673,forrageando
17,1705087200,-219440,-222573,2999,434,3919,-2619,-1684,-1058,-710,-112,159,52493,0.1929,forrageando
17,1705087500,-219533,-222542,3939,581,3920,2377,519,-2873,-200,30,215,51464,0.3862,forrageando
17,1705087800,-219498,-222563,6060,872,3942,1901,-416,-2373,167,-104,-567,50095,0.2455,forrageando
17,1705088100,-219581,-222639,2069,452,3921,2326,242,-1067,293,-784,-63,52019,0.2886,forrageando
17,1705088400,-219487,-222611,2235,395,3996,4119,-2493,-1854,-609,649,506,38146,0.4456,forrageando
17,1705088700,-219539,-222664,5444,737,3952,2594,0,-1313,-460,-1012,-3,34943,0.3448,forrageando
17,1705089000,-219521,-222752,5559,784,3953,-2192,-1535,-477,-205,855,170,47710,0.3864,forrageando
17,1705089300,-219500,-222681,6185,852,3946,-2269,-4274,-1778,445,56,-269,5461,0.3403,forrageando
17,1705089600,-219367,-222621,5496,768,3955,-4062,-821,174,-107,-119,290,52344,0.5025,forrageando
17,1705089900,-219385,-222641,4858,747,3967,1828,-74,-248,-412,-254,-174,60689,0.4672,forrageando
17,1705090200,-219468,-222623,6605,869,3907,539,-1628,-979,-482,225,398,41152,0.3985,forrageando
17,1705090500,-219474,-222736,6731,833,3923,656,2457,1247,-289,-230,-669,36601,0.3525,forrageando
17,1705090800,-219416,-222730,3520,545,3944,2022,-946,-1197,-988,-258,-92,59111,0.3245,forrageando
17,1705091100,-219476,-222701,2613,460,3994,2749,-2511,-700,50,-78,-169,43739,0.4361,forrageando
17,1705091400,-219455,-222663,5873,795,3991,-4831,-3478,-1651,225,-498,-273,32816,0.3203,forrageando
17,1705091700,-219575,-222772,4090,641,3918,671,-2922,41,-677,69,235,48334,0.3022,forrageando
17,1705092000,-219440,-222685,3725,547,3901,-837,-3706,470,512,-156,377,52324,0.1773,forrageando
17,1705092300,-219423,-222633,5051,761,3939,-4216,-953,-2276,-376,164,183,64092,0.3099,forrageando
17,1705092600,-219458,-222572,3063,495,3907,-4492,-44,-407,-249,-752,-68,47622,0.4106,forrageando
17,1705092900,-219503,-222576,7741,986,3957,-152,-4192,-1124,343,737,-180,43908,0.5313,forrageando
17,1705093200,-219487,-222576,4293,664,3929,-1560,2276,-1783,-298,404,128,47113,0.3971,forrageando
17,1705093500,-219437,-222686,236,2448,3920,-1917,315,-1307,170,616,250,47204,0.3579,forrageando
17,1705093800,-219427,-222594,705,2457,3966,221,1384,-1834,28,-232,76,27859,0.3069,forrageando
17,1705094100,-219462,-222535,1364,2192,3940,-2570,3655,-418,36,395,-79,46975,0.3455,forrageando
17,1705094400,-219511,-222462,225,2480,3959,-3631,-225,-1954,-476,-384,308,65527,0.3213,forrageando
17,1705094700,-219642,-222410,1462,2251,3949,-1423,1204,-470,690,235,61,32069,0.3141,forrageando
17,1705095000,-219615,-222303,1229,2255,3983,-367,-900,-2376,817,-643,169,44583,0.3559,forrageando
17,1705095300,-219587,-222278,432,2450,3975,-2103,617,-2163,-358,-216,-112,60463,0.2869,forrageando
17,1705095600,-219522,-222282,567,2355,3905,2700,283,1292,-230,669,40,24142,0.3272,forrageando
17,1705095900,-219598,-222333,1055,2345,3961,-377,-3122,-582,567,-478,-489,30557,0.3232,forrageando
17,1705096200,-219690,-222339,1236,2206,3951,2821,176,2124,88,-128,488,5934,0.3969,forrageando
17,1705096500,-219570,-222306,506,2373,3909,2558,-2161,-1307,-479,-424,-131,30322,0.2888,forrageando
17,1705096800,-219706,-222382,1398,2133,3931,436,-24,-1373,-192,93,-269,53647,0.3194,busca
17,1705097100,-219776,-222438,401,2529,3965,957,618,325,-41,-217,-198,53832,0.2681,busca
17,1705097400,-219813,-222375,1075,2286,3905,1130,-673,-765,127,35,-130,36087,0.3419,busca
17,1705097700,-219753,-222258,990,2363,3990,142,-242,-44,161,220,-273,7541,0.3431,busca
17,1705098000,-219874,-222298,1849,2064,3993,864,667,-136,-108,-12,10,31757,0.4865,busca
17,1705098300,-219861,-222338,514,2365,3952,222,-1759,-1826,-130,248,71,55789,0.3579,busca
17,1705098600,-219866,-222417,1463,2212,3925,1911,-114,-828,-54,-94,108,4750,0.378,busca
17,1705098900,-219824,-222471,604,2344,3986,1345,-1346,-31,138,53,-138,39282,0.3118,busca
17,1705099200,-219933,-222479,1236,2292,3962,-338,-630,-736,2,-129,113,55318,0.4368,busca
17,1705099500,-219875,-222467,1194,2258,3993,-560,-7,-392,-160,347,-44,54378,0.3418,busca
17,1705099800,-220031,-222462,726,2393,3943,1123,-35,-1050,199,-500,21,20570,0.3111,busca
17,1705100100,-220100,-222492,761,2273,3966,1058,1566,-1848,-32,174,385,65515,0.3292,busca
17,1705100400,-220171,-222649,1632,2169,3972,-1056,927,-1168,13,-188,-7,29900,0.3872,busca
17,1705100700,-220147,-222751,1352,2265,3923,-1334,-504,-1119,-292,95,-267,44009,0.3938,busca
17,1705101000,-220235,-222697,366,2358,3994,1486,102,-347,128,170,-121,459,0.2945,busca
17,1705101300,-220179,-222708,736,2265,3979,1340,-177,-777,-178,130,123,2552,0.434,busca
17,1705101600,-220205,-222666,703,2302,3998,2553,-1159,124,-375,-408,-58,9652,0.4071,busca
17,1705101900,-220237,-222640,432,2369,3918,677,-1248,-442,-372,65,-214,26097,0.3737,busca
17,1705102200,-220319,-222651,1948,2082,3944,584,-3,-71,-38,24,103,49986,0.3565,busca
17,1705102500,-220400,-222661,1157,2326,3959,93,-328,-1189,111,435,53,53526,0.2861,busca
17,1705102800,-220364,-222720,1729,2214,3927,894,-61,-448,-163,201,-218,63794,0.3641,busca
17,1705103100,-220348,-222763,1247,2245,3921,625,157,0,97,-91,178,31377,0.359,busca
17,1705103400,-220390,-222784,824,2345,3998,-2426,-670,-125,122,216,-209,53421,0.4304,busca
17,1705103700,-220309,-222817,1389,2304,3989,-347,1370,-317,-281,20,172,64834,0.3333,busca
17,1705104000,-220430,-222781,1400,2188,3968,1207,1194,-109,54,283,146,34751,0.399,busca
17,1705104300,-220496,-222822,1441,2286,3974,-307,1415,-215,30,66,-1,52541,0.2989,busca
17,1705104600,-220571,-222758,1660,2141,3911,-457,-643,-666,-12,118,14,1567,0.3282,busca
17,1705104900,-220472,-222879,1304,2197,3982,1224,-594,128,-173,70,118,46542,0.3132,busca
17,1705105200,-220509,-223043,1642,2124,3964,-94,-458,-614,-141,59,20,57266,0.4205,busca
17,1705105500,-220527,-223078,399,2476,3946,242,1434,7,-491,125,2,14716,0.3591,busca
17,1705105800,-220491,-223033,1531,2170,3961,-90,-1501,-346,144,-142,91,62997,0.2953,busca
17,1705106100,-220478,-223186,976,2293,3992,463,1688,-633,-56,-53,124,3483,0.2679,busca
17,1705106400,-220600,-223145,1491,2163,3986,1842,1154,-288,-179,-186,139,62713,0.3433,busca
17,1705106700,-220557,-223078,397,2406,3959,1413,-293,-458,237,482,40,38779,0.3948,busca
17,1705107000,-220595,-223036,883,2310,3984,916,-119,-829,274,181,76,19942,0.3846,busca
17,1705107300,-220571,-222966,601,2413,3916,668,1044,-769,-26,-294,-11,38539,0.4217,busca
17,1705107600,-220586,-223040,516,2402,3944,743,142,-1332,-343,-126,11,28610,0.3688,busca
17,1705107900,-220559,-222959,1561,2309,3964,322,-292,-434,257,290,-212,57999,0.3547,busca
17,1705108200,-220619,-223040,556,2396,3973,-985,-15,-52,4,-45,56,57388,0.5198,busca
17,1705108500,-220632,-223027,380,2412,3958,-498,375,-1902,-339,-35,138,3952,0.4811,busca
17,1705108800,-220625,-222976,684,2329,3914,3380,678,-707,-347,15,85,36765,0.3305,busca
17,1705109100,-220682,-222886,1929,2090,3921,-816,189,-531,-243,-111,-230,56680,0.2742,busca
17,1705109400,-220788,-222831,712,2311,3927,465,822,-682,90,272,-24,37936,0.3009,busca
17,1705109700,-220794,-223025,1420,2288,3930,-955,336,-358,183,62,-81,35472,0.4176,busca
17,1705110000,-220743,-223140,331,2473,3909,-926,-332,-1126,187,-134,-132,23482,0.3723,busca
17,1705110300,-220803,-223153,1402,2249,3905,-892,160,-876,-196,-176,38,51774,0.4507,busca
17,1705110600,-220871,-223071,1209,2225,3926,2408,-558,64,490,15,-174,59932,0.3578,busca
17,1705110900,-220932,-223065,703,2367,3905,250,2075,33,323,49,24,62542,0.3502,busca
17,1705111200,-220990,-223048,780,2238,3991,-839,-694,-453,-230,277,-24,34140,0.4478,busca
17,1705111500,-220917,-222972,671,2368,3934,1426,1067,431,195,245,-321,37022,0.3507,busca
17,1705111800,-220927,-222859,1750,2085,3935,302,-405,-112,-350,55,2,62802,0.4777,busca
17,1705112100,-220945,-222899,1741,2195,3971,1244,513,-856,210,-49,266,31406,0.4395,busca
17,1705112400,-220985,-222914,354,2379,3996,2239,171,-669,51,-205,46,26285,0.4745,busca
17,1705112700,-220947,-222947,1773,2087,3957,-437,787,-1295,54,103,-143,58444,0.4725,busca
17,1705113000,-220946,-223003,1438,2297,3931,-941,1153,-525,26,176,94,8888,0.3909,busca
17,1705113300,-220929,-223066,863,2332,3934,-467,-77,-917,49,75,-37,10926,0.4589,busca
17,1705113600,-220932,-223147,305,2473,3900,1580,-63,-333,52,-268,219,42988,0.4586,busca
17,1705113900,-220952,-223106,1831,2244,3913,1127,-848,-702,-141,-408,-80,14421,0.4689,busca
17,1705114200,-221035,-223059,655,2322,3931,1958,-355,-1006,-41,-256,17,23729,0.425,busca
17,1705114500,-221069,-223044,1777,2128,3955,2231,963,-463,212,-194,-118,24227,0.5157,busca
18,1705028400,307955,-390895,458,2338,3980,1491,-659,-677,-60,84,-5,23923,0.4678,busca
18,1705028700,307965,-390946,1869,2106,3947,20,-1256,-527,-209,-152,64,37929,0.4036,busca
18,1705029000,307974,-391009,1563,2159,3899,1161,-117,-1022,-198,36,-61,55122,0.4404,busca
18,1705029300,308072,-390958,1200,2190,3920,162,1110,-411,-151,-25,-252,10577,0.4579,busca
18,1705029600,308133,-390989,667,2326,3997,-653,1258,-1363,62,178,-73,59622,0.3034,busca
18,1705029900,308246,-391073,1281,2304,3908,533,-467,-636,4,-128,44,41375,0.4873,busca
18,1705030200,308211,-391047,1006,2348,3906,625,1137,-353,294,554,-348,2280,0.5282,busca
18,1705030500,308246,-391051,1331,2241,3937,174,-240,-158,6,-278,170,12427,0.4671,busca
18,1705030800,308273,-391009,817,2362,3978,1479,-388,-768,-201,276,242,12813,0.4129,busca
18,1705031100,308223,-391070,1071,2211,3998,1042,-750,-651,2,-37,371,51623,0.4384,busca
18,1705031400,308190,-391143,1625,2181,3905,1504,1064,-742,263,116,-42,21613,0.3975,busca
18,1705031700,308148,-391223,1353,2251,3920,2080,-621,-767,220,-230,-59,20505,0.3189,busca
18,1705032000,308198,-391332,1361,2292,3900,818,279,89,549,-88,16,1881,0.5249,busca
18,1705032300,308220,-391344,1588,2249,3941,546,-168,-391,-1,3,104,37614,0.4256,busca
18,1705032600,308159,-391353,1967,2112,3972,1035,-788,-1238,-185,-42,25,32374,0.3937,busca
18,1705032900,308198,-391348,1014,2249,3988,700,224,349,-327,152,5,20590,0.4658,busca
18,1705033200,308242,-391312,549,2304,3939,453,1577,-1008,30,539,48,28879,0.4101,busca
18,1705033500,308282,-391320,1032,2307,3899,872,-143,-621,-207,285,-45,45600,0.4383,busca
18,1705033800,308300,-391354,776,2331,3983,-1776,-989,-248,-344,407,-23,29531,0.4184,busca
18,1705034100,308254,-391400,1153,2203,3987,1204,732,560,415,0,-181,35470,0.5631,busca
18,1705034400,308282,-391380,1153,2252,3996,603,769,-1108,399,-46,-122,14641,0.4928,busca
18,1705034700,308240,-391504,1386,2221,3963,2047,-471,-472,-196,-290,-221,53704,0.4421,busca
18,1705035000,308308,-391454,1788,2174,3928,-664,426,-552,2,83,-149,55325,0.3771,busca
18,1705035300,308353,-391507,1509,2251,3901,2466,277,-1062,176,325,144,8547,0.5429,busca
18,1705035600,308374,-391529,894,2348,3981,234,58,-260,91,223,112,10122,0.453,busca
18,1705035900,308354,-391500,1195,2220,3994,678,468,-311,-187,63,-63,381,0.646,busca
18,1705036200,308374,-391498,1366,2213,3969,762,-271,-581,70,35,39,813,0.4939,busca
18,1705036500,308291,-391557,305,2436,3998,1574,-238,-764,201,-240,-64,27979,0.3844,busca
18,1705036800,308208,-391612,138,2472,3985,1164,581,93,-102,-61,102,53481,0.3461,transitando
18,1705037100,308195,-391482,396,2477,3979,619,-506,-41,-125,0,15,1909,0.4465,transitando
18,1705037400,308084,-391480,190,2412,3991,940,77,-113,-100,24,-8,12036,0.4529,transitando
18,1705037700,308040,-391378,420,2401,3968,948,1,-39,-27,-76,-77,61871,0.4704,transitando
18,1705038000,308148,-391370,400,2363,3959,95,140,-67,82,-131,9,57818,0.4556,transitando
18,1705038300,308203,-391374,225,2385,3908,1502,-21,207,-14,-153,71,47843,0.4652,transitando
18,1705038600,308184,-391447,318,2458,3936,1047,-128,-205,8,-8,15,39867,0.605,transitando
18,1705038900,308206,-391475,355,2430,3975,1920,96,-123,69,-86,112,36478,0.4859,transitando
18,1705039200,308261,-391603,280,2424,3970,1358,171,79,208,5,-8,46580,0.6753,transitando
18,1705039500,308229,-391651,339,2352,3903,1447,-175,501,99,47,69,30835,0.5115,transitando
18,1705039800,308227,-391635,390,2422,3912,-172,235,-3,41,68,-100,54723,0.4924,transitando
18,1705040100,308319,-391576,181,2496,3941,663,30,109,-88,-183,56,14528,0.6603,transitando
18,1705040400,308332,-391603,194,2471,3933,1129,258,-217,-55,180,-77,34873,0.6057,transitando
18,1705040700,308355,-391562,257,2422,3940,734,369,281,-114,-123,82,2419,0.4848,transitando
18,1705041000,308273,-391572,61,2567,3983,1977,-5,428,-191,-10,97,56041,0.5476,transitando
18,1705041300,308241,-391530,321,2400,3988,686,178,178,-40,27,34,45441,0.5069,transitando
18,1705041600,308205,-391512,454,2444,3910,846,35,-47,-105,97,21,30289,0.5224,transitando
18,1705041900,308174,-391530,62,2464,3913,1892,-63,-13,-20,310,-32,33932,0.4415,transitando
18,1705042200,308145,-391595,172,2392,3939,1141,-104,3,-15,78,15,2524,0.5395,transitando
18,1705042500,308120,-391638,477,2354,3975,1088,-35,131,102,-12,-27,40287,0.3449,transitando
18,1705042800,308223,-391720,188,2518,3995,1137,124,-160,120,51,91,2931,0.6085,transitando
18,1705043100,308261,-391690,255,2462,3992,555,-408,43,-85,-24,-16,37721,0.5996,transitando
18,1705043400,308238,-391667,109,2458,3965,1099,-19,80,42,143,24,56632,0.4976,transitando
18,1705043700,308204,-391759,282,2415,3958,-179,-256,-63,-54,31,51,49416,0.4238,transitando
18,1705044000,308201,-391698,412,2420,3981,1267,-22,-66,-28,-31,-55,38041,0.4533,transitando
18,1705044300,308260,-391821,56,2474,3959,1290,-22,-86,117,-96,10,20766,0.4867,transitando
18,1705044600,308311,-391759,487,2488,3991,1353,-53,277,33,134,14,65047,0.3856,transitando
18,1705044900,308295,-391704,388,2374,3947,1195,588,-515,67,118,-36,64226,0.6059,transitando
18,1705045200,308265,-391666,272,2490,3945,841,45,12,23,-70,0,60199,0.536,transitando
18,1705045500,308280,-391676,367,2446,3923,693,35,-191,-46,130,-13,26521,0.5015,transitando
18,1705045800,308256,-391641,99,2471,3956,1064,297,-243,-93,91,39,33507,0.4615,transitando
18,1705046100,308270,-391580,463,2454,3975,678,181,216,-69,66,-9,48263,0.3373,transitando
18,1705046400,308281,-391476,254,2511,3974,1127,-581,321,-128,-21,95,35206,0.5984,transitando
18,1705046700,308309,-391478,259,2447,3936,1392,435,-83,143,-222,16,14698,0.5019,transitando
18,1705047000,308320,-391458,269,2465,3986,1648,-170,-499,109,-5,-52,23111,0.5422,transitando
18,1705047300,308325,-391419,385,2420,3935,1087,429,358,-52,156,-31,2594,0.5184,transitando
18,1705047600,308318,-391396,78,2485,3990,1360,238,181,-26,-120,21,59932,0.6349,transitando
18,1705047900,308303,-391413,325,2399,3968,1022,-376,-79,94,6,-56,7659,0.5589,transitando
18,1705048200,308304,-391381,53,2483,3972,1538,-209,-203,33,38,-53,14343,0.5334,transitando
18,1705048500,308300,-391362,82,2404,3958,646,324,271,109,126,10,33795,0.645,transitando
18,1705048800,308265,-391369,352,2422,3983,449,662,-363,-134,-49,-6,19759,0.6906,transitando
18,1705049100,308302,-391379,295,2521,3970,1784,-10,-25,-90,84,-5,26203,0.7039,transitando
18,1705049400,308318,-391361,489,2493,3966,836,-182,96,30,75,-1,24202,0.4759,transitando
18,1705049700,308404,-391367,339,2479,3970,1066,242,-87,-1,-30,63,2261,0.5141,transitando
18,1705050000,308364,-391358,249,2522,3907,329,394,38,-58,-71,9,42251,0.6203,transitando
18,1705050300,308381,-391375,3189,1813,3925,1141,-432,-51,-14,252,-79,25321,0.6025,busca
18,1705050600,308407,-391369,3986,1734,3976,1575,1571,4,182,203,65,20803,0.5294,busca
18,1705050900,308420,-391333,3279,1797,3983,12,599,-264,115,213,-203,13785,0.6025,busca
18,1705051200,308401,-391338,3764,1636,3965,1935,-428,-109,-470,-58,-282,36335,0.5339,busca
18,1705051500,308395,-391362,2652,1898,3972,-734,1298,-835,-202,-172,76,34328,0.49,busca
18,1705051800,308367,-391267,3420,1812,3951,2211,-1923,58,13,-69,-164,12104,0.6437,busca
18,1705052100,308342,-391291,2705,2019,3915,-1052,-370,-606,-181,79,-87,56781,0.575,busca
18,1705052400,308321,-391301,1689,2090,3948,-995,-206,-143,-239,-9,-148,33793,0.6883,busca
18,1705052700,308290,-391324,1584,2148,3950,249,-390,-233,-248,140,94,53768,0.666,busca
18,1705053000,308287,-391287,1755,2092,3981,2124,-855,-995,224,-16,-5,24568,0.6481,busca
18,1705053300,308317,-391309,3796,1761,3908,328,-142,-396,156,-383,7,13359,0.5789,busca
18,1705053600,308317,-391288,1584,2107,3927,2006,-388,-254,-272,225,226,62349,0.5296,busca
18,1705053900,308314,-391315,2216,475,3976,-451,2667,1272,-344,415,276,44246,0.6684,forrageando
18,1705054200,308319,-391290,2866,434,3923,-3554,1125,-1595,419,108,-184,33738,0.6728,forrageando
18,1705054500,308330,-391306,3310,511,3988,700,-1580,-260,-979,-484,294,28645,0.6391,forrageando
18,1705054800,308313,-391277,5200,699,3939,4488,-556,-1037,-607,297,70,23628,0.6682,forrageando
18,1705055100,308315,-391299,7160,892,3986,-2079,2263,-2301,-152,447,288,44045,0.529,forrageando
18,1705055400,308348,-391298,6668,916,3990,158,77,-970,-702,467,-351,42110,0.6146,forrageando
18,1705055700,308376,-391293,7793,903,3968,6834,-1915,-2362,-603,169,271,47852,0.501,forrageando
18,1705056000,308405,-391275,2949,570,3900,71,-929,1043,-325,-367,594,49906,0.4911,forrageando
18,1705056300,308322,-391229,3266,518,3995,-1208,-2271,475,-161,-416,-153,48199,0.5674,forrageando
18,1705056600,308317,-391217,3897,622,3919,1726,-1190,-2326,-562,353,-80,32400,0.4518,forrageando
18,1705056900,308366,-391183,6007,690,3993,-2652,-980,-1045,450,-185,-109,27882,0.5159,forrageando
18,1705057200,308364,-391197,2322,531,3989,1473,4054,-1198,-14,-521,138,49107,0.3941,forrageando
18,1705057500,308319,-391222,6172,772,3949,1034,212,-1725,336,1342,195,62930,0.4873,forrageando
18,1705057800,308355,-391267,2152,302,3919,-544,-1939,-378,396,-33,-286,45369,0.4881,forrageando
18,1705058100,308414,-391295,7086,915,3935,-3131,-549,-699,696,431,-309,55081,0.4231,forrageando
18,1705058400,308366,-391255,6662,941,3960,-1507,2467,-2231,388,-616,786,155,0.5297,forrageando
18,1705058700,308362,-391264,7918,1056,3911,2431,-1031,-653,-999,-218,-99,24959,0.4013,forrageando
18,1705059000,308303,-391208,5214,679,3956,-1958,-111,-1138,721,284,51,48991,0.4446,forrageando
18,1705059300,308284,-391135,4713,628,3965,-1139,-2261,-640,-562,57,56,6794,0.4806,forrageando
18,1705059600,308322,-391163,7536,898,3986,5257,61,-421,713,232,16,4429,0.6325,forrageando
18,1705059900,308282,-391186,7844,1002,3986,-669,-1373,-501,9,266,-888,46241,0.4126,forrageando
18,1705060200,308302,-391248,3309,579,3949,-1296,2209,799,612,14,279,13918,0.5513,forrageando
18,1705060500,308292,-391227,2486,384,3931,-3546,-615,-388,604,77,166,40347,0.5128,forrageando
18,1705060800,308261,-391194,7010,996,3940,-298,994,-1741,52,-1136,141,30828,0.4956,forrageando
18,1705061100,308217,-391226,6897,879,3930,375,1467,641,-907,330,-556,26683,0.4238,forrageando
18,1705061400,308230,-391200,2440,496,3998,-2667,2298,-1685,-103,82,69,7832,0.4308,forrageando
18,1705061700,308200,-391188,5726,764,3953,169,603,-1905,33,223,95,11891,0.5192,forrageando
18,1705062000,308173,-391173,5341,733,3987,-165,1971,-1137,-15,-625,-366,26626,0.5553,forrageando
18,1705062300,308155,-391237,6217,751,3977,-1263,-1145,-1035,1077,-61,285,54643,0.4931,forrageando
18,1705062600,308166,-391258,2361,438,3948,-2147,-164,-1771,-430,478,205,46587,0.4763,forrageando
18,1705062900,308132,-391372,3149,545,3928,12,2291,-75,-486,-34,-205,6730,0.3639,forrageando
18,1705063200,308103,-391489,5506,667,3955,-2439,-1895,-1486,145,25,181,59716,0.4379,forrageando
18,1705063500,308154,-391467,3990,555,3914,-2101,-70,435,-41,540,9,28360,0.423,forrageando
18,1705063800,308158,-391575,5979,802,3982,942,-2794,-726,630,-169,-505,37422,0.5432,forrageando
18,1705064100,308144,-391610,6917,911,3952,2400,603,-1599,365,209,113,1347,0.4605,forrageando
18,1705064400,308091,-391635,4948,710,3990,685,-1856,-324,278,-788,183,57428,0.4779,forrageando
18,1705064700,308140,-391511,2268,480,3953,-2560,-1543,-1683,-547,129,-351,7925,0.4487,forrageando
18,1705065000,308119,-391503,3897,708,3930,1746,1417,-2036,-169,-330,-482,40173,0.4492,forrageando
18,1705065300,308139,-391485,6389,767,3952,-467,495,-2357,-371,-12,20,19593,0.4315,forrageando
18,1705065600,308118,-391519,7814,981,3918,4280,-2873,-267,-292,-189,506,58822,0.4366,forrageando
18,1705065900,308073,-391573,6651,840,3985,-1173,-1861,-1738,-145,-41,94,13245,0.3782,forrageando
18,1705066200,308139,-391582,5198,666,3946,-118,-1723,-1536,-713,-275,101,14530,0.4179,forrageando
18,1705066500,308126,-391638,6851,855,3979,996,232,-153,-17,-146,-319,56715,0.3154,forrageando
18,1705066800,308138,-391765,6136,817,3911,3395,-2191,-1688,267,682,-257,60849,0.3286,forrageando
18,1705067100,308165,-391738,6891,904,3987,2249,-119,-1057,-248,402,-145,3927,0.3415,forrageando
18,1705067400,308096,-391783,6728,796,3989,-3522,934,-2280,50,45,-21,26191,0.3238,forrageando
18,1705067700,307916,-391785,3134,486,3921,-2514,-441,-825,340,-396,-15,11029,0.2831,forrageando
18,1705068000,307800,-391850,7015,949,3927,-845,1269,-636,281,-133,295,6321,0.4062,forrageando
18,1705068300,307815,-391859,7600,942,3904,-1524,-191,1066,-167,-1046,-482,1645,0.4093,forrageando
18,1705068600,307873,-391861,5145,684,3995,-68,-184,-1935,512,-272,211,14860,0.3026,forrageando
18,1705068900,308020,-391850,6917,926,3998,3293,-1248,-1364,-40,1629,-1009,52333,0.399,forrageando
18,1705069200,307964,-391679,7811,884,3945,-2754,2225,184,885,-159,328,59752,0.4582,forrageando
18,1705069500,307893,-391624,3880,572,3955,2051,-299,-955,771,497,-201,48107,0.4528,forrageando
18,1705069800,307891,-391669,3789,661,3918,2338,1263,-1638,120,-603,277,55977,0.2746,forrageando
18,1705070100,308007,-391684,4698,760,3938,2276,1084,616,427,271,240,37451,0.3382,forrageando
18,1705070400,308121,-391597,5598,754,3989,-3765,-2881,415,450,248,-220,53980,0.3428,forrageando
18,1705070700,308068,-391629,4358,633,3912,-755,-1686,-932,-583,349,296,24897,0.646,forrageando
18,1705071000,308114,-391684,6518,889,3957,668,916,-1971,250,-22,131,26249,0.3585,forrageando
18,1705071300,308149,-391694,4814,619,3970,642,-250,233,-77,-48,-62,61519,0.3873,forrageando
18,1705071600,308158,-391774,4169,637,3985,2932,-1481,-809,547,-552,195,50041,0.2589,forrageando
18,1705071900,308062,-391812,5192,670,3928,528,4252,0,-374,-610,135,65365,0.3659,forrageando
18,1705072200,308090,-391831,2322,313,3941,888,-2390,-1685,167,151,63,8107,0.4445,forrageando
18,1705072500,308130,-391893,4174,656,3962,-3952,-1866,-81,465,39,-77,25948,0.3214,forrageando
18,1705072800,308128,-391772,5619,791,3996,1012,1656,-1523,57,143,64,65419,0.3864,forrageando
18,1705073100,308231,-391906,7361,894,3960,-572,4611,-2832,1077,635,294,33606,0.3594,forrageando
18,1705073400,308278,-392023,2171,426,3945,168,1027,-961,420,596,-382,17439,0.2817,forrageando
18,1705073700,308180,-391975,2962,450,3996,32,440,-2059,463,-665,-371,22793,0.3381,forrageando
18,1705074000,308139,-392145,5640,808,3957,1080,1320,-1731,-1185,-186,-67,48347,0.378,forrageando
18,1705074300,308067,-392141,4933,827,3984,-303,364,-339,214,-785,669,1239,0.2842,forrageando
18,1705074600,308085,-392255,2066,384,3975,1115,-1912,793,-172,-731,-505,44613,0.3289,forrageando
18,1705074900,308066,-392126,2776,499,3917,-373,1073,618,-18,441,65,12170,0.2459,forrageando
18,1705075200,308193,-392094,3413,565,3921,-2194,-313,-696,-645,266,-28,26985,0.2805,forrageando
18,1705075500,308192,-392220,4436,726,3915,-452,-3166,-1809,419,-226,-78,5114,0.345,forrageando
18,1705075800,308189,-392113,5220,804,3938,-2972,-1989,-1103,102,-737,-101,41004,0.2557,forrageando
18,1705076100,308203,-391904,6545,789,3958,2240,467,-2827,2270,-465,-223,55411,0.3631,forrageando
18,1705076400,308194,-391940,4193,585,3945,324,-1754,-876,-470,87,-175,63564,0.3386,forrageando
18,1705076700,308264,-391882,5081,694,3908,3994,816,-915,-131,-186,-33,23695,0.408,forrageando
18,1705077000,308264,-391859,2200,366,3986,-1232,-5416,-2378,339,996,16,2065,0.3047,forrageando
18,1705077300,308310,-391796,3303,473,3913,1249,838,-2358,-119,106,138,48241,0.4009,forrageando
18,1705077600,308339,-391852,3573,550,3962,2984,-1268,-760,713,226,553,33752,0.3007,forrageando
18,1705077900,308341,-391950,5962,778,3909,-4548,-1488,-420,825,1036,635,42474,0.4229,forrageando
18,1705078200,308360,-392085,6232,819,3984,840,-667,-1418,-321,508,-34,49913,0.3221,forrageando
18,1705078500,308272,-392116,2237,385,3926,-220,-480,-967,506,43,-547,598,0.2972,forrageando
18,1705078800,308255,-392214,5547,753,3953,1097,-2897,-1961,-254,243,-365,62060,0.3642,forrageando
18,1705079100,308306,-392154,7734,1028,3989,-58,-3088,-2488,144,583,-235,55027,0.2963,forrageando
18,1705079400,308355,-392214,7998,1028,3944,2489,4058,-373,-434,-432,332,8510,0.4384,forrageando
18,1705079700,308335,-392240,6547,839,3943,1235,349,-887,-357,-829,-394,40546,0.2984,forrageando
18,1705080000,308272,-392237,5275,716,3970,926,-159,-1641,446,-21,606,20957,0.3331,forrageando
18,1705080300,308210,-392252,6820,876,3915,-1890,-4557,-1144,-199,-886,-179,42373,0.2671,forrageando
18,1705080600,308110,-392334,4161,651,3967,607,-594,-1399,-1176,-20,-57,13813,0.4066,forrageando
18,1705080900,308148,-392272,4263,521,3964,-985,-853,280,-428,284,-79,9646,0.3083,forrageando
18,1705081200,308119,-392342,5867,802,3918,1171,-981,-284,-463,-988,-194,2170,0.339,forrageando
18,1705081500,308181,-392350,2005,396,3907,2304,-1170,-3115,20,735,-94,28093,0.4281,forrageando
18,1705081800,308175,-392375,2455,2008,3921,-391,558,-1113,-175,159,163,56117,0.2443,busca
18,1705082100,308068,-392387,2072,2086,3996,147,805,-1470,-341,-205,15,49461,0.3205,busca
18,1705082400,308010,-392480,2677,1999,3921,-317,-292,913,-79,41,-98,51919,0.4573,busca
18,1705082700,308051,-392387,3343,1784,3956,1027,-1869,-254,-9,-129,15,10384,0.2944,busca
18,1705083000,308144,-392340,2260,1987,3973,676,411,-54,-85,-346,54,14549,0.3425,busca
18,1705083300,308096,-392261,3848,1721,3942,3812,-993,401,139,170,-212,15154,0.3684,busca
18,1705083600,308120,-392182,1167,2349,3960,-985,550,-1126,-118,-126,-146,14413,0.3176,busca
18,1705083900,308005,-392251,3328,1737,3938,1180,305,-564,136,222,81,1953,0.3082,busca
18,1705084200,308046,-392319,3333,1868,3972,1465,880,-123,-235,-205,-158,46851,0.2038,busca
18,1705084500,307996,-392402,1989,2152,3940,828,-1387,-1189,324,-138,-165,25118,0.2939,busca
18,1705084800,307840,-392438,3364,1852,3919,804,-515,-273,-28,125,204,10894,0.3212,busca
18,1705085100,307905,-392332,1223,2224,3919,289,647,-759,-53,151,-301,5863,0.3881,busca
18,1705085400,307940,-392394,1079,2356,3937,1287,-450,-392,-93,36,0,54944,0.3155,busca
18,1705085700,308011,-392392,1787,2095,3921,-443,522,-562,129,59,184,346,0.3373,busca
18,1705086000,307845,-392424,3283,1876,3899,1162,-438,-545,-115,-74,-118,8266,0.3237,busca
18,1705086300,307720,-392440,3631,1755,3939,-245,663,-880,-83,164,-369,63138,0.4975,busca
18,1705086600,307697,-392479,3037,1859,3991,442,356,140,-99,-63,-116,2104,0.2303,busca
18,1705086900,307600,-392421,2304,2029,3952,1141,-1702,-1193,-71,-92,-7,10739,0.3211,busca
18,1705087200,307747,-392484,3130,1926,3915,1983,696,-1459,-22,51,118,31976,0.3708,busca
18,1705087500,307739,-392574,3906,1632,3938,-26,1504,-360,104,-128,-246,42143,0.347,busca
18,1705087800,307788,-392620,2880,1960,3943,2300,-719,-404,199,110,-15,60279,0.337,busca
18,1705088100,307899,-392641,1170,2304,3926,1665,-723,-702,107,95,-41,6567,0.3302,busca
18,1705088400,307973,-392543,2860,1885,3976,1467,720,-106,347,-389,-77,60576,0.3637,busca
18,1705088700,308042,-392539,1372,2260,3958,-228,-97,-105,-56,189,92,13235,0.2167,busca
18,1705089000,308107,-392459,3330,1908,3928,904,85,-798,-67,-179,85,36938,0.244,busca
18,1705089300,308190,-392467,464,2407,3925,1128,115,-157,97,100,-28,10527,0.3453,transitando
18,1705089600,308202,-392336,327,2426,3960,879,-895,-217,83,-25,-9,34910,0.2199,transitando
18,1705089900,308168,-392468,101,2538,3987,268,-94,123,-185,105,-50,34093,0.3048,transitando
18,1705090200,308050,-392484,249,2458,3920,488,269,-167,71,68,55,35250,0.384,transitando
18,1705090500,308042,-392387,206,2424,3940,523,88,45,119,-130,-24,562,0.3339,transitando
18,1705090800,308049,-392245,160,2535,3941,576,411,289,76,-60,5,137,0.4147,transitando
18,1705091100,308154,-392225,252,2428,3931,439,201,-84,214,19,-19,1293,0.3859,transitando
18,1705091400,308254,-392261,206,2489,3978,1314,-296,124,-30,186,-40,14744,0.3841,transitando
18,1705091700,308303,-392238,359,2395,3986,248,-57,-177,-8,8,-72,37667,0.333,transitando
18,1705092000,308418,-392338,247,2460,3920,898,684,121,-119,-12,9,39776,0.3073,transitando
18,1705092300,308325,-392235,233,2467,3935,1348,247,5,-25,-116,33,57331,0.3559,transitando
18,1705092600,308314,-392332,326,2436,3950,1100,-109,-117,16,-97,-89,65071,0.3576,transitando
18,1705092900,308327,-392223,425,2321,3937,1169,-606,190,60,108,13,27703,0.2945,transitando
18,1705093200,308332,-392403,382,2443,3898,622,-550,-217,152,20,76,35110,0.3286,transitando
18,1705093500,308226,-392337,282,2409,3944,1022,-191,-72,110,-3,-40,15886,0.5071,transitando
18,1705093800,308245,-392298,156,2500,3952,1481,-265,-210,-68,-2,-13,18066,0.4848,transitando
18,1705094100,308164,-392267,92,2478,3955,834,223,428,47,59,60,17236,0.3345,transitando
18,1705094400,308305,-392306,280,2443,3913,2239,-598,184,57,-85,-4,17118,0.3028,transitando
18,1705094700,308419,-392254,341,2472,3971,1067,170,-229,-79,-140,13,33684,0.5763,transitando
18,1705095000,308406,-392236,214,2462,3917,1295,660,174,146,-49,-38,37663,0.3222,transitando
18,1705095300,308520,-392248,298,2429,3981,1632,-57,-32,-19,-1,19,57723,0.2823,transitando
18,1705095600,308632,-392356,130,2445,3969,1486,90,-152,-32,37,-21,53109,0.2241,transitando
18,1705095900,308544,-392214,127,2520,3956,2580,-318,70,-147,26,-21,1475,0.4192,transitando
18,1705096200,308442,-392252,120,2540,3937,1645,213,300,-20,48,53,16164,0.3345,transitando
18,1705096500,308325,-392249,121,2494,3908,541,125,-27,-275,-129,0,19066,0.295,transitando
18,1705096800,308376,-392344,136,2421,3908,463,86,50,20,-51,-69,63918,0.3592,transitando
18,1705097100,308390,-392446,368,2335,3989,1046,120,86,56,66,-64,22242,0.3554,transitando
18,1705097400,308404,-392544,285,2355,3973,1938,331,-247,62,-92,22,13063,0.3156,transitando
18,1705097700,308457,-392671,72,2433,3979,1527,342,-251,11,-154,24,25446,0.3785,transitando
18,1705098000,308371,-392686,509,2442,3949,1169,-381,29,-15,38,40,9726,0.3259,transitando
18,1705098300,308447,-392745,475,2393,3988,1096,-235,-89,-25,-18,68,49903,0.4446,transitando
18,1705098600,308385,-392789,238,2422,3904,686,304,-29,-44,-105,-2,14418,0.3067,transitando
18,1705098900,308312,-392897,144,2498,3909,1972,-242,227,-131,-189,9,10065,0.4954,transitando
18,1705099200,308300,-393000,179,2439,3972,969,448,173,-25,-78,-67,54480,0.2873,transitando
18,1705099500,308201,-392984,315,2373,3913,1430,-340,-106,13,-81,18,41904,0.3234,transitando
18,1705099800,308227,-393126,428,2455,3993,1022,505,-33,-10,8,-6,33045,0.2753,transitando
18,1705100100,308332,-393112,175,2496,3972,1178,-11,7,-17,194,-86,36750,0.4068,transitando
18,1705100400,308363,-393190,443,2398,3949,-175,-484,67,-170,42,16,26666,0.4675,transitando
18,1705100700,308407,-393109,95,2452,3975,1141,-413,-317,-32,164,72,57405,0.3414,transitando
18,1705101000,308308,-393155,445,2393,3969,1689,381,253,-50,51,32,58896,0.2996,transitando
18,1705101300,308421,-393228,143,2447,3929,1427,394,-8,60,-4,-41,29011,0.419,transitando
18,1705101600,308466,-393299,208,2409,3966,409,212,-100,-82,11,-26,24366,0.3387,transitando
18,1705101900,308433,-393168,335,2441,3910,820,-221,-265,-44,25,-43,36926,0.371,transitando
18,1705102200,308404,-393284,373,2533,3952,1257,-61,-139,-92,-101,-77,23742,0.3105,transitando
18,1705102500,308390,-393461,268,2474,3962,732,-165,83,-18,153,-48,58096,0.3443,transitando
18,1705102800,308518,-393457,260,2386,3994,1030,303,-149,2,-36,7,18477,0.2972,transitando
18,1705103100,308438,-393354,403,2428,3972,1238,108,-158,151,-61,84,24318,0.2927,transitando
18,1705103400,308471,-393481,161,2450,3906,882,189,-192,125,89,20,28087,0.4531,transitando
18,1705103700,308435,-393524,150,2471,3996,1338,-13,427,-16,-13,27,34495,0.4571,transitando
18,1705104000,308507,-393613,323,2464,3938,929,-141,-261,-31,89,21,23936,0.2685,transitando
18,1705104300,308643,-393568,63,2427,3943,1421,196,154,-57,6,-30,874,0.4426,transitando
18,1705104600,308632,-393708,405,2490,3957,459,-274,-58,23,35,-12,61975,0.4086,transitando
18,1705104900,308570,-393645,83,2435,3922,1035,-200,240,152,3,-38,56851,0.4183,transitando
18,1705105200,308498,-393706,69,2426,3925,542,325,292,190,53,119,9320,0.5463,transitando
18,1705105500,308514,-393672,280,2511,3941,980,-291,95,111,66,-80,48983,0.5061,transitando
18,1705105800,308492,-393662,277,2409,3981,1570,-595,123,-54,-68,-32,38123,0.4694,transitando
18,1705106100,308512,-393616,139,2479,3951,244,403,-489,-16,-38,-59,16348,0.4054,transitando
18,1705106400,308554,-393529,314,2479,3979,606,295,123,45,128,0,3592,0.3705,transitando
18,1705106700,308507,-393503,429,2475,3904,359,-581,130,-166,27,-11,60638,0.433,transitando
18,1705107000,308444,-393510,349,2467,3927,1614,-448,-147,13,-73,5,60522,0.4457,transitando
18,1705107300,308512,-393513,464,2417,3947,1170,-82,294,2,19,-37,25855,0.4887,transitando
18,1705107600,308536,-393469,303,2458,3968,881,-131,180,77,29,12,30407,0.4032,transitando
18,1705107900,308434,-393489,196,2439,3909,1643,-172,44,27,-49,38,62082,0.2579,transitando
18,1705108200,308492,-393383,71,2472,3980,969,50,-355,-2,32,-9,51407,0.3314,transitando
18,1705108500,308342,-393295,325,2393,3940,1226,-117,33,-115,-56,-86,190,0.3913,transitando
18,1705108800,308388,-393364,193,2482,3961,979,-635,34,-69,87,-20,12271,0.3771,transitando
18,1705109100,308328,-393414,1839,2107,3994,657,-312,-948,39,-53,-135,19232,0.5549,busca
18,1705109400,308371,-393402,868,2329,3914,93,135,-41,-258,66,101,35018,0.345,busca
18,1705109700,308298,-393248,2008,2138,3947,-373,-393,225,-123,48,-3,34643,0.5176,busca
18,1705110000,308295,-393282,575,2386,3958,703,-642,-794,-336,188,-261,54016,0.5352,busca
18,1705110300,308305,-393311,1159,2300,3965,-1252,51,-846,-125,207,18,49745,0.4076,busca
18,1705110600,308343,-393362,1938,2133,3925,1043,411,-782,-305,198,-206,21074,0.4582,busca
18,1705110900,308234,-393273,1094,2294,3907,1264,666,-598,231,-88,-294,28956,0.4624,busca
18,1705111200,308271,-393325,1981,2065,3998,-41,-916,-1465,-16,-368,-122,23139,0.5458,busca
18,1705111500,308293,-393295,575,2358,3964,-18,761,145,-166,36,91,52701,0.5151,busca
18,1705111800,308268,-393312,1356,2253,3913,127,-535,36,-179,-129,225,35260,0.3741,busca
18,1705112100,308269,-393403,1966,2191,3969,-1090,65,190,10,39,-116,42700,0.4495,busca
18,1705112400,308299,-393453,1979,2121,3912,-342,1042,-1294,653,224,-96,32843,0.5099,busca
18,1705112700,308289,-393481,1496,2182,3919,-1122,-839,-723,425,-75,17,43121,0.4825,busca
18,1705113000,308309,-393416,997,2427,3901,1170,432,-655,-44,79,208,63723,0.3932,busca
18,1705113300,308296,-393370,1785,2143,3977,-412,-2055,-180,-343,30,63,707,0.3852,busca
18,1705113600,308215,-393365,974,2334,3933,349,-1405,-130,193,98,-281,23375,0.3769,busca
18,1705113900,308261,-393293,1122,2228,3964,1439,916,-259,188,-16,85,65471,0.5415,busca
18,1705114200,308282,-393302,469,2462,3991,1597,-1131,153,-180,-53,18,61607,0.3958,busca
18,1705114500,308301,-393267,593,2383,3915,-1279,448,-681,-240,72,110,6930,0.5292,busca
19,1705028400,-601276,-1664090,1070,2286,3991,-704,-553,-476,-65,-99,-118,7224,0.2932,busca
19,1705028700,-601301,-1663929,724,2386,3935,611,-1525,-1806,189,-204,176,59035,0.4074,busca
19,1705029000,-601311,-1664117,1777,2198,3908,1693,410,348,681,-161,-66,42780,0.5609,busca
19,1705029300,-601332,-1664124,1632,2239,3957,-149,928,3,229,-223,-155,6959,0.493,busca
19,1705029600,-601298,-1664170,1780,2137,3968,99,1542,-1419,242,-220,164,5021,0.4279,busca
19,1705029900,-601341,-1664190,1323,2279,3954,545,-754,-357,341,-622,36,51411,0.3086,busca
19,1705030200,-601429,-1664012,1191,2214,3984,1368,936,-597,21,-101,-179,760,0.487,busca
19,1705030500,-601444,-1663940,317,2403,3963,799,707,-463,220,190,-140,47556,0.4245,busca
19,1705030800,-601403,-1663848,531,2446,3922,1212,-1860,589,32,-124,29,47903,0.3799,busca
19,1705031100,-601332,-1663770,1342,2216,3904,188,-508,5,-23,114,128,51854,0.5118,busca
19,1705031400,-601319,-1663807,1175,2348,3929,1495,1084,-851,-13,-6,50,48077,0.3509,busca
19,1705031700,-601317,-1663930,853,2316,3989,1914,368,-109,-79,318,-58,10782,0.3438,busca
19,1705032000,-601400,-1663682,1832,2006,3982,145,-189,-540,-229,178,-439,40353,0.3823,busca
19,1705032300,-601456,-1663779,545,2367,3950,936,-432,-267,31,437,242,14123,0.395,busca
19,1705032600,-601424,-1663698,1716,2167,3920,1882,-786,-435,-64,20,-51,24566,0.5114,busca
19,1705032900,-601447,-1663727,1208,2257,3955,-263,338,-578,236,-158,-235,40167,0.366,busca
19,1705033200,-601489,-1663693,1969,2086,3927,-273,-48,-809,-40,299,37,8852,0.5372,busca
19,1705033500,-601487,-1663754,1170,2278,3950,382,397,-665,-12,-174,93,21822,0.4601,busca
19,1705033800,-601465,-1663974,634,2376,3968,283,-1239,-52,-34,-200,43,52842,0.3286,busca
19,1705034100,-601493,-1664255,313,2440,3971,103,454,-49,-6,265,-84,21755,0.4714,busca
19,1705034400,-601584,-1664153,1908,2100,3949,-544,488,-1317,-149,45,-89,10913,0.3966,busca
19,1705034700,-601593,-1664216,320,2388,3943,599,-228,-667,112,-68,63,48068,0.3721,busca
19,1705035000,-601650,-1664152,740,2387,3918,15,-977,-89,-176,-167,-95,28865,0.3989,busca
19,1705035300,-601632,-1664352,979,2266,3984,1259,732,-193,-92,-68,-16,14204,0.4191,busca
19,1705035600,-601613,-1664156,1982,2155,3911,2499,490,-848,140,184,137,20273,0.3768,busca
19,1705035900,-601687,-1664115,306,2408,3998,356,-149,-1325,6,135,-294,5654,0.4894,busca
19,1705036200,-601569,-1664004,1483,2258,3940,1173,-182,-511,73,127,-180,21233,0.4045,busca
19,1705036500,-601519,-1664084,772,2403,3927,-1006,336,-661,345,-391,-134,51990,0.3337,busca
19,1705036800,-601414,-1664375,627,2389,3998,1149,535,305,68,-425,-26,6587,0.4619,busca
19,1705037100,-601465,-1664230,1483,2167,3945,1486,-1455,-158,89,-32,20,36905,0.5351,busca
19,1705037400,-601447,-1664255,1552,2286,3940,-671,562,-647,-153,39,-161,52183,0.5107,busca
19,1705037700,-601457,-1664311,1064,2210,3933,-825,91,-189,283,249,24,38177,0.5198,busca
19,1705038000,-601437,-1664258,739,2339,3982,549,804,608,-11,251,20,41302,0.3493,busca
19,1705038300,-601546,-1664235,1964,2065,3984,167,-834,-1255,163,-267,-119,24393,0.422,busca
19,1705038600,-601628,-1664254,1391,2244,3982,-336,100,-332,-57,109,-174,15996,0.5032,busca
19,1705038900,-601636,-1664228,1511,2144,3904,-137,838,-8,-97,20,4,30812,0.4814,busca
19,1705039200,-601654,-1664105,451,2446,3965,1970,-376,-361,64,95,-58,27723,0.4109,busca
19,1705039500,-601606,-1664113,1331,2293,3908,826,482,-486,328,-5,221,6169,0.519,busca
19,1705039800,-601594,-1664077,377,2355,3931,1597,266,-33,-47,-149,-22,41619,0.4203,busca
19,1705040100,-601609,-1664153,1282,2173,3972,2050,-237,-137,230,-151,-133,65278,0.4741,busca
19,1705040400,-601581,-1664002,229,2455,3957,2147,645,178,76,69,46,53093,0.3114,transitando
19,1705040700,-601484,-1664092,448,2380,3970,915,-418,258,3,-1,71,16523,0.4502,transitando
19,1705041000,-601385,-1663954,287,2439,3965,1196,70,-106,-71,-12,-54,52958,0.4126,transitando
19,1705041300,-601406,-1664089,146,2509,3926,637,214,-125,84,-11,-26,57101,0.6414,transitando
19,1705041600,-601433,-1664095,467,2382,3936,812,113,-99,-64,47,59,11963,0.4556,transitando
19,1705041900,-601473,-1663897,477,2341,3939,169,453,296,53,-101,17,5423,0.4801,transitando
19,1705042200,-601490,-1664022,94,2549,3919,1092,59,262,-39,-19,91,20847,0.6084,transitando
19,1705042500,-601483,-1663975,470,2443,3922,1497,211,-458,-16,-67,-115,46558,0.4541,transitando
19,1705042800,-601530,-1663838,313,2415,3919,1118,-18,60,68,-61,21,25593,0.5816,transitando
19,1705043100,-601493,-1663867,269,2479,3940,1376,-327,158,149,11,-4,10224,0.4403,transitando
19,1705043400,-601490,-1663754,391,2367,3948,399,614,-162,-3,-13,-39,22987,0.3331,transitando
19,1705043700,-601437,-1664021,237,2490,3936,615,91,-146,-45,122,30,52435,0.4106,transitando
19,1705044000,-601452,-1664153,218,2403,3959,2006,52,351,-94,96,-41,47526,0.4907,transitando
19,1705044300,-601443,-1664053,267,2439,3979,1009,233,229,-6,39,-14,21988,0.5077,transitando
19,1705044600,-601422,-1664056,344,2405,3996,743,-461,-45,-144,73,-21,7086,0.5953,transitando
19,1705044900,-601407,-1664041,250,2390,3933,625,-556,-133,-92,-136,24,22713,0.4198,transitando
19,1705045200,-601518,-1664071,169,2514,3911,667,84,65,121,124,-10,40547,0.471,transitando
19,1705045500,-601451,-1664002,311,2391,3957,1175,301,-68,-46,-102,-10,50248,0.538,transitando
19,1705045800,-601472,-1663920,346,2380,3966,1616,-204,367,30,10,44,2569,0.6021,transitando
19,1705046100,-601462,-1664003,143,2350,3965,1501,617,54,-159,75,-26,10118,0.4818,transitando
19,1705046400,-601422,-1663940,189,2491,3967,627,105,38,104,-180,23,21223,0.5599,transitando
19,1705046700,-601473,-1663935,476,2422,3955,1402,-36,224,188,-13,-34,62432,0.4417,transitando
19,1705047000,-601448,-1663719,432,2465,3974,364,469,-123,45,-37,11,2768,0.5012,transitando
19,1705047300,-601474,-1663743,451,2426,3919,-143,-531,208,-105,-27,57,10130,0.5108,transitando
19,1705047600,-601472,-1663798,100,2453,3905,1033,159,133,-19,-89,22,6338,0.6672,transitando
19,1705047900,-601487,-1663804,341,2462,3903,944,-689,462,116,-56,33,23466,0.6437,transitando
19,1705048200,-601473,-1663823,226,2428,3996,1394,508,241,117,28,-85,7753,0.5544,transitando
19,1705048500,-601463,-1663778,118,2524,3971,288,-195,-52,68,-191,-9,4504,0.4733,transitando
19,1705048800,-601507,-1663787,473,2374,3907,631,288,-276,175,28,-58,64486,0.5165,transitando
19,1705049100,-601485,-1663818,1298,2171,3934,13,-253,-441,42,206,-216,24922,0.5523,busca
19,1705049400,-601468,-1663887,1266,2243,3916,919,75,-390,200,23,108,41736,0.5943,busca
19,1705049700,-601497,-1663843,1676,2163,3971,1036,876,-794,-69,563,-119,53337,0.6958,busca
19,1705050000,-601494,-1663817,3815,1737,3908,1408,1847,-409,37,-266,108,31501,0.5422,busca
19,1705050300,-601466,-1663789,2598,2023,3952,231,-303,-325,-110,104,283,6739,0.6291,busca
19,1705050600,-601446,-1663814,3431,1875,3975,2045,-715,93,-88,-216,46,58330,0.5606,busca
19,1705050900,-601471,-1663742,2333,2008,3942,196,-1694,-146,-52,101,-259,54114,0.5732,busca
19,1705051200,-601490,-1663729,2971,1965,3913,-19,-23,-583,-141,-30,215,8972,0.5405,busca
19,1705051500,-601486,-1663805,1247,2236,3934,100,565,-690,-199,-94,8,2858,0.5833,busca
19,1705051800,-601523,-1663768,1417,2249,3928,-150,518,-326,137,59,180,63794,0.4746,busca
19,1705052100,-601459,-1663705,1492,2156,3943,-1069,-555,-8,-45,-82,30,65235,0.5857,busca
19,1705052400,-601427,-1663695,2618,1983,3939,286,-951,80,215,81,42,56682,0.5041,busca
19,1705052700,-601465,-1663695,1835,2139,3969,-458,70,-139,168,149,207,40123,0.6158,busca
19,1705053000,-601425,-1663774,3125,1863,3923,1089,322,-3,20,250,-110,20717,0.6144,busca
19,1705053300,-601405,-1663758,2632,2002,3918,-713,-181,-1029,324,-138,35,31649,0.5485,busca
19,1705053600,-601360,-1663732,2940,1964,3987,820,-478,76,-83,-7,196,2268,0.6071,busca
19,1705053900,-601344,-1663765,2479,2024,3900,-589,1446,-476,-283,128,224,20726,0.5726,busca
19,1705054200,-601344,-1663826,2212,2086,3936,1898,-985,-710,-188,-286,222,65419,0.6059,busca
19,1705054500,-601349,-1663844,1335,2205,3980,-2813,-172,-400,42,135,129,45630,0.5749,busca
19,1705054800,-601341,-1663886,2432,415,3929,-2657,-4556,-1064,249,-337,-385,64592,0.6286,forrageando
19,1705055100,-601316,-1663899,4645,745,3913,-1220,-1247,-2130,-446,-378,-313,14690,0.5482,forrageando
19,1705055400,-601325,-1663872,5992,746,3952,189,1959,-349,-371,59,330,20371,0.5426,forrageando
19,1705055700,-601333,-1663912,3317,562,3925,-2727,1180,-62,-1218,259,313,13536,0.6192,forrageando
19,1705056000,-601342,-1663971,3554,554,3917,2620,-1515,-1892,659,-394,112,9738,0.5619,forrageando
19,1705056300,-601333,-1663977,3477,520,3913,1963,-1957,-642,535,453,204,44511,0.5672,forrageando
19,1705056600,-601304,-1663933,3913,563,3997,1722,242,-662,406,172,207,48701,0.5502,forrageando
19,1705056900,-601300,-1663882,4194,654,3971,-385,-1862,-2732,-453,-323,-65,36047,0.4597,forrageando
19,1705057200,-601281,-1663683,7329,949,3962,-575,1227,394,305,260,248,1364,0.4778,forrageando
19,1705057500,-601231,-1663767,3267,593,3992,904,-1147,-975,566,276,218,51295,0.6105,forrageando
19,1705057800,-601235,-1663810,2559,418,3936,-3056,1769,611,1035,-268,-342,50835,0.5078,forrageando
19,1705058100,-601219,-1663856,5892,813,3901,2050,198,1700,-393,77,56,6636,0.5576,forrageando
19,1705058400,-601203,-1663860,2087,376,3940,202,-981,-1067,-490,470,78,64625,0.4957,forrageando
19,1705058700,-601112,-1664053,4430,600,3969,-4412,-295,82,-159,243,372,62355,0.4603,forrageando
19,1705059000,-601140,-1664055,5858,767,3953,249,-1268,-998,450,-120,-513,51419,0.6969,forrageando
19,1705059300,-601129,-1664050,6549,940,3923,2353,-3403,-353,218,-251,23,28673,0.3967,forrageando
19,1705059600,-601093,-1663894,3226,572,3975,2544,482,-767,-270,340,-213,9569,0.4597,forrageando
19,1705059900,-601112,-1663848,7562,882,3967,-513,1286,709,519,266,382,60673,0.4747,forrageando
19,1705060200,-601064,-1663746,6547,894,3907,799,1084,-847,-827,-393,-186,40474,0.5138,forrageando
19,1705060500,-601063,-1663767,3006,531,3963,-362,2188,-2262,736,338,24,16226,0.6012,forrageando
19,1705060800,-601036,-1663766,3241,492,3944,-1426,4425,-421,344,147,102,63053,0.5089,forrageando
19,1705061100,-601013,-1663784,5923,777,3961,-1507,-1491,-1058,-302,389,-156,62136,0.4242,forrageando
19,1705061400,-601001,-1663976,7245,954,3907,1561,2912,-1687,14,450,215,53421,0.5617,forrageando
19,1705061700,-601003,-1663945,2742,514,3967,3043,-374,-2194,336,-604,-429,46363,0.3889,forrageando
19,1705062000,-600990,-1663737,2764,454,3922,4274,361,-1687,305,-60,91,23413,0.5306,forrageando
19,1705062300,-600990,-1663795,3787,568,3998,-4108,210,-392,299,256,498,34113,0.4213,forrageando
19,1705062600,-601038,-1663822,4436,615,3983,663,-2220,33,478,-490,-138,2049,0.3816,forrageando
19,1705062900,-600981,-1663710,5940,792,3916,4703,1978,966,300,-350,340,54795,0.5149,forrageando
19,1705063200,-600987,-1663731,2256,483,3959,-1871,3507,-1087,149,-382,-465,44317,0.4222,forrageando
19,1705063500,-601019,-1663731,2594,403,3967,1255,-948,-1390,371,608,-91,46004,0.6327,forrageando
19,1705063800,-601007,-1663723,5111,700,3992,-1602,-390,-951,15,-48,-216,64240,0.525,forrageando
19,1705064100,-600992,-1663717,7182,909,3964,2159,-1675,-1306,-44,329,5,56301,0.4821,forrageando
19,1705064400,-601003,-1663632,3473,591,3977,1624,-642,158,-579,-146,-50,45560,0.3569,forrageando
19,1705064700,-600931,-1663614,6379,836,3939,-1514,-214,-2609,-61,-47,110,32553,0.2638,forrageando
19,1705065000,-601046,-1663487,3797,584,3905,-1951,-2667,-2477,178,-563,95,5297,0.3572,forrageando
19,1705065300,-601071,-1663235,2254,449,3985,1995,1279,643,43,-444,10,38488,0.4635,forrageando
19,1705065600,-601038,-1663251,6317,819,3921,892,-2202,-649,-240,367,134,15962,0.5361,forrageando
19,1705065900,-601042,-1663287,6208,753,3944,421,1088,-2687,719,329,372,2622,0.2725,forrageando
19,1705066200,-600980,-1663498,7508,1021,3903,-3038,-1070,-621,381,93,-37,30979,0.3361,forrageando
19,1705066500,-600904,-1663361,6530,859,3904,834,-774,-501,-811,364,291,60147,0.5873,forrageando
19,1705066800,-600888,-1663343,4957,743,3965,1866,1802,-2288,-579,501,-184,41866,0.4551,forrageando
19,1705067100,-600890,-1663415,2079,347,3950,1155,-385,-543,148,343,-363,26158,0.4187,forrageando
19,1705067400,-601027,-1663361,1535,2214,3903,79,-199,-20,-157,-52,-3,37690,0.3497,busca
19,1705067700,-601119,-1663383,2748,1876,3953,341,-463,-493,-95,163,93,55170,0.2886,busca
19,1705068000,-601152,-1663647,1108,2290,3982,97,-619,-202,-109,38,-163,8933,0.4923,busca
19,1705068300,-601102,-1663726,1540,2185,3906,-767,297,-1032,-154,-29,-90,15022,0.2829,busca
19,1705068600,-601054,-1663748,1379,2229,3915,919,-179,260,-372,189,-8,37723,0.4412,busca
19,1705068900,-601013,-1663961,1554,2197,3933,809,1564,822,-208,143,160,64097,0.3037,busca
19,1705069200,-601067,-1664014,1043,2310,3940,1111,1074,-456,-214,-36,4,20064,0.399,busca
19,1705069500,-601105,-1663887,1589,2247,3995,899,881,-1175,22,271,122,39884,0.4653,busca
19,1705069800,-601175,-1663860,1998,2161,3939,-4,942,-230,-40,-46,-28,61709,0.4497,busca
19,1705070100,-601134,-1663825,3731,1687,3901,428,-216,-715,-245,-228,-309,14130,0.4167,busca
19,1705070400,-601202,-1663879,3988,1701,3954,-1554,77,-774,-109,-436,-21,60321,0.4618,busca
19,1705070700,-601163,-1664003,1593,2211,3978,2392,1102,-405,-121,-177,-156,6664,0.3167,busca
19,1705071000,-600985,-1664072,1282,2196,3974,2286,421,-306,331,-349,-226,1325,0.3441,busca
19,1705071300,-600958,-1664275,1421,2199,3958,1392,-1096,-285,-99,-125,-203,916,0.4021,busca
19,1705071600,-600896,-1664262,1141,2251,3926,1080,-226,338,59,-127,-115,34488,0.384,busca
19,1705071900,-600860,-1664282,1622,2137,3975,-794,638,-739,-163,-142,140,30216,0.3483,busca
19,1705072200,-600787,-1664144,3888,1711,3963,-554,-1428,-875,317,-58,61,1916,0.4397,busca
19,1705072500,-600789,-1664064,3661,1809,3983,1125,-1843,-201,31,51,-19,47591,0.2825,busca
19,1705072800,-600726,-1664159,3553,1793,3931,-268,-205,-1904,173,126,-121,53873,0.4846,busca
19,1705073100,-600785,-1664201,3838,1670,3933,-550,-225,-465,-214,457,-70,10957,0.4599,busca
19,1705073400,-600877,-1664231,2610,1973,3934,338,347,-97,-387,162,351,61190,0.2419,busca
19,1705073700,-600885,-1664403,2367,2047,3998,266,493,-718,116,177,-215,27841,0.4529,busca
19,1705074000,-600809,-1664525,1769,2182,3926,1771,106,-791,160,0,-71,13484,0.3804,busca
19,1705074300,-600799,-1664397,1432,2205,3982,1654,-1178,-323,288,113,-4,4024,0.2381,busca
19,1705074600,-600909,-1664419,3063,1901,3935,1367,813,160,149,67,112,26897,0.4219,busca
19,1705074900,-600877,-1664368,1909,2180,3958,899,439,-1093,-25,6,-100,47229,0.2402,busca
19,1705075200,-600812,-1664307,3490,1829,3928,133,598,-963,35,-107,130,45640,0.4086,busca
19,1705075500,-600860,-1664207,2201,2084,3972,755,-636,-238,0,74,83,57871,0.3201,busca
19,1705075800,-600823,-1664451,3784,1704,3961,1533,-831,-947,135,95,-85,12242,0.3818,busca
19,1705076100,-600882,-1664456,3084,1770,3977,-1276,-172,-461,20,-208,-190,6876,0.2812,busca
19,1705076400,-600873,-1664640,1739,2120,3907,678,309,-572,95,184,24,4182,0.2945,busca
19,1705076700,-600839,-1664361,3391,1742,3982,-438,359,301,-17,149,-117,6954,0.2946,busca
19,1705077000,-600716,-1664415,2787,1963,3978,2299,-181,-747,99,318,-55,57316,0.3512,busca
19,1705077300,-600723,-1664481,2928,1894,3933,1007,57,605,248,-101,-152,50005,0.4036,busca
19,1705077600,-600763,-1664592,3576,1833,3946,1228,-972,-684,167,-183,-117,36265,0.305,busca
19,1705077900,-600768,-1664468,2513,2049,3962,-339,48,-136,224,-237,6,20436,0.2751,busca
19,1705078200,-600645,-1664542,3124,1839,3931,-240,-192,487,3,-190,-69,61169,0.2985,busca
19,1705078500,-600530,-1664435,3442,1760,3998,1613,-91,-546,-225,-18,-155,63050,0.3641,busca
19,1705078800,-600606,-1664487,1952,2086,3947,-267,-794,615,67,-439,23,36241,0.3741,busca
19,1705079100,-600668,-1664428,2033,2067,3969,-804,124,-997,98,7,154,30108,0.3152,busca
19,1705079400,-600712,-1664671,1959,2043,3994,-4,1408,-521,2,-282,128,64054,0.3019,busca
19,1705079700,-600657,-1664458,3056,1926,3906,1826,427,-271,-172,447,-21,55935,0.2526,busca
19,1705080000,-600571,-1664636,1893,2162,3971,86,526,218,-301,105,42,61305,0.3042,busca
19,1705080300,-600520,-1664380,2311,2001,3944,1325,-677,-443,-92,340,-31,47653,0.1762,busca
19,1705080600,-600490,-1664109,2077,2036,3993,-415,-435,-1224,43,-33,199,329,0.3618,busca
19,1705080900,-600607,-1664148,3761,1781,3970,288,340,110,-32,-135,103,8773,0.3535,busca
19,1705081200,-600724,-1664043,1914,2130,3985,1880,-1973,-376,32,139,-342,46131,0.3793,busca
19,1705081500,-600655,-1663975,3684,1768,3911,1058,1610,-1017,398,-40,-1,1658,0.3332,busca
19,1705081800,-600676,-1663835,1079,2325,3943,155,-326,-521,75,38,6,5633,0.3328,busca
19,1705082100,-600679,-1663566,2703,1966,3947,100,41,-2,240,-307,78,12597,0.2381,busca
19,1705082400,-600663,-1663353,1791,2117,3910,-750,446,-386,-39,-103,247,24709,0.3147,busca
19,1705082700,-600647,-1663230,2708,1941,3995,-560,-155,-423,-156,-20,68,8037,0.2569,busca
19,1705083000,-600558,-1663085,1882,2077,3934,-674,1077,-787,37,55,58,35793,0.303,busca
19,1705083300,-600642,-1663283,3145,1895,3985,-878,-116,130,205,-123,-43,22089,0.3955,busca
19,1705083600,-600587,-1663098,2600,1982,3997,984,717,-301,106,337,-246,12724,0.3732,busca
19,1705083900,-600496,-1663214,3760,1855,3961,2363,418,-180,258,241,101,54248,0.2661,busca
19,1705084200,-600622,-1663159,1223,2269,3955,-82,541,-237,-339,-235,69,32451,0.2481,busca
19,1705084500,-600601,-1662948,2655,1924,3932,-343,312,488,375,16,-389,24167,0.2881,busca
19,1705084800,-600623,-1663093,2838,1932,3908,1597,-48,275,-141,-153,225,60483,0.2375,busca
19,1705085100,-600554,-1663112,3496,1770,3914,190,-1790,362,-66,17,-155,65268,0.2574,busca
19,1705085400,-600454,-1662960,3762,1756,3978,2638,-1656,-973,-26,37,296,47253,0.3241,busca
19,1705085700,-600485,-1662793,3957,1759,3968,-1265,-159,-780,41,66,-191,4027,0.3114,busca
19,1705086000,-600579,-1662585,3218,1786,3937,1318,-465,-299,-81,-147,-285,55286,0.3736,busca
19,1705086300,-600657,-1662660,1683,2141,3990,1512,-1465,238,-140,100,-37,32244,0.4415,busca
19,1705086600,-600687,-1662573,2354,2004,3992,659,-488,-85,-229,-195,142,64467,0.3821,busca
19,1705086900,-600644,-1662493,2703,1949,3918,508,-160,-767,-285,261,-164,14712,0.364,busca
19,1705087200,-600639,-1662616,2075,2044,3946,709,1152,-831,13,-68,53,37049,0.3374,busca
19,1705087500,-600553,-1662616,2662,1975,3946,2326,1296,-1023,-14,-386,104,29755,0.3213,busca
19,1705087800,-600604,-1662790,1748,2171,3982,2236,1156,-1032,261,137,40,33536,0.4262,busca
19,1705088100,-600599,-1662974,1000,2252,3960,-350,806,-1259,241,79,25,24575,0.2725,busca
19,1705088400,-600719,-1663040,3597,1822,3960,398,-253,-27,308,29,-190,37268,0.3168,busca
19,1705088700,-600813,-1663063,3453,1892,3948,1426,2208,-573,-163,78,-37,21731,0.3801,busca
19,1705089000,-600776,-1663170,3965,1719,3951,-9,-343,-217,-142,-234,115,47623,0.3687,busca
19,1705089300,-600808,-1663389,2541,2008,3987,1163,612,-679,-314,72,-145,1443,0.3335,busca
19,1705089600,-600713,-1663513,3805,1735,3938,837,883,13,-22,-223,-67,21920,0.319,busca
19,1705089900,-600649,-1663429,1751,2099,3988,17,709,-759,420,87,-2,54245,0.387,busca
19,1705090200,-600700,-1663413,2999,1923,3947,-1005,-1261,-1123,-147,-28,-31,42069,0.3392,busca
19,1705090500,-600639,-1663440,1488,2202,3994,241,-1293,-45,88,-121,-117,45193,0.4381,busca
19,1705090800,-600663,-1663344,1272,2277,3900,-512,-170,-730,-177,-220,103,56169,0.2862,busca
19,1705091100,-600627,-1663579,1983,2073,3911,569,1019,-985,17,137,101,59801,0.4528,busca
19,1705091400,-600670,-1663631,1492,2167,3970,1324,151,-744,-168,-95,-65,23347,0.4552,busca
19,1705091700,-600630,-1663415,1657,2083,3924,669,256,-289,271,241,131,51191,0.3928,busca
19,1705092000,-600661,-1663239,2516,2012,3931,394,470,-1435,239,-90,-250,13969,0.4371,busca
19,1705092300,-600655,-1663317,1800,2125,3910,992,1702,271,50,49,-227,50074,0.2921,busca
19,1705092600,-600636,-1663175,2937,1969,3928,1463,237,285,21,6,129,9511,0.2818,busca
19,1705092900,-600548,-1662995,2016,2047,3919,-2703,171,216,-89,12,20,52790,0.4626,busca
19,1705093200,-600455,-1663129,1259,2172,3934,93,479,-822,149,-33,-198,47740,0.4203,busca
19,1705093500,-600566,-1663222,1774,2137,3937,983,-275,-199,224,-4,-61,47397,0.4533,busca
19,1705093800,-600683,-1663167,309,2443,3972,443,371,27,393,203,-79,24658,0.245,busca
19,1705094100,-600795,-1663082,1767,2141,3923,1158,425,-181,-7,-377,53,63985,0.2684,busca
19,1705094400,-600700,-1663132,924,2357,3930,135,-1995,-84,-149,237,44,6119,0.3472,busca
19,1705094700,-600814,-1663190,1837,2124,3977,-522,-267,-45,-309,20,-40,42575,0.356,busca
19,1705095000,-600753,-1663203,1192,2201,3926,943,-12,-898,-337,-198,-101,20387,0.488,busca
19,1705095300,-600820,-1663231,1504,2210,3970,-463,-138,-1083,-68,-161,-459,43982,0.3852,busca
19,1705095600,-600883,-1663338,1911,2175,3901,1544,-342,-754,106,139,122,22436,0.2551,busca
19,1705095900,-600832,-1663554,1394,2288,3903,-387,280,-133,20,116,211,24117,0.3429,busca
19,1705096200,-600827,-1663391,906,2347,3963,-1139,-1252,672,-309,-16,-60,51317,0.39,busca
19,1705096500,-600736,-1663417,162,2497,3936,1061,781,-180,53,26,59,42612,0.319,transitando
19,1705096800,-600636,-1663389,210,2477,3986,1021,-67,-71,83,-109,-12,33318,0.295,transitando
19,1705097100,-600572,-1663480,453,2351,3982,966,17,42,-72,53,-9,32590,0.398,transitando
19,1705097400,-600606,-1663580,497,2375,3932,1130,38,-194,16,-181,28,30509,0.3071,transitando
19,1705097700,-600530,-1663420,129,2461,3968,569,-38,-114,63,-6,103,49210,0.3329,transitando
19,1705098000,-600485,-1663183,170,2511,3965,1406,799,136,3,-95,-16,6004,0.3293,transitando
19,1705098300,-600440,-1663424,86,2465,3968,1038,624,-6,84,-168,-47,2961,0.4079,transitando
19,1705098600,-600365,-1663447,188,2419,3990,2204,52,-120,30,14,44,4736,0.4336,transitando
19,1705098900,-600350,-1663600,266,2337,3937,874,174,-77,-154,-108,68,57696,0.4305,transitando
19,1705099200,-600346,-1663728,401,2506,3942,277,27,90,35,54,-24,39909,0.3004,transitando
19,1705099500,-600257,-1663876,139,2484,3989,1374,21,41,24,-72,-19,12652,0.3986,transitando
19,1705099800,-600278,-1663729,414,2420,3944,293,307,-232,-3,133,-61,53563,0.3669,transitando
19,1705100100,-600218,-1663626,447,2400,3910,740,381,-37,57,-54,31,44726,0.3467,transitando
19,1705100400,-600324,-1663477,167,2487,3951,1081,169,107,-20,-141,-18,57302,0.4392,transitando
19,1705100700,-600255,-1663360,182,2443,3912,1307,-29,124,-68,56,52,46221,0.4892,transitando
19,1705101000,-600203,-1663368,479,2352,3971,1278,-346,-235,165,-112,-71,51240,0.416,transitando
19,1705101300,-600179,-1663489,410,2418,3914,1473,-508,49,-8,-30,43,23209,0.3665,transitando
19,1705101600,-600125,-1663400,91,2500,3912,807,-258,-2,-32,-60,31,33824,0.3648,transitando
19,1705101900,-600123,-1663504,291,2377,3937,1526,-176,69,7,-86,34,30336,0.1685,transitando
19,1705102200,-600167,-1663354,144,2442,3982,266,-24,-315,-9,-116,12,35744,0.472,transitando
19,1705102500,-600253,-1663415,199,2363,3955,767,-44,-205,-98,21,41,3423,0.31,transitando
19,1705102800,-600317,-1663312,155,2497,3956,1699,-312,177,-95,-92,121,23483,0.3489,transitando
19,1705103100,-600219,-1663587,409,2359,3898,988,32,51,-122,100,-37,351,0.3599,transitando
19,1705103400,-600139,-1663493,224,2440,3987,1142,143,-224,-24,-172,-62,36292,0.315,transitando
19,1705103700,-600207,-1663677,270,2416,3945,477,219,33,-74,-31,-10,32582,0.5075,transitando
19,1705104000,-600238,-1663629,68,2504,3897,413,-443,214,-47,100,59,30915,0.3105,transitando
19,1705104300,-600303,-1663436,372,2414,3983,1336,-157,112,131,40,-63,37764,0.3676,transitando
19,1705104600,-600327,-1663327,260,2504,3939,850,-481,-138,-172,11,-22,52712,0.2706,transitando
19,1705104900,-600443,-1663115,74,2452,3906,1470,-47,-236,175,-40,12,49873,0.2998,transitando
19,1705105200,-600571,-1663039,114,2452,3922,1295,-524,8,-10,135,39,54251,0.4013,transitando
19,1705105500,-600652,-1662866,393,2374,3974,843,512,-170,-70,127,-16,2999,0.3466,transitando
19,1705105800,-600797,-1662770,281,2453,3983,1504,34,121,0,-96,-31,40252,0.3241,transitando
19,1705106100,-600690,-1662567,377,2476,3964,438,-167,126,49,145,-7,23318,0.3488,transitando
19,1705106400,-600711,-1662765,429,2340,3936,1007,190,-202,-82,87,17,35481,0.3438,transitando
19,1705106700,-600667,-1662922,446,2398,3988,812,498,-90,117,12,-27,7204,0.5128,transitando
19,1705107000,-600679,-1662894,62,2479,3964,1150,-47,-81,-26,88,-117,22117,0.2478,transitando
19,1705107300,-600613,-1662674,71,2433,3934,1002,-173,-251,-48,73,-18,45693,0.2847,transitando
19,1705107600,-600490,-1662831,133,2405,3936,1435,-65,-136,4,-100,36,54285,0.295,transitando
19,1705107900,-600590,-1662818,339,2316,3933,1010,118,8,123,-47,0,65408,0.4338,transitando
19,1705108200,-600605,-1662944,95,2444,3986,1049,284,147,-7,133,-12,3194,0.2974,transitando
19,1705108500,-600643,-1662762,357,2420,3947,1731,155,54,-74,93,-56,33933,0.2847,transitando
19,1705108800,-600763,-1662738,242,2476,3994,457,-69,-51,50,-80,67,54234,0.5172,transitando
19,1705109100,-600735,-1662779,271,2476,3973,1713,390,-115,-167,-145,-21,42726,0.4806,transitando
19,1705109400,-600660,-1662671,52,2559,3995,1320,-536,97,52,-47,-55,49784,0.3042,transitando
19,1705109700,-600728,-1662799,236,2480,3950,874,103,-77,84,27,0,21031,0.4686,transitando
19,1705110000,-600795,-1662718,238,2454,3945,1624,-394,-145,-103,10,54,11458,0.5072,transitando
19,1705110300,-600790,-1662633,135,2465,3902,704,100,85,-158,39,4,58382,0.3222,transitando
19,1705110600,-600690,-1662719,331,2430,3957,877,8,23,-61,100,6,54115,0.2897,transitando
19,1705110900,-600729,-1662497,199,2375,3945,396,-184,-139,-149,150,77,28486,0.3425,transitando
19,1705111200,-600855,-1662469,426,2412,3905,1844,-245,-401,-87,72,-3,28175,0.4699,transitando
19,1705111500,-600795,-1662658,254,2426,3932,1242,376,46,-33,-27,-66,43238,0.5153,transitando
19,1705111800,-600780,-1662614,328,2451,3898,1822,153,0,-36,25,-39,12664,0.4248,transitando
19,1705112100,-600675,-1662481,435,2332,3929,1952,-384,23,78,-5,0,57910,0.3719,transitando
19,1705112400,-600661,-1662592,309,2413,3905,1453,110,42,4,-66,-39,9138,0.5342,transitando
19,1705112700,-600631,-1662541,55,2440,3970,2010,278,-7,71,-19,-13,679,0.3611,transitando
19,1705113000,-600680,-1662592,370,2423,3897,-158,212,89,130,116,0,57055,0.4281,transitando
19,1705113300,-600663,-1662424,279,2419,3990,1616,222,100,73,-138,68,58910,0.4564,transitando
19,1705113600,-600576,-1662328,156,2489,3982,811,-59,-283,8,98,-62,43346,0.5706,transitando
19,1705113900,-600587,-1662276,428,2398,3981,769,284,-78,5,98,-22,37280,0.3486,transitando
19,1705114200,-600684,-1662289,438,2466,3984,997,212,200,-102,86,-9,60092,0.4836,transitando
19,1705114500,-600608,-1662172,475,2439,3959,348,-378,-227,-20,78,77,26192,0.3938,transitando
20,1705028400,260550,-398424,1301,2210,3912,-1011,-1186,-712,-224,-166,102,12733,0.4665,busca
20,1705028700,260589,-398481,928,2306,3979,1321,347,-770,-227,-219,-162,54375,0.3989,busca
20,1705029000,260660,-398589,836,2344,3957,-180,-434,-1699,-67,-78,101,43117,0.2871,busca
20,1705029300,260496,-398675,486,2351,3990,226,-270,-1269,213,53,-166,24837,0.3981,busca
20,1705029600,260499,-398598,2007,2121,3960,-293,-324,-392,-35,71,176,17396,0.4944,busca
20,1705029900,260441,-398534,536,2377,3931,175,-566,67,-406,-85,95,13082,0.4793,busca
20,1705030200,260475,-398522,1544,2226,3930,1109,1377,-608,462,231,-388,5281,0.3477,busca
20,1705030500,260454,-398587,1350,2217,3976,1253,-839,-1402,106,106,-60,18705,0.4737,busca
20,1705030800,260414,-398623,1213,2255,3973,975,-1271,-1061,177,72,-33,14799,0.3508,busca
20,1705031100,260496,-398608,807,2335,3982,-1063,613,-510,-129,65,100,37580,0.4797,busca
20,1705031400,260364,-398669,1356,2174,3963,-849,353,393,-24,-20,164,43445,0.341,busca
20,1705031700,260452,-398744,1155,2240,3957,630,-936,36,40,77,-34,33126,0.4755,busca
20,1705032000,260397,-398789,615,2372,3899,361,78,-493,163,159,-107,54560,0.5808,busca
20,1705032300,260413,-398774,1524,2228,3960,2476,-303,-206,-212,110,411,61165,0.4651,busca
20,1705032600,260384,-398911,1184,2215,3959,1499,1238,-1034,-77,130,21,36984,0.3945,busca
20,1705032900,260403,-398986,1327,2203,3916,467,-1364,-340,211,241,-55,28963,0.3624,busca
20,1705033200,260327,-399084,1843,2165,3979,1181,-409,-1588,-120,-265,262,59695,0.3556,busca
20,1705033500,260378,-399013,963,2246,3911,1462,-60,-3204,-181,222,49,5682,0.5532,forrageando
20,1705033800,260371,-399001,734,2325,3980,-1375,-1388,-200,-407,550,-249,44655,0.4382,forrageando
20,1705034100,260516,-398968,545,2436,3928,1079,-1354,-1847,-1037,846,-167,10594,0.443,forrageando
20,1705034400,260524,-399054,1243,2185,3992,-5503,-5,-742,-388,-148,-324,42596,0.4856,forrageando
20,1705034700,260573,-399039,1095,2244,3909,-1247,-299,671,-91,-335,377,40644,0.5945,forrageando
20,1705035000,260596,-399075,246,2436,3904,-508,1358,-750,783,169,-416,12358,0.5661,forrageando
20,1705035300,260612,-399106,608,2380,3956,-414,481,-655,294,-632,690,31020,0.3954,forrageando
20,1705035600,260641,-399134,495,2432,3989,-823,-5649,-380,219,-527,166,17954,0.5505,forrageando
20,1705035900,260639,-399119,571,2412,3971,365,17,-2051,164,129,-723,35262,0.5017,forrageando
20,1705036200,260647,-399135,1065,2258,3911,2626,98,208,-767,324,106,48380,0.3821,forrageando
20,1705036500,260617,-399141,719,2326,3936,-1870,-1338,-71,-73,-495,609,13475,0.4482,forrageando
20,1705036800,260722,-399132,982,2261,3998,18,439,-1840,637,10,228,1847,0.491,forrageando
20,1705037100,260767,-399118,648,2343,3995,-1470,1462,882,-436,295,-503,25083,0.3758,forrageando
20,1705037400,260762,-399154,880,2336,3936,1554,-1491,-901,-124,-180,-438,32395,0.5347,forrageando
20,1705037700,260754,-399164,615,2331,3923,1509,-53,-1988,-471,-239,-242,3446,0.4381,forrageando
20,1705038000,260821,-399219,649,2380,3965,-693,1075,-2026,-253,-522,10,3141,0.459,forrageando
20,1705038300,260882,-399176,496,2391,3904,-5976,-691,-2290,-148,291,-8,27153,0.383,forrageando
20,1705038600,260929,-399173,705,2345,3904,597,-1840,-1071,-306,184,44,61968,0.5363,forrageando
20,1705038900,260955,-399180,1267,2242,3946,-1365,659,-697,425,925,-196,60174,0.3978,forrageando
20,1705039200,260821,-399193,755,2286,3944,-1279,-1272,-763,-4,-357,364,4587,0.4116,forrageando
20,1705039500,260787,-399185,450,2419,3905,226,-1360,-724,-296,-656,-315,38228,0.4736,forrageando
20,1705039800,260676,-399214,333,2427,3934,198,1542,-78,-724,416,-81,15789,0.502,forrageando
20,1705040100,260711,-399210,1333,2170,3980,-1313,-2285,-2701,-137,600,-186,13557,0.4668,forrageando
20,1705040400,260700,-399237,960,2383,3977,-796,-342,-1419,-113,1508,215,38686,0.4312,forrageando
20,1705040700,260662,-399184,1017,2281,3925,1921,-1073,-2009,-791,27,136,42049,0.5426,forrageando
20,1705041000,260663,-399157,225,2468,3919,-229,-2362,-1265,335,-144,138,36743,0.3334,forrageando
20,1705041300,260576,-399172,923,2277,3961,-2036,-3822,-739,-33,28,60,54086,0.6783,forrageando
20,1705041600,260595,-399183,672,2336,3923,-3749,1191,-89,106,-105,368,27514,0.5363,forrageando
20,1705041900,260568,-399203,913,2349,3983,1952,-2557,-2418,996,-649,-347,41149,0.4505,forrageando
20,1705042200,260502,-399192,866,2370,3990,651,369,-894,370,-884,-258,31583,0.5655,forrageando
20,1705042500,260504,-399214,1432,2218,3911,483,-1074,-2439,235,131,608,45406,0.4681,forrageando
20,1705042800,260525,-399245,913,2330,3941,-4097,853,1269,-540,995,35,28959,0.4359,forrageando
20,1705043100,260484,-399281,854,2332,3955,742,-271,-98,630,91,-2,31079,0.5914,forrageando
20,1705043400,260439,-399278,1447,2181,3991,651,-4695,673,64,-127,494,16153,0.591,forrageando
20,1705043700,260392,-399273,390,2421,3915,2030,1751,-176,-104,-362,-708,3221,0.4026,forrageando
20,1705044000,260426,-399247,912,2355,3925,700,-1238,-1510,-181,893,-53,48799,0.5639,forrageando
20,1705044300,260395,-399258,1541,2211,3958,1381,1412,-1619,-283,136,108,8591,0.4762,forrageando
20,1705044600,260424,-399207,1114,2253,3930,-422,930,-960,-406,-429,-82,11364,0.5798,forrageando
20,1705044900,260428,-399196,1394,2259,3903,-970,1507,-1656,145,-794,-74,52140,0.4217,forrageando
20,1705045200,260371,-399273,719,2405,3956,-2322,-1567,-2384,326,148,93,11834,0.5618,forrageando
20,1705045500,260332,-399282,563,2429,3998,1975,-167,-653,421,423,245,12859,0.5358,forrageando
20,1705045800,260352,-399290,388,2401,3995,2268,405,-438,827,-30,-30,53051,0.4741,forrageando
20,1705046100,260336,-399306,1744,2135,3978,-1225,842,-1428,-378,-147,674,34982,0.4892,forrageando
20,1705046400,260356,-399279,238,2481,3908,-1471,2098,-2672,255,-126,438,58182,0.5348,forrageando
20,1705046700,260334,-399286,1422,2216,3943,-669,-716,364,145,-1368,-231,1069,0.6223,forrageando
20,1705047000,260344,-399265,1016,2305,3994,771,-3121,-957,-35,-329,627,209,0.444,forrageando
20,1705047300,260426,-399257,362,2397,3936,382,-1432,-725,-311,-1093,-28,13225,0.5235,forrageando
20,1705047600,260436,-399228,460,2419,3944,2141,-466,-1828,-226,-229,774,8131,0.5055,forrageando
20,1705047900,260408,-399215,1079,2314,3924,-39,508,-2248,578,193,-338,17922,0.5684,forrageando
20,1705048200,260440,-399235,1517,2253,3922,-611,1713,1406,-1022,376,147,26627,0.6154,forrageando
20,1705048500,260431,-399237,689,2293,3915,1658,3043,-1872,216,287,11,49540,0.5511,forrageando
20,1705048800,260408,-399259,451,2372,3922,912,-332,-661,-579,-804,-42,60072,0.5633,forrageando
20,1705049100,260395,-399280,1418,2205,3981,1408,-360,-392,-266,-189,-177,49268,0.6243,forrageando
20,1705049400,260393,-399253,255,2437,3948,-292,1204,51,-729,764,-282,31438,0.5506,forrageando
20,1705049700,260395,-399240,1067,2297,3939,-368,-63,-1474,-474,-33,18,28202,0.4016,forrageando
20,1705050000,260357,-399269,2617,480,3905,2039,-1720,-248,693,1165,-168,21090,0.5728,forrageando
20,1705050300,260348,-399259,1540,2102,3927,1529,-134,-2449,189,499,-187,14970,0.4797,forrageando
20,1705050600,260398,-399178,1321,2277,3971,424,1648,-1526,-260,-231,-316,62014,0.5249,forrageando
20,1705050900,260379,-399166,536,2402,3943,1007,-309,-940,-162,267,145,25858,0.6339,forrageando
20,1705051200,260391,-399177,470,2425,3958,1912,3579,-1710,324,-598,171,3802,0.4357,forrageando
20,1705051500,260317,-399139,1991,2111,3994,31,296,-1858,-852,625,-157,5459,0.4765,forrageando
20,1705051800,260307,-399215,2115,469,3939,2515,1984,-1222,158,141,65,32390,0.5162,forrageando
20,1705052100,260316,-399190,1568,2153,3925,-649,931,-1477,-737,228,359,4368,0.5411,forrageando
20,1705052400,260322,-399192,2140,411,3981,1279,-320,-2258,-162,792,-311,59751,0.5394,forrageando
20,1705052700,260332,-399150,1592,2104,3985,5626,3884,-372,525,397,184,15732,0.6951,forrageando
20,1705053000,260330,-399116,2010,412,3981,1969,-1979,-1,220,863,89,14635,0.5207,forrageando
20,1705053300,260364,-399112,1598,2233,3995,-2390,-1066,-304,312,-61,41,1318,0.5337,forrageando
20,1705053600,260377,-399107,712,2402,3988,-1056,-4834,72,-198,237,142,42724,0.4877,forrageando
20,1705053900,260384,-399206,2123,400,3952,214,3614,-1688,133,-705,545,21225,0.5276,forrageando
20,1705054200,260377,-399183,2569,490,3910,1574,598,-2744,619,-485,-532,24097,0.6009,forrageando
20,1705054500,260334,-399187,1582,2148,3932,-1983,799,-2499,236,-563,807,30364,0.5327,forrageando
20,1705054800,260362,-399186,999,2299,3950,-2014,-1107,915,-15,-1002,-74,17937,0.4453,forrageando
20,1705055100,260341,-399202,2225,481,3929,-1529,-1019,-481,20,-839,9,61362,0.5899,forrageando
20,1705055400,260322,-399224,2948,580,3998,4326,-234,-702,905,1059,218,9485,0.4693,forrageando
20,1705055700,260339,-399195,636,2290,3927,-3619,-1613,-1890,-246,420,-348,31230,0.6049,forrageando
20,1705056000,260317,-399179,1062,2225,3959,-1408,697,-2602,990,436,153,25328,0.5968,forrageando
20,1705056300,260333,-399203,2823,483,3959,-395,-1003,-271,-178,835,-359,15645,0.5309,forrageando
20,1705056600,260286,-399226,1131,2268,3958,1047,-2219,198,-671,390,206,49045,0.5046,forrageando
20,1705056900,260286,-399238,2022,403,3925,-810,-205,-1290,801,574,74,31696,0.6143,forrageando
20,1705057200,260287,-399298,2857,533,3985,428,-1681,1759,-216,-238,108,38904,0.5209,forrageando
20,1705057500,260316,-399289,1661,2187,3930,1237,2800,-1699,-113,509,-137,4218,0.495,forrageando
20,1705057800,260344,-399268,1187,2284,3940,330,-1575,-980,243,248,350,84,0.4522,forrageando
20,1705058100,260359,-399343,1668,2215,3966,-1473,-2267,348,-346,-269,-99,12265,0.3736,forrageando
20,1705058400,260336,-399381,2003,397,3946,2838,842,-126,-981,277,-132,23097,0.5037,forrageando
20,1705058700,260334,-399390,2496,485,3903,1386,4922,-632,1172,409,-340,37566,0.4069,forrageando
20,1705059000,260349,-399418,2530,429,3996,1439,-643,-1060,40,953,-600,36137,0.4769,forrageando
20,1705059300,260364,-399322,1980,2074,3995,-1310,-635,1146,237,66,247,8379,0.3723,forrageando
20,1705059600,260350,-399277,924,2250,3958,1165,-2726,-274,-295,684,340,55700,0.5537,forrageando
20,1705059900,260352,-399301,1172,2225,3945,1086,-881,-2156,319,573,-370,5957,0.4719,forrageando
20,1705060200,260352,-399346,2054,438,3900,918,2413,-255,-17,-183,291,58854,0.5421,forrageando
20,1705060500,260339,-399339,1663,2085,3949,702,256,-141,1050,-325,-279,13343,0.5883,forrageando
20,1705060800,260314,-399376,911,2298,3908,787,3836,721,-164,-366,-65,22767,0.5927,forrageando
20,1705061100,260302,-399411,633,2450,3971,1088,-1259,-1051,467,-325,-29,44382,0.5784,forrageando
20,1705061400,260323,-399393,1428,2271,3957,-3038,1567,257,976,182,-2,14052,0.521,forrageando
20,1705061700,260313,-399391,1150,2222,3906,1112,406,-1845,80,43,-693,63366,0.4242,forrageando
20,1705062000,260377,-399446,2612,417,3969,2398,-2173,-221,466,-527,-204,62254,0.4102,forrageando
20,1705062300,260448,-399509,2200,492,3992,-840,-206,1854,427,80,-706,31448,0.4779,forrageando
20,1705062600,260463,-399578,1163,2229,3925,2415,406,203,495,-952,438,7529,0.4397,forrageando
20,1705062900,260471,-399626,1480,2208,3916,-1447,659,-611,-197,33,264,14005,0.6042,forrageando
20,1705063200,260473,-399586,1721,2090,3947,-1671,-1769,-2065,1014,-215,-96,41526,0.4272,forrageando
20,1705063500,260460,-399546,1913,2047,3940,-1169,86,-1672,507,622,-121,33895,0.5465,forrageando
20,1705063800,260455,-399556,1380,2190,3963,-1535,877,-2170,194,-353,-98,40589,0.5822,forrageando
20,1705064100,260463,-399574,1478,2232,3946,1440,542,-799,230,-315,74,10497,0.6074,forrageando
20,1705064400,260506,-399618,2613,475,3909,-841,-610,-2895,518,634,-654,15232,0.3527,forrageando
20,1705064700,260440,-399645,1268,2261,3974,2319,2567,-909,-55,325,70,57165,0.3932,forrageando
20,1705065000,260412,-399679,582,2465,3973,-615,1682,-569,81,-178,635,9068,0.3423,forrageando
20,1705065300,260380,-399818,659,2366,3995,-3825,1137,-1888,583,174,-196,7959,0.4055,forrageando
20,1705065600,260344,-399745,1329,2183,3966,-1108,-3341,-869,-54,-120,242,17762,0.4154,forrageando
20,1705065900,260459,-399719,1525,2232,3998,1120,-1237,-600,-6,275,-153,16593,0.3851,forrageando
20,1705066200,260432,-399740,1145,2292,3965,0,597,-1877,-1001,-241,151,12652,0.3058,forrageando
20,1705066500,260358,-399769,1730,2175,3930,-3436,-828,-869,-292,-22,-62,2222,0.3976,forrageando
20,1705066800,260408,-399648,1198,2212,3956,684,1940,-1884,-634,-373,-361,58205,0.3025,forrageando
20,1705067100,260490,-399732,2022,417,3919,662,1203,-875,-219,-422,-270,33517,0.4494,forrageando
20,1705067400,260502,-399633,2487,446,3905,2616,1882,-2225,827,229,72,46276,0.3619,forrageando
20,1705067700,260555,-399687,2566,442,3987,-1534,718,333,844,-212,658,27684,0.3724,forrageando
20,1705068000,260521,-399731,1797,2037,3912,-3780,1489,-999,186,174,225,55685,0.3335,forrageando
20,1705068300,260613,-399795,718,2403,3994,-1590,2143,-514,473,-229,51,17415,0.3776,forrageando
20,1705068600,260627,-399815,1286,2286,3926,-717,-3064,-1974,40,85,29,51071,0.4767,forrageando
20,1705068900,260630,-399878,2176,409,3968,170,1504,-3711,345,-981,-122,40788,0.4731,forrageando
20,1705069200,260581,-399907,2686,418,3949,2063,-447,-2633,-675,611,82,23910,0.3716,forrageando
20,1705069500,260583,-399867,2012,388,3903,-1376,654,-314,372,1190,188,10343,0.46,forrageando
20,1705069800,260535,-399847,2210,431,3928,788,233,-1445,281,-126,-194,23299,0.295,forrageando
20,1705070100,260638,-399754,2391,442,3984,3237,-2371,292,175,356,270,11179,0.4199,forrageando
20,1705070400,260610,-399733,2212,485,3994,-1514,573,-105,36,152,-403,61192,0.3709,forrageando
20,1705070700,260666,-399705,2013,496,3973,-1213,1862,215,67,675,-210,61724,0.311,forrageando
20,1705071000,260696,-399761,2156,418,3936,-1182,2801,-980,576,-796,-7,19031,0.2622,forrageando
20,1705071300,260734,-399830,1939,2120,3954,-892,1284,976,-151,491,-205,44456,0.4489,forrageando
20,1705071600,260709,-399784,2453,551,3975,-2406,-1692,-667,355,143,18,52037,0.4356,forrageando
20,1705071900,260764,-399806,669,2318,3961,-57,-3987,-1200,-196,-35,275,36690,0.3712,forrageando
20,1705072200,260748,-399834,2009,345,3932,580,-3099,-577,691,348,-235,4327,0.2935,forrageando
20,1705072500,260850,-399879,1856,2109,3917,-2396,633,586,-659,-637,162,63996,0.4338,forrageando
20,1705072800,260828,-399883,671,2347,3981,-3497,-3416,-2313,-276,425,515,21861,0.3609,forrageando
20,1705073100,260716,-399904,1494,2217,3905,-1540,1087,-1028,-925,585,239,27798,0.4334,forrageando
20,1705073400,260771,-399906,4632,684,3960,373,1167,-1426,586,103,243,64539,0.4297,forrageando
20,1705073700,260768,-399987,2862,533,3982,-791,833,-535,-56,-476,437,25332,0.286,forrageando
20,1705074000,260646,-400053,4289,617,3956,1475,83,-2619,56,-286,90,61495,0.409,forrageando
20,1705074300,260766,-400039,3090,470,3928,-4520,-868,-254,-608,-527,-90,52406,0.45,forrageando
20,1705074600,260866,-400050,8334,1104,3957,885,-516,-104,-574,83,221,56874,0.4535,forrageando
20,1705074900,260947,-399979,9053,1156,3961,1257,-662,-2212,67,206,-268,12222,0.359,forrageando
20,1705075200,260923,-399995,2679,563,3962,1661,-1171,-546,971,-390,-42,20847,0.4337,forrageando
20,1705075500,260941,-399953,4672,636,3908,-7,-3196,1092,-468,-5,498,36349,0.3648,forrageando
20,1705075800,260979,-400023,3816,560,3996,305,1092,-1812,-241,-484,-189,51312,0.4183,forrageando
20,1705076100,260981,-400006,2475,412,3967,921,664,-1341,298,-21,184,15514,0.2922,forrageando
20,1705076400,261038,-399869,1338,2201,3961,1925,-317,-673,92,-223,238,36103,0.2214,busca
20,1705076700,261125,-399964,2857,1928,3970,1577,84,-314,-48,350,71,17276,0.2348,busca
20,1705077000,261244,-399992,3509,1834,3919,-603,802,-1942,-29,-11,-148,40744,0.3183,busca
20,1705077300,261237,-400130,2342,2045,3953,-205,707,516,-75,48,-65,59355,0.3967,busca
20,1705077600,261314,-400040,957,2278,3919,-1030,73,-1286,-80,-105,521,64501,0.3285,busca
20,1705077900,261279,-399969,1294,2062,3971,2107,-536,-382,-96,82,-5,7774,0.358,busca
20,1705078200,261164,-400017,2514,2026,3967,-50,-284,-1154,132,-365,-45,14374,0.3278,busca
20,1705078500,261221,-400095,1658,2073,3949,1392,-870,-177,-396,331,186,47276,0.2376,busca
20,1705078800,261259,-400025,3159,1934,3980,2907,-1288,-1193,8,-77,-153,46634,0.26,busca
20,1705079100,261326,-400174,2061,2086,3987,-484,1061,-562,-385,3,251,8742,0.3427,busca
20,1705079400,261403,-400259,2279,2078,3973,1271,34,-364,80,-34,-96,21843,0.2788,busca
20,1705079700,261302,-400151,1971,2031,3905,553,434,611,218,89,283,36566,0.2219,busca
20,1705080000,261229,-400153,3329,1778,3983,119,-35,-882,140,20,-182,20640,0.2798,busca
20,1705080300,261360,-400152,2391,2006,3943,765,-108,442,-157,41,-28,8444,0.3153,busca
20,1705080600,261299,-400110,1035,2283,3918,351,-592,-1148,287,131,0,34297,0.3476,busca
20,1705080900,261239,-399948,1573,2114,3942,382,-439,171,91,-395,-138,60235,0.4141,busca
20,1705081200,261160,-399978,3253,1808,3908,-122,593,-411,55,112,-58,57950,0.4939,busca
20,1705081500,261199,-400039,3252,1847,3949,342,750,350,77,115,-75,62789,0.2749,busca
20,1705081800,261229,-400212,2099,2048,3956,892,1296,-377,-178,99,103,63488,0.3728,busca
20,1705082100,261170,-400240,2497,2008,3981,77,-194,-558,259,282,247,6744,0.2032,busca
20,1705082400,261308,-400311,994,2294,3984,2353,-1722,-14,-96,-12,229,11776,0.2667,busca
20,1705082700,261364,-400252,3941,1735,3915,-1382,56,-50,89,-7,103,12876,0.3375,busca
20,1705083000,261222,-400231,2154,2136,3954,251,-650,150,-223,-181,-89,2094,0.2835,busca
20,1705083300,261171,-400313,2793,1976,3917,-1422,107,430,62,-253,15,42118,0.3176,busca
20,1705083600,261113,-400266,1831,2241,3925,1754,245,-903,11,-114,-275,7221,0.3892,busca
20,1705083900,261187,-400220,3257,1854,3996,845,578,-649,139,-322,84,28093,0.2777,busca
20,1705084200,261250,-400298,3398,1789,3958,941,249,-517,50,26,111,16118,0.1898,busca
20,1705084500,261359,-400285,301,2458,3924,1140,251,-303,-105,-108,-65,6725,0.3309,transitando
20,1705084800,261450,-400419,302,2417,3929,1166,-119,19,-114,163,94,47816,0.2914,transitando
20,1705085100,261405,-400277,489,2382,3993,891,-442,68,-105,-6,5,5558,0.1972,transitando
20,1705085400,261500,-400340,170,2465,3948,620,247,-26,47,-109,4,50529,0.3254,transitando
20,1705085700,261599,-400250,78,2535,3956,510,54,237,55,72,-23,51251,0.3174,transitando
20,1705086000,261580,-400097,394,2441,3938,1046,78,28,-36,39,2,1248,0.2716,transitando
20,1705086300,261646,-400026,229,2518,3985,473,223,-106,154,94,44,54806,0.3923,transitando
20,1705086600,261681,-399975,79,2471,3974,934,22,-42,155,58,-20,45275,0.4663,transitando
20,1705086900,261729,-399967,91,2534,3898,1000,375,-223,12,-36,-128,8865,0.4291,transitando
20,1705087200,261706,-400065,293,2493,3928,490,193,-290,25,-41,-10,50215,0.2868,transitando
20,1705087500,261799,-400091,415,2392,3915,475,396,55,3,64,0,13838,0.2715,transitando
20,1705087800,261944,-400003,214,2378,3969,1618,-288,-166,-74,-93,-15,36722,0.3499,transitando
20,1705088100,261908,-400175,251,2513,3966,1266,-548,-66,-33,-25,27,2485,0.286,transitando
20,1705088400,261940,-400302,114,2456,3944,965,-106,27,-40,-48,30,1649,0.244,transitando
20,1705088700,261967,-400194,254,2438,3931,564,-53,-146,-33,62,11,42803,0.315,transitando
20,1705089000,262087,-400262,361,2359,3943,-215,117,361,-6,-43,-13,29176,0.3982,transitando
20,1705089300,261981,-400285,372,2418,3988,1904,-306,63,-99,-94,-27,29004,0.2775,transitando
20,1705089600,262093,-400290,315,2487,3963,1496,-185,-8,-92,-25,-35,63569,0.3791,transitando
20,1705089900,262067,-400168,176,2493,3899,791,-149,-207,-46,-173,39,1299,0.3726,transitando
20,1705090200,262180,-400164,548,2437,3970,1811,-169,-147,-112,46,-27,45839,0.3602,transitando
20,1705090500,262138,-400091,482,2359,3951,1483,158,494,91,-33,46,22835,0.3959,transitando
20,1705090800,262065,-400084,85,2565,3975,491,433,-103,-39,-95,-58,15526,0.2419,transitando
20,1705091100,262045,-400239,473,2475,3985,1069,230,17,-26,164,56,38158,0.3182,transitando
20,1705091400,261928,-400162,192,2506,3958,1082,-173,-116,83,60,12,56941,0.3638,transitando
20,1705091700,261856,-400220,446,2329,3898,1143,-154,207,-43,91,132,58551,0.3507,transitando
20,1705092000,261800,-400170,119,2536,3968,747,306,-17,-24,-43,40,53162,0.3853,transitando
20,1705092300,261862,-400141,146,2459,3990,1198,-6,-183,-65,188,120,33678,0.2886,transitando
20,1705092600,261894,-400241,70,2543,3959,1021,18,-273,59,-15,44,44249,0.36,transitando
20,1705092900,261807,-400274,473,2436,3943,1599,610,-122,102,-155,-12,45248,0.438,transitando
20,1705093200,261720,-400288,330,2401,3937,962,-130,-161,-72,-106,10,56240,0.3255,transitando
20,1705093500,261625,-400259,311,2376,3953,437,41,166,-22,90,-11,25453,0.3592,transitando
20,1705093800,261582,-400263,154,2392,3971,1110,-40,165,76,15,40,6475,0.3698,transitando
20,1705094100,261508,-400285,421,2336,3969,1375,-396,333,-26,98,82,39790,0.2643,transitando
20,1705094400,261422,-400428,188,2494,3991,1118,262,287,-27,81,74,28680,0.3213,transitando
20,1705094700,261313,-400450,112,2523,3962,1159,14,245,-85,14,-9,36001,0.3709,transitando
20,1705095000,261287,-400378,271,2403,3906,431,206,284,163,-74,-1,59904,0.4424,transitando
20,1705095300,261249,-400444,216,2397,3936,1325,-211,108,-62,-321,111,62918,0.4193,transitando
20,1705095600,261340,-400444,173,2383,3972,1247,39,204,-122,-21,11,54316,0.3548,transitando
20,1705095900,261340,-400336,150,2455,3904,1487,31,-55,-42,73,68,39774,0.3712,transitando
20,1705096200,261352,-400265,348,2457,3958,238,-95,-337,-2,14,40,48636,0.223,transitando
20,1705096500,261383,-400403,95,2510,3911,1244,90,-254,-60,-174,-95,49667,0.3052,transitando
20,1705096800,261466,-400361,50,2471,3938,1361,5,-287,4,-62,0,55050,0.3985,transitando
20,1705097100,261463,-400313,184,2475,3956,1283,305,-23,51,108,41,45541,0.2703,transitando
20,1705097400,261475,-400195,354,2342,3900,787,424,194,89,-5,-102,63777,0.3418,transitando
20,1705097700,261555,-400092,255,2410,3926,1215,-323,421,43,-120,24,40209,0.4721,transitando
20,1705098000,261603,-400174,348,2482,3902,1158,-86,-34,-147,-7,35,26289,0.342,transitando
20,1705098300,261510,-400155,453,2507,3952,799,463,169,-35,-62,-52,55617,0.3175,transitando
20,1705098600,261417,-400074,332,2403,3952,952,436,159,22,67,43,11007,0.367,transitando
20,1705098900,261349,-400065,382,2361,3959,1067,390,50,237,-79,30,57421,0.3294,transitando
20,1705099200,261296,-400246,352,2399,3926,876,-160,16,68,-12,53,39445,0.361,transitando
20,1705099500,261328,-400295,81,2486,3952,1432,131,-188,40,-68,-9,27696,0.2823,transitando
20,1705099800,261337,-400420,332,2371,3977,174,-132,75,30,-73,90,37198,0.3297,transitando
20,1705100100,261289,-400307,175,2425,3952,1029,-269,-164,-136,59,-63,20661,0.4745,transitando
20,1705100400,261314,-400218,259,2414,3951,667,382,83,-163,-48,3,19600,0.2742,transitando
20,1705100700,261296,-400082,104,2382,3922,1480,-51,-18,61,-1,20,24797,0.355,transitando
20,1705101000,261203,-400142,242,2395,3991,1071,-116,-201,-99,-147,-43,26144,0.4142,transitando
20,1705101300,261190,-400079,303,2403,3932,1330,81,204,-157,120,63,41498,0.2893,transitando
20,1705101600,261109,-400053,48,2408,3969,680,185,223,-166,39,-65,51191,0.3854,transitando
20,1705101900,261116,-400199,100,2491,3966,594,-145,-100,-78,-22,42,55630,0.3734,transitando
20,1705102200,261047,-400234,132,2402,3975,496,-328,-103,-68,62,-14,55774,0.257,transitando
20,1705102500,261135,-400329,114,2405,3991,265,-534,93,40,-158,1,51436,0.333,transitando
20,1705102800,261036,-400305,277,2483,3971,2315,205,-47,-32,38,-9,20074,0.3694,transitando
20,1705103100,261091,-400193,220,2580,3974,715,282,113,-136,-104,-40,18720,0.3565,transitando
20,1705103400,260971,-400236,225,2408,3898,1323,212,259,145,3,57,3976,0.3079,transitando
20,1705103700,260837,-400314,267,2443,3970,216,160,-50,-21,-29,24,21216,0.3155,transitando
20,1705104000,260925,-400395,258,2467,3903,1237,-517,-159,130,-10,15,57024,0.4849,transitando
20,1705104300,260981,-400453,205,2434,3959,921,151,-112,244,54,32,8615,0.293,transitando
20,1705104600,260858,-400461,312,2390,3942,754,-77,419,89,-3,-34,18555,0.383,transitando
20,1705104900,260838,-400530,176,2473,3942,654,204,-299,150,-13,-67,17189,0.4365,transitando
20,1705105200,260905,-400594,205,2461,3996,1215,-186,-466,-68,128,-51,2498,0.4093,transitando
20,1705105500,260840,-400530,80,2487,3920,1273,35,261,154,107,22,51273,0.4048,transitando
20,1705105800,260722,-400499,254,2437,3991,709,-109,-61,64,-68,2,13429,0.4132,transitando
20,1705106100,260767,-400548,229,2498,3925,603,-100,113,-55,-153,49,6199,0.3376,transitando
20,1705106400,260799,-400415,243,2417,3990,1425,-470,99,176,-187,-44,6532,0.3078,transitando
20,1705106700,260897,-400332,136,2488,3977,394,-74,192,-12,63,67,32031,0.3739,transitando
20,1705107000,260876,-400419,141,2488,3930,444,531,337,5,-21,38,25408,0.4106,transitando
20,1705107300,260869,-400328,352,2517,3927,145,154,-377,118,14,13,58132,0.3949,transitando
20,1705107600,260940,-400366,252,2573,3964,869,57,11,-23,-143,-49,51913,0.3451,transitando
20,1705107900,261071,-400394,386,2355,3906,864,-242,128,161,-13,-51,60482,0.5167,transitando
20,1705108200,261068,-400357,290,2401,3900,1281,-349,-77,-109,30,-83,43479,0.3722,transitando
20,1705108500,261195,-400334,304,2459,3944,112,-39,249,14,79,27,64381,0.5702,transitando
20,1705108800,261196,-400374,286,2411,3968,236,169,31,-155,-1,-90,30814,0.223,transitando
20,1705109100,261078,-400348,369,2366,3944,1294,27,-173,-153,17,-80,44491,0.4386,transitando
20,1705109400,261180,-400279,232,2476,3966,1791,-268,-69,-18,84,-13,3116,0.3759,transitando
20,1705109700,261216,-400190,343,2470,3908,622,369,-239,62,-11,51,20793,0.2923,transitando
20,1705110000,261301,-400063,203,2355,3913,1140,-152,-4,39,4,8,11526,0.4406,transitando
20,1705110300,261312,-400150,454,2494,3985,490,-204,249,143,98,119,52797,0.4354,transitando
20,1705110600,261261,-400094,234,2444,3904,1879,-861,86,-52,-37,-45,55171,0.5937,transitando
20,1705110900,261273,-400143,270,2399,3937,924,-309,-56,-21,-280,-86,39860,0.3367,transitando
20,1705111200,261220,-400253,419,2464,3933,1164,46,-133,128,66,-31,18254,0.4091,transitando
20,1705111500,261161,-400309,304,2457,3926,1349,-171,220,-56,69,15,39016,0.4242,transitando
20,1705111800,261210,-400392,251,2417,3992,866,-659,171,-26,-20,-110,38522,0.4638,transitando
20,1705112100,261196,-400468,330,2389,3906,1334,-81,43,138,111,-34,13726,0.3902,transitando
20,1705112400,261253,-400535,76,2433,3954,1000,222,-73,-28,-244,-30,3081,0.4056,transitando
20,1705112700,261168,-400544,295,2388,3906,1261,-301,74,105,89,71,21440,0.4688,transitando
20,1705113000,261083,-400466,246,2414,3938,1300,-60,46,-68,93,2,24775,0.4196,transitando
20,1705113300,261119,-400451,138,2467,3965,1792,-1,37,-9,10,-19,63011,0.3745,transitando
20,1705113600,261142,-400397,384,2348,3937,439,137,157,0,32,57,12631,0.417,transitando
20,1705113900,261174,-400326,236,2421,3958,1642,432,-279,-69,-61,-15,5250,0.5159,transitando
20,1705114200,261185,-400348,103,2439,3969,270,-6,208,-91,-107,128,46139,0.3742,transitando
20,1705114500,261115,-400294,412,2453,3916,597,-95,277,110,47,33,1666,0.6356,transitando
21,1705028400,290905,1698699,1938,2113,3933,102,-433,-1318,91,-4,-399,13699,0.4675,busca
21,1705028700,290908,1698789,968,2356,3917,2026,-1148,32,-60,275,-61,2246,0.3315,busca
21,1705029000,290958,1698916,605,2319,3957,1285,272,413,-378,-55,-176,63755,0.3662,busca
21,1705029300,291012,1699018,860,2316,3930,-578,-538,-1189,288,-287,-47,26865,0.5697,busca
21,1705029600,291029,1698971,614,2331,3964,-1207,2209,560,-199,-218,-443,55998,0.4365,busca
21,1705029900,291003,1698890,1024,2324,3934,1436,-1062,-150,59,-254,27,60769,0.4368,busca
21,1705030200,291023,1698838,758,2314,3965,2880,303,-570,395,-326,118,25113,0.5331,busca
21,1705030500,291051,1698796,1539,2327,3961,640,427,140,-34,585,122,54496,0.4362,busca
21,1705030800,291097,1698725,831,2350,3946,3492,132,290,160,-347,-65,55063,0.3143,busca
21,1705031100,291021,1698663,1891,2162,3902,1721,361,-599,-123,58,199,33675,0.4435,busca
21,1705031400,290926,1698734,429,2439,3971,-85,1097,-89,100,270,73,14278,0.3708,busca
21,1705031700,290917,1698670,1069,2253,3948,-9,-971,-93,-2,29,-76,49841,0.4109,busca
21,1705032000,290944,1698748,579,2438,3956,1309,-835,-302,-9,-388,-80,9389,0.4625,busca
21,1705032300,290974,1698621,967,2367,3992,-808,-692,-220,127,133,-372,30137,0.36,busca
21,1705032600,290926,1698578,1946,2145,3928,885,-46,-284,-109,256,-160,43019,0.3732,busca
21,1705032900,290993,1698606,1643,2182,3967,-736,-795,-352,109,252,87,52937,0.3631,busca
21,1705033200,290932,1698640,1772,2134,3919,513,341,-803,232,109,498,20423,0.3943,busca
21,1705033500,290951,1698690,1624,2189,3958,934,-919,-741,-188,288,11,41331,0.3831,busca
21,1705033800,291034,1698719,1273,2230,3917,2178,-896,-425,-322,38,-130,19737,0.425,busca
21,1705034100,290976,1698835,402,2513,3980,-419,405,-958,130,-349,83,20896,0.3075,busca
21,1705034400,291043,1698817,418,2393,3960,474,1072,-710,328,-229,-112,64902,0.4991,busca
21,1705034700,290940,1698889,1071,2286,3935,2776,-851,-606,10,-22,116,34706,0.4605,busca
21,1705035000,290889,1698818,1693,2128,3957,128,861,-650,104,-260,-44,1109,0.4823,busca
21,1705035300,290828,1698813,1123,2296,3913,1501,1390,-976,216,-83,76,8856,0.3375,busca
21,1705035600,290705,1698795,1087,2275,3912,1973,1089,-61,275,164,-68,25813,0.4515,busca
21,1705035900,290780,1698799,774,2334,3990,-1756,-96,-1098,218,-384,-88,30484,0.3935,busca
21,1705036200,290795,1698881,373,2385,3980,726,-402,-457,347,-16,221,36341,0.4614,busca
21,1705036500,290701,1698903,881,2242,3921,394,741,-901,103,-56,62,34064,0.305,busca
21,1705036800,290822,1698847,622,2415,3989,1592,-482,-391,-127,-309,263,38611,0.3283,busca
21,1705037100,290847,1698785,960,2321,3937,1783,-747,134,-421,147,248,8502,0.5276,busca
21,1705037400,290835,1698782,870,2280,3910,994,-324,-329,85,108,-172,44017,0.413,busca
21,1705037700,290863,1698792,863,2353,3918,1056,1354,-915,-25,206,166,25779,0.5391,busca
21,1705038000,290839,1698788,1287,2137,3980,-623,-588,-479,-166,439,-36,61197,0.4321,busca
21,1705038300,290800,1698869,1145,2263,3972,-517,-665,-1448,-438,-29,36,37523,0.5216,busca
21,1705038600,290823,1698883,803,2405,3918,789,303,-691,-163,290,9,17359,0.4123,busca
21,1705038900,290846,1698847,472,2427,3940,203,88,-35,89,57,-29,42617,0.4812,busca
21,1705039200,290889,1698942,718,2410,3904,1112,-1974,-1386,94,-43,-76,35523,0.4087,busca
21,1705039500,290927,1698926,468,2373,3902,1987,722,-287,107,-64,-96,29915,0.3965,busca
21,1705039800,290897,1698944,1268,2149,3990,303,504,-851,-91,120,133,32675,0.5462,busca
21,1705040100,290915,1698939,1626,2148,3994,-553,-317,-694,-50,221,-30,7503,0.4139,busca
21,1705040400,290865,1699085,1855,2196,3918,608,638,-579,51,367,42,57641,0.4484,busca
21,1705040700,290843,1699134,1865,2114,3916,207,-2505,463,11,223,-38,40865,0.4904,busca
21,1705041000,290883,1699177,836,2365,3943,-698,492,-213,-84,-35,-290,48054,0.5917,busca
21,1705041300,290913,1699184,835,2276,3980,2528,-1514,-928,91,363,-25,22069,0.5693,busca
21,1705041600,290884,1699130,910,2282,3915,382,1050,-659,116,97,81,33732,0.4629,busca
21,1705041900,290912,1699087,1190,2327,3904,484,4,-743,68,-141,140,59016,0.565,busca
21,1705042200,290931,1699081,810,2320,3953,-664,-1691,663,100,115,-3,32755,0.4616,busca
21,1705042500,291036,1699071,1294,2272,3957,-158,-53,61,-35,98,86,53993,0.5724,busca
21,1705042800,291038,1699049,422,2335,3981,809,216,-1027,234,-148,-155,22349,0.576,busca
21,1705043100,290999,1699031,1169,2200,3990,-1346,-68,-1126,555,-116,-16,212,0.6167,forrageando
21,1705043400,290991,1699095,1223,2290,3975,-399,-1922,-2127,-302,208,-545,19186,0.5863,forrageando
21,1705043700,290970,1699119,977,2297,3966,-2664,-898,-1769,863,184,-253,20510,0.5768,forrageando
21,1705044000,290985,1699126,624,2460,3983,1919,3595,-2733,-141,-17,-622,45116,0.4247,forrageando
21,1705044300,291007,1699099,553,2380,3956,-280,1767,-1257,-1017,447,280,40726,0.4555,forrageando
21,1705044600,291011,1699208,652,2372,3948,627,1501,87,-248,-366,309,56530,0.4333,forrageando
21,1705044900,291008,1699069,1313,2217,3914,3398,1461,-721,183,-216,134,2740,0.5464,forrageando
21,1705045200,290999,1699070,1230,2247,3973,-2364,-1772,-559,75,-616,525,18615,0.5365,forrageando
21,1705045500,290989,1699059,1190,2329,3977,-1160,-509,-704,95,574,-173,8024,0.5009,forrageando
21,1705045800,291001,1699107,508,2379,3985,-1584,1130,-1631,671,154,-368,4125,0.6604,forrageando
21,1705046100,290993,1699076,962,2344,3961,2412,2287,-2801,16,-357,84,56012,0.5945,forrageando
21,1705046400,291013,1699068,416,2386,3945,-154,-115,-53,608,-408,-371,38751,0.5585,forrageando
21,1705046700,291021,1699044,1015,2292,3917,-209,195,-640,342,146,-243,6281,0.473,forrageando
21,1705047000,290952,1699030,375,2453,3973,1091,2285,12,-510,139,-10,23852,0.6406,forrageando
21,1705047300,290969,1699036,883,2336,3979,1905,580,-1599,-132,-169,-6,56734,0.5281,forrageando
21,1705047600,290950,1699071,387,2392,3933,-1547,329,-1324,-124,369,314,21329,0.5397,forrageando
21,1705047900,290965,1699087,1196,2289,3973,-4054,-2379,-367,47,-326,70,59204,0.6532,forrageando
21,1705048200,290976,1699098,407,2395,3985,926,-1116,461,-727,-540,-79,31388,0.5645,forrageando
21,1705048500,290963,1699089,1170,2284,3984,-2112,-590,-301,-762,746,-214,46752,0.4469,forrageando
21,1705048800,291081,1699130,915,2388,3984,-301,1275,567,210,-801,-31,33879,0.5651,forrageando
21,1705049100,291081,1699123,1471,2307,3933,538,147,351,986,468,365,16307,0.5369,forrageando
21,1705049400,291056,1699115,1422,2179,3974,-1133,-618,-798,376,-37,-116,12160,0.5484,forrageando
21,1705049700,291068,1699097,1140,2295,3964,-67,-5460,-343,519,-1053,52,12577,0.539,forrageando
21,1705050000,291107,1699101,7148,927,3915,-1343,2034,-2395,193,-846,-187,50726,0.5995,forrageando
21,1705050300,291115,1699137,5979,753,3935,2625,600,-487,-521,15,71,53710,0.4477,forrageando
21,1705050600,291093,1699064,2775,504,3981,1038,1564,158,-1001,807,383,63680,0.5653,forrageando
21,1705050900,291098,1699043,2836,444,3972,1300,2878,-328,404,171,277,42832,0.5227,forrageando
21,1705051200,291051,1699061,3186,580,3960,-2284,-2208,68,420,351,105,17983,0.5576,forrageando
21,1705051500,291041,1699105,2156,369,3941,-2170,-1133,-3244,713,271,-192,6933,0.5727,forrageando
21,1705051800,291093,1699076,5453,812,3966,-1233,4617,-1607,-491,-455,321,48218,0.635,forrageando
21,1705052100,291083,1699086,4348,628,3902,1131,-2259,-970,-647,713,166,31176,0.5587,forrageando
21,1705052400,291081,1699074,3652,514,3939,-850,4066,-1321,-53,602,209,65226,0.5936,forrageando
21,1705052700,291051,1699098,5580,810,3937,1336,712,-2548,-244,138,-214,36204,0.4837,forrageando
21,1705053000,291014,1699184,2241,374,3996,2027,2120,-2001,-1246,-487,260,11756,0.4666,forrageando
21,1705053300,291026,1699321,5685,768,3990,-347,407,-922,-962,-360,-82,1079,0.5789,forrageando
21,1705053600,291063,1699330,7770,986,3963,1126,-2339,-3101,-398,448,308,11574,0.4532,forrageando
21,1705053900,291071,1699281,3591,549,3934,2997,3092,719,-410,664,92,35799,0.5823,forrageando
21,1705054200,291097,1699282,5044,642,3953,-912,-967,-277,-451,-186,-531,32444,0.5203,forrageando
21,1705054500,291085,1699294,5511,740,3980,1937,-1556,-991,36,-107,299,36933,0.4774,forrageando
21,1705054800,291118,1699298,6272,878,3918,-1968,1566,-1401,483,-51,140,30354,0.5778,forrageando
21,1705055100,291168,1699277,5034,725,3937,-67,2223,-1040,580,-310,425,34591,0.6182,forrageando
21,1705055400,291130,1699288,4950,715,3900,1409,-3588,-1546,-401,224,-75,3134,0.567,forrageando
21,1705055700,291095,1699283,3034,491,3949,-3850,3655,624,-24,184,141,64998,0.4889,forrageando
21,1705056000,291076,1699269,2794,522,3915,-388,-3804,408,326,-458,-83,48545,0.5285,forrageando
21,1705056300,291110,1699253,5536,797,3964,-1091,1630,-80,-743,423,209,41379,0.5796,forrageando
21,1705056600,291097,1699253,4984,684,3949,-70,-594,-2349,-571,-1,-186,22468,0.4719,forrageando
21,1705056900,291138,1699193,6571,865,3901,1237,1086,457,1162,-338,-498,38440,0.4861,forrageando
21,1705057200,291058,1699072,2535,524,3943,1964,-1964,-1871,-656,242,-20,7469,0.3358,forrageando
21,1705057500,291003,1698923,2877,441,3918,-743,-3448,-381,97,477,190,24938,0.5955,forrageando
21,1705057800,290986,1698930,7504,960,3904,-1514,1721,186,441,660,-317,41216,0.4442,forrageando
21,1705058100,290991,1698950,5445,704,3939,-439,-1408,802,-774,519,46,64046,0.3962,forrageando
21,1705058400,291034,1699035,3682,518,3981,1769,-1096,-2229,31,-860,-76,65296,0.4617,forrageando
21,1705058700,291064,1699091,4015,639,3998,-674,-907,-941,-382,224,88,7042,0.4752,forrageando
21,1705059000,291094,1699183,6969,917,3965,2993,-2466,-1423,-427,565,282,25839,0.5306,forrageando
21,1705059300,291085,1699174,3291,603,3930,464,1461,-1780,-227,-43,145,64597,0.322,forrageando
21,1705059600,290998,1699110,2416,439,3955,-1235,-1157,-2648,-320,-674,427,20066,0.5143,forrageando
21,1705059900,290975,1699120,5098,659,3913,1275,3215,-824,-109,-541,-506,32925,0.4225,forrageando
21,1705060200,290952,1699175,2207,2038,3952,-256,-693,614,-124,-224,6,63941,0.3131,busca
21,1705060500,290975,1699260,2018,2005,3961,1016,-505,247,-91,255,-116,28795,0.5114,busca
21,1705060800,290976,1699251,3281,1873,3902,322,474,-539,-166,322,-250,16289,0.5631,busca
21,1705061100,290994,1699256,3593,1796,3924,-745,607,-1081,-297,-22,143,7773,0.552,busca
21,1705061400,290980,1699257,3638,1786,3972,1021,874,-259,78,-382,146,54505,0.492,busca
21,1705061700,290912,1699194,3525,1896,3930,1292,90,-221,-114,-89,15,18833,0.4481,busca
21,1705062000,290839,1699169,1669,2120,3969,860,285,279,-96,212,46,65515,0.3858,busca
21,1705062300,290865,1699229,1629,2187,3919,-286,135,-241,-103,-63,7,985,0.43,busca
21,1705062600,290825,1699267,3273,1812,3926,-1300,-967,-62,184,182,-14,61177,0.4712,busca
21,1705062900,290853,1699283,1112,2235,3946,1713,432,-728,65,-26,-192,48772,0.4552,busca
21,1705063200,290793,1699374,2425,2024,3968,-990,-640,-98,-8,91,230,25761,0.4136,busca
21,1705063500,290708,1699389,2047,1990,3913,121,-186,427,-142,-99,-308,21062,0.4598,busca
21,1705063800,290648,1699391,3558,1817,3936,1233,-648,-414,-116,-274,-165,45563,0.5999,busca
21,1705064100,290616,1699401,3724,1782,3993,440,1030,-239,117,-263,-40,45397,0.4429,busca
21,1705064400,290545,1699436,3196,1769,3955,-329,1194,-534,37,-157,-105,2775,0.4429,busca
21,1705064700,290593,1699438,1611,2150,3943,446,-519,-140,-209,-288,188,14918,0.4286,busca
21,1705065000,290516,1699495,1540,2223,3958,390,116,375,102,340,-91,64845,0.4268,busca
21,1705065300,290477,1699484,2169,2148,3973,1428,-483,-798,-90,-127,-22,6021,0.3852,busca
21,1705065600,290512,1699515,2323,1980,3952,1873,-1141,-653,202,-451,-114,43258,0.3322,busca
21,1705065900,290584,1699508,3324,1841,3938,-639,-132,7,57,-143,96,28736,0.3395,busca
21,1705066200,290564,1699665,1584,2206,3968,1199,-753,174,415,55,-14,28710,0.4366,busca
21,1705066500,290456,1699570,3703,1810,3917,579,-1630,369,-46,-61,47,19255,0.4234,busca
21,1705066800,290504,1699512,1508,2221,3982,276,-178,-27,-39,-231,-248,56571,0.3149,busca
21,1705067100,290518,1699400,1430,2172,3926,697,87,83,111,-16,-111,19791,0.4044,busca
21,1705067400,290494,1699461,3083,1914,3992,627,-226,-605,73,219,13,46268,0.5246,busca
21,1705067700,290487,1699437,2625,1985,3944,460,-747,-1104,318,-78,-142,36863,0.5043,busca
21,1705068000,290502,1699448,1552,2143,3967,342,656,-778,-291,-115,69,19471,0.3435,busca
21,1705068300,290571,1699294,1953,2023,3923,1027,7,-337,-102,137,-401,56773,0.4356,busca
21,1705068600,290572,1699249,2618,1913,3914,-1490,-743,-1160,-29,419,-154,44309,0.3735,busca
21,1705068900,290619,1699243,3768,1737,3922,3232,-322,5,47,-84,42,49665,0.2964,busca
21,1705069200,290551,1699298,3969,1752,3974,23,187,-835,-330,89,214,27547,0.2367,busca
21,1705069500,290566,1699130,2951,1889,3994,1392,-623,-1446,156,-20,151,32392,0.396,busca
21,1705069800,290540,1699074,3366,1799,3940,1272,-106,-650,226,-197,297,19030,0.301,busca
21,1705070100,290461,1699040,3076,1804,3931,1850,70,-691,-275,-45,-34,62497,0.5447,busca
21,1705070400,290467,1698985,1812,2069,3906,917,1447,-817,-5,83,-23,42041,0.4211,busca
21,1705070700,290548,1698942,2422,2015,3984,1173,-1142,-123,307,-31,-147,11429,0.4395,busca
21,1705071000,290554,1699072,3030,1900,3994,870,-1612,-1095,-279,-151,-15,55993,0.3949,busca
21,1705071300,290515,1699009,1616,2098,3997,1148,238,-772,14,-271,-226,49679,0.4119,busca
21,1705071600,290611,1698994,2901,1942,3949,-343,471,-607,-460,295,210,31365,0.4696,busca
21,1705071900,290569,1699109,1230,2143,3941,-37,-17,-1031,-28,316,-174,24594,0.4351,busca
21,1705072200,290486,1699132,3034,1923,3925,796,-537,-1333,397,-251,5,59315,0.3124,busca
21,1705072500,290544,1699041,1214,2315,3964,1742,789,-1013,-24,96,-193,50892,0.4753,busca
21,1705072800,290629,1698986,1706,2119,3904,-685,-1494,-1209,-109,-60,248,59180,0.4423,busca
21,1705073100,290608,1699054,3855,1739,3902,2930,585,982,13,-92,-17,55477,0.3952,busca
21,1705073400,290693,1699127,2840,1895,3992,13,-453,-547,38,84,209,24811,0.3373,busca
21,1705073700,290589,1699047,1800,2193,3956,777,1187,-1555,131,-33,-66,47530,0.3466,busca
21,1705074000,290510,1698908,3690,1781,3967,2033,7,-539,113,-139,-196,46106,0.3454,busca
21,1705074300,290539,1698968,3032,1863,3991,298,48,-693,399,-316,-103,39859,0.3134,busca
21,1705074600,290469,1699007,2822,1928,3928,941,-1276,-185,-80,347,-35,63183,0.2595,busca
21,1705074900,290339,1699084,1415,2190,3957,-1147,1615,-574,-61,-51,-36,22064,0.3809,busca
21,1705075200,290376,1699124,1112,2350,3903,1095,128,-740,220,-67,14,8531,0.5211,busca
21,1705075500,290391,1699125,3988,1653,3987,-903,517,-489,201,-331,-231,64046,0.2855,busca
21,1705075800,290278,1699120,3637,1743,3989,54,655,-210,20,-176,122,23354,0.4505,busca
21,1705076100,290326,1699092,3816,1701,3964,671,859,-380,-159,-68,-146,64211,0.3695,busca
21,1705076400,290336,1699139,3420,1839,3960,1207,854,-645,252,-207,-25,19502,0.4448,busca
21,1705076700,290302,1699107,3652,1835,3940,297,174,-661,-46,478,153,54050,0.3091,busca
21,1705077000,290190,1699013,195,2446,3986,1691,254,-245,-161,247,6,33191,0.3178,transitando
21,1705077300,290290,1699036,114,2410,3978,1434,134,-138,-12,-110,-35,54588,0.3525,transitando
21,1705077600,290322,1698984,423,2466,3977,823,206,-137,-114,15,17,10195,0.3256,transitando
21,1705077900,290249,1698855,419,2461,3902,613,442,-211,94,-18,-59,15684,0.3303,transitando
21,1705078200,290347,1698801,55,2483,3945,922,-264,-127,52,56,5,45758,0.336,transitando
21,1705078500,290455,1698733,227,2396,3953,1209,269,-192,48,-161,-13,43711,0.338,transitando
21,1705078800,290413,1698614,222,2447,3939,381,-159,-96,-59,-119,33,51846,0.4039,transitando
21,1705079100,290413,1698731,287,2336,3934,-102,264,-305,-25,283,5,17837,0.3009,transitando
21,1705079400,290423,1698566,121,2591,3917,398,-201,184,-11,122,-32,23144,0.4049,transitando
21,1705079700,290337,1698527,229,2428,3924,1315,443,159,4,225,-53,1084,0.387,transitando
21,1705080000,290288,1698579,303,2486,3902,1243,225,93,-2,-31,-45,28006,0.2765,transitando
21,1705080300,290161,1698644,67,2494,3950,97,-93,165,93,2,44,50299,0.3028,transitando
21,1705080600,290222,1698751,439,2363,3938,1732,12,76,-81,73,72,48375,0.3423,transitando
21,1705080900,290177,1698833,216,2489,3996,1208,272,10,55,23,-36,59571,0.3126,transitando
21,1705081200,290299,1698714,128,2420,3950,535,188,130,-2,62,-63,36718,0.282,transitando
21,1705081500,290394,1698850,488,2410,3993,1394,74,-109,13,96,10,11750,0.4061,transitando
21,1705081800,290454,1698782,381,2403,3974,1004,-937,92,6,20,18,37817,0.3603,transitando
21,1705082100,290416,1698844,91,2419,3948,1073,-314,276,-143,-96,-15,36550,0.2685,transitando
21,1705082400,290341,1698751,57,2491,3906,375,116,-172,70,116,8,57303,0.3206,transitando
21,1705082700,290483,1698775,253,2468,3902,670,83,-487,137,-26,61,52410,0.2796,transitando
21,1705083000,290429,1698854,463,2328,3953,1361,34,-419,-6,253,-17,24827,0.349,transitando
21,1705083300,290384,1698680,67,2476,3941,1044,161,61,-127,152,14,1710,0.2174,transitando
21,1705083600,290467,1698580,359,2450,3908,462,16,-269,-52,-174,-20,62074,0.3246,transitando
21,1705083900,290555,1698671,102,2506,3929,1147,-48,20,138,173,45,45489,0.2491,transitando
21,1705084200,290636,1698532,389,2395,3970,480,-399,289,58,21,42,40667,0.344,transitando
21,1705084500,290506,1698497,187,2364,3972,752,74,-77,-82,23,30,32367,0.3328,transitando
21,1705084800,290620,1698501,121,2491,3950,1375,-38,313,1,-52,10,27801,0.4323,transitando
21,1705085100,290628,1698432,138,2496,3954,1685,411,-94,28,-91,-69,20376,0.4011,transitando
21,1705085400,290621,1698317,437,2322,3938,155,81,47,-65,-23,-30,37198,0.207,transitando
21,1705085700,290499,1698341,343,2441,3959,1224,-634,-62,3,-117,-12,44925,0.3521,transitando
21,1705086000,290438,1698268,387,2369,3900,74,-384,-76,-151,137,29,17701,0.3256,transitando
21,1705086300,290485,1698154,339,2421,3991,747,-79,1,-1,18,-128,57299,0.3583,transitando
21,1705086600,290602,1698129,430,2434,3981,831,-166,172,-73,-20,-17,44853,0.3519,transitando
21,1705086900,290610,1698058,449,2465,3996,1801,9,-92,128,-45,-5,34017,0.3339,transitando
21,1705087200,290740,1698091,297,2488,3905,1194,236,197,-195,44,-27,13525,0.3424,transitando
21,1705087500,290646,1698049,460,2405,3923,735,-245,-44,402,20,39,23520,0.2692,transitando
21,1705087800,290583,1697959,291,2390,3995,1210,202,124,60,125,98,42646,0.3543,transitando
21,1705088100,290541,1697895,449,2413,3973,1839,-51,-188,94,57,32,37207,0.3748,transitando
21,1705088400,290545,1697980,326,2484,3964,1032,-604,-50,-19,-147,-1,40149,0.4112,transitando
21,1705088700,290611,1698109,100,2461,3897,424,-402,-175,117,-60,24,22428,0.3906,transitando
21,1705089000,290663,1698179,233,2464,3901,-224,20,177,125,-70,-8,61479,0.3329,transitando
21,1705089300,290810,1698167,148,2407,3962,578,528,548,-56,50,-6,45419,0.4169,transitando
21,1705089600,290769,1698120,143,2458,3900,1450,134,-263,16,-42,-58,28227,0.5267,transitando
21,1705089900,290783,1698070,216,2541,3960,1001,132,-9,29,-266,-47,42201,0.2692,transitando
21,1705090200,290763,1697912,279,2469,3969,1141,-60,-28,79,-78,4,11888,0.2903,transitando
21,1705090500,290732,1697787,261,2469,3968,1372,-167,-60,-168,-99,-12,33440,0.385,transitando
21,1705090800,290665,1697755,53,2553,3897,1227,162,-103,-87,78,19,42034,0.3626,transitando
21,1705091100,290642,1697665,100,2512,3970,1309,-64,-434,-52,-28,22,52658,0.3894,transitando
21,1705091400,290566,1697719,113,2472,3938,424,-164,-342,-28,-107,-30,614,0.3145,transitando
21,1705091700,290717,1697670,403,2400,3985,1272,-760,-344,-230,167,23,6850,0.426,transitando
21,1705092000,290644,1697723,325,2453,3922,836,185,-439,32,-6,3,30994,0.3264,transitando
21,1705092300,290680,1697828,322,2368,3953,1515,29,-33,0,-183,62,29142,0.4403,transitando
21,1705092600,290721,1697789,354,2377,3921,1527,79,-162,142,4,-77,21403,0.3017,transitando
21,1705092900,290816,1697825,268,2475,3939,555,-592,184,78,23,-16,5123,0.338,transitando
21,1705093200,290925,1697859,440,2477,3927,1397,57,-146,116,-62,-16,14200,0.4466,transitando
21,1705093500,290978,1697837,371,2500,3947,1590,-410,119,147,-46,-34,39663,0.3341,transitando
21,1705093800,290977,1697668,373,2396,3949,1548,60,-53,-69,193,13,57995,0.3745,transitando
21,1705094100,291031,1697694,160,2505,3911,790,165,-324,66,66,52,27087,0.2956,transitando
21,1705094400,290931,1697813,295,2490,3932,776,795,-403,107,49,80,61277,0.3903,transitando
21,1705094700,290944,1697694,366,2350,3928,805,621,-151,161,-122,41,9395,0.2618,transitando
21,1705095000,290841,1697613,239,2480,3917,497,177,-67,42,9,-71,49353,0.3507,transitando
21,1705095300,290856,1697665,70,2445,3966,2167,-111,155,7,-150,62,44039,0.3263,transitando
21,1705095600,290941,1697748,322,2413,3991,268,-224,-245,-103,-260,-57,40700,0.3148,transitando
21,1705095900,290905,1697828,467,2366,3897,2023,-156,147,-31,-117,-99,38518,0.3356,transitando
21,1705096200,290989,1697749,411,2399,3957,1115,-182,-63,-74,-165,67,53809,0.2902,transitando
21,1705096500,291040,1697855,168,2390,3956,1701,-277,22,73,27,47,53238,0.3922,transitando
21,1705096800,291096,1697888,423,2449,3930,1347,-190,-324,18,33,-51,52689,0.4618,transitando
21,1705097100,290999,1697870,379,2413,3974,1103,431,-76,149,-122,-47,27843,0.374,transitando
21,1705097400,291071,1697754,316,2386,3954,995,131,226,117,197,-20,43528,0.4458,transitando
21,1705097700,291041,1697699,223,2466,3928,1167,-172,112,111,112,76,11000,0.342,transitando
21,1705098000,291186,1697746,303,2517,3940,1149,0,-200,51,156,25,30959,0.4862,transitando
21,1705098300,291268,1697683,164,2459,3962,976,355,-37,21,-85,17,62856,0.5064,transitando
21,1705098600,291234,1697671,417,2519,3915,527,401,444,-63,119,18,57652,0.4289,transitando
21,1705098900,291310,1697595,66,2515,3921,618,-634,-60,-41,187,30,6727,0.5287,transitando
21,1705099200,291280,1697572,171,2446,3915,251,-432,-321,-70,33,38,35812,0.4273,transitando
21,1705099500,291330,1697512,117,2438,3904,648,-23,199,-3,68,22,35422,0.3656,transitando
21,1705099800,291359,1697621,314,2363,3955,1771,155,-89,-53,-3,38,64771,0.3718,transitando
21,1705100100,291298,1697619,222,2489,3904,1151,-299,39,85,-24,44,36228,0.2892,transitando
21,1705100400,291230,1697537,380,2396,3931,1403,58,87,-241,-12,60,17708,0.4456,transitando
21,1705100700,291200,1697601,406,2367,3910,623,117,150,-42,155,-23,57292,0.3936,transitando
21,1705101000,291157,1697695,93,2487,3986,1236,-186,-161,-7,112,49,43492,0.3414,transitando
21,1705101300,291108,1697777,319,2374,3957,198,52,188,-48,-57,16,3666,0.4604,transitando
21,1705101600,291051,1697861,356,2502,3897,1439,17,-321,-65,55,24,35194,0.3615,transitando
21,1705101900,291155,1697889,52,2544,3980,686,18,-59,7,-4,26,60101,0.3151,transitando
21,1705102200,291159,1698007,330,2425,3898,2269,-187,-365,199,127,-11,26956,0.3471,transitando
21,1705102500,291219,1698147,225,2410,3942,1500,462,230,-159,-119,-15,7179,0.4275,transitando
21,1705102800,291226,1698239,180,2454,3906,1248,110,130,-39,124,-79,23647,0.3744,transitando
21,1705103100,291221,1698315,496,2334,3928,1210,-272,-13,31,-104,-14,62333,0.3533,transitando
21,1705103400,291249,1698262,287,2285,3931,773,557,-122,-171,159,-93,62076,0.4507,transitando
21,1705103700,291285,1698305,381,2392,3908,416,-414,83,-68,-69,26,3360,0.356,transitando
21,1705104000,291321,1698385,471,2445,3906,-24,-477,-368,-150,37,-28,2388,0.2957,transitando
21,1705104300,291237,1698346,351,2373,3995,1873,299,-14,-185,-61,-48,3375,0.335,transitando
21,1705104600,291250,1698485,394,2463,3944,1906,7,4,92,10,-21,24643,0.5346,transitando
21,1705104900,291270,1698520,203,2508,3899,1629,-161,-297,47,189,-37,35087,0.4623,transitando
21,1705105200,291227,1698586,254,2465,3989,918,73,130,161,74,67,18146,0.3474,transitando
21,1705105500,291293,1698441,105,2556,3977,468,92,70,118,30,55,28710,0.3567,transitando
21,1705105800,291206,1698435,217,2523,3945,-172,231,-475,-75,131,47,22914,0.394,transitando
21,1705106100,291202,1698322,469,2379,3966,689,367,-130,85,6,-21,23622,0.3935,transitando
21,1705106400,291160,1698355,123,2481,3966,1606,381,-208,36,62,-76,26918,0.4023,transitando
21,1705106700,291183,1698302,211,2489,3908,351,155,154,176,86,-89,28370,0.3919,transitando
21,1705107000,291203,1698236,89,2496,3929,653,-444,245,72,-2,60,13313,0.4766,transitando
21,1705107300,291228,1698170,74,2503,3945,970,-25,-431,-111,10,6,1460,0.5001,transitando
21,1705107600,291237,1698190,388,2348,3993,1762,238,-172,-94,-151,-43,46325,0.5228,transitando
21,1705107900,291223,1698179,262,2406,3931,1242,103,-106,12,-144,-98,32528,0.3697,transitando
21,1705108200,291168,1698223,151,2333,3975,834,254,69,-12,-77,48,10470,0.4854,transitando
21,1705108500,291193,1698179,313,2389,3926,919,-92,166,15,-100,88,42591,0.3132,transitando
21,1705108800,291083,1698171,298,2424,3994,969,-323,173,53,21,-17,62704,0.3198,transitando
21,1705109100,290939,1698149,143,2470,3933,2054,129,-440,16,3,33,52235,0.4024,transitando
21,1705109400,290950,1698224,434,2484,3898,1655,-267,-312,70,-190,10,23539,0.3919,transitando
21,1705109700,290870,1698262,76,2445,3914,877,466,-223,-69,123,-18,31867,0.4794,transitando
21,1705110000,290766,1698212,443,2338,3934,762,-272,-22,-122,-6,-24,17101,0.4007,transitando
21,1705110300,290692,1698210,98,2447,3957,1698,-210,309,-164,-141,38,5740,0.3388,transitando
21,1705110600,290594,1698248,146,2506,3956,597,-247,-366,-86,2,21,51322,0.4208,transitando
21,1705110900,290643,1698203,115,2425,3903,751,139,18,-85,-137,-50,17129,0.5235,transitando
21,1705111200,290677,1698227,208,2428,3944,1024,-135,142,34,43,13,24732,0.3724,transitando
21,1705111500,290752,1698142,61,2497,3936,1882,264,-196,-153,-25,-39,22425,0.49,transitando
21,1705111800,290678,1698216,176,2428,3912,557,563,130,66,96,40,49722,0.4962,transitando
21,1705112100,290661,1698327,57,2628,3972,1794,389,-425,-51,-28,-25,31896,0.4436,transitando
21,1705112400,290641,1698264,381,2324,3966,1659,-102,379,-84,-46,-69,44060,0.4238,transitando
21,1705112700,290625,1698328,357,2417,3993,224,-361,24,79,-47,-29,21907,0.4187,transitando
21,1705113000,290681,1698425,287,2390,3944,1707,0,0,-23,80,-19,20551,0.4416,transitando
21,1705113300,290726,1698480,157,2470,3978,1545,-277,206,-112,130,67,55285,0.4518,transitando
21,1705113600,290720,1698566,141,2439,3936,1580,97,-83,128,6,-38,47265,0.4526,transitando
21,1705113900,290766,1698604,120,2426,3988,986,-295,115,116,179,-20,49551,0.3974,transitando
21,1705114200,290674,1698570,250,2458,3989,1309,589,-112,117,-114,-113,10847,0.4051,transitando
21,1705114500,290640,1698493,446,2416,3978,597,-329,12,-118,-130,30,8231,0.4661,transitando
22,1705028400,125395,-1352624,1794,2121,3921,589,-905,-1011,77,81,11,3166,0.3713,busca
22,1705028700,125324,-1352614,634,2331,3928,184,-571,92,154,54,86,47095,0.3179,busca
22,1705029000,125329,-1352769,792,2309,3975,645,233,-489,-189,297,163,64093,0.4416,busca
22,1705029300,125307,-1352860,1495,2163,3948,1190,-67,-14,-230,-268,112,60565,0.4264,busca
22,1705029600,125272,-1352866,537,2386,3907,474,-939,-580,-351,-239,-146,56106,0.2557,busca
22,1705029900,125215,-1352819,1622,2150,3917,1111,-1237,-1166,-132,210,-93,54450,0.4203,busca
22,1705030200,125194,-1352910,967,2312,3940,369,368,-435,-39,175,-177,45235,0.3954,busca
22,1705030500,125151,-1352930,1250,2180,3994,-314,1220,-1094,301,-145,-58,59937,0.3793,busca
22,1705030800,125113,-1353030,761,2378,3985,1218,334,-591,158,-102,139,12254,0.5456,busca
22,1705031100,125118,-1353017,809,2336,3961,1300,-119,-948,-182,113,78,34957,0.3866,busca
22,1705031400,125070,-1353055,1428,2133,3990,443,-33,-1545,72,83,157,60628,0.3218,busca
22,1705031700,125152,-1353072,1208,2340,3972,936,922,-680,-462,11,10,14726,0.357,busca
22,1705032000,125188,-1353072,758,2381,3995,-665,-169,-491,-33,-108,113,15966,0.3832,busca
22,1705032300,125311,-1353056,595,2350,3944,2461,1133,-1075,-140,-262,-173,59655,0.4394,busca
22,1705032600,125384,-1353025,1591,2189,3958,-38,-232,-517,259,-137,49,55424,0.4474,busca
22,1705032900,125280,-1352974,1211,2286,3926,-462,-629,-655,76,-214,298,6751,0.376,busca
22,1705033200,125302,-1352938,487,2430,3995,1272,951,-863,54,-121,-99,23844,0.3646,busca
22,1705033500,125311,-1352874,1062,2235,3904,-293,1740,-704,-102,-39,-158,59660,0.3959,busca
22,1705033800,125268,-1352901,1200,2219,3997,-1058,-171,-762,4,243,-163,6054,0.4081,busca
22,1705034100,125292,-1352823,1766,2199,3998,-629,132,-469,-19,-17,-144,35429,0.251,busca
22,1705034400,125191,-1352841,1053,2365,3905,2526,-160,930,-281,191,20,37589,0.4185,busca
22,1705034700,125124,-1352847,1058,2148,3917,1987,-718,157,350,-64,-26,27122,0.4315,busca
22,1705035000,125120,-1352725,1694,2217,3985,122,-452,-188,-4,-217,-47,22229,0.4855,busca
22,1705035300,125097,-1352777,379,2402,3956,1010,1210,-763,-182,-33,-110,49756,0.4364,busca
22,1705035600,125053,-1352733,842,2338,3988,-26,-50,-1216,-290,-118,-45,9656,0.5271,busca
22,1705035900,125007,-1352728,628,2363,3902,751,629,-723,-358,-323,-47,45706,0.5052,busca
22,1705036200,125012,-1352690,875,2361,3948,1556,-1039,-745,-20,187,-232,2116,0.455,busca
22,1705036500,124931,-1352650,471,2414,3906,96,531,-691,248,-148,90,12476,0.537,busca
22,1705036800,124931,-1352699,949,2290,3927,-96,465,-643,189,-9,-115,38554,0.4944,busca
22,1705037100,124978,-1352679,1404,2215,3971,209,-563,3,70,194,43,20241,0.3146,busca
22,1705037400,124867,-1352719,1901,2042,3974,2384,355,-197,-43,25,92,13668,0.4502,busca
22,1705037700,124873,-1352760,817,2340,3907,1174,-993,-1186,-1,-369,43,47297,0.4024,busca
22,1705038000,124885,-1352725,1792,2089,3915,481,-1434,24,-407,-109,216,50778,0.5173,busca
22,1705038300,124880,-1352698,1470,2171,3935,1531,196,-83,231,-197,9,46157,0.548,busca
22,1705038600,124904,-1352718,1831,2054,3958,2071,-1742,-301,-211,293,-62,5227,0.5103,busca
22,1705038900,124883,-1352723,1298,2277,3921,1006,787,-715,30,-400,-71,50814,0.3893,busca
22,1705039200,124801,-1352676,1291,2190,3936,1024,-360,-869,34,-19,82,31423,0.4316,busca
22,1705039500,124798,-1352741,330,2395,3909,-129,-906,-430,161,69,-111,7233,0.4258,busca
22,1705039800,124731,-1352658,1144,2275,3935,-1643,-45,181,-222,52,-141,52240,0.4084,busca
22,1705040100,124674,-1352706,406,2376,3992,-453,156,-1212,339,265,88,13412,0.5334,busca
22,1705040400,124713,-1352717,452,2403,3974,2490,521,-661,-303,56,-81,37839,0.6236,busca
22,1705040700,124707,-1352735,1436,2183,3966,-167,1,-1058,-170,166,-136,6658,0.4758,busca
22,1705041000,124769,-1352719,1124,2229,3983,-1049,-242,-582,295,-194,4,24161,0.6658,busca
22,1705041300,124742,-1352705,1426,2185,3944,2591,-1003,-882,-522,-153,-5,27298,0.3592,busca
22,1705041600,124815,-1352684,1467,2131,3995,-17,-1537,-591,133,255,174,16410,0.4948,busca
22,1705041900,124722,-1352699,1039,2296,3988,-1333,-1524,-744,-152,-285,-4,50505,0.4979,busca
22,1705042200,124662,-1352637,1744,2174,3956,300,-1022,-797,142,-138,22,800,0.5056,busca
22,1705042500,124672,-1352624,619,2413,3947,-201,325,-1167,-131,-71,-66,21178,0.4506,busca
22,1705042800,124562,-1352651,1454,2254,3933,-453,1085,-678,-480,-112,-40,14310,0.57,busca
22,1705043100,124555,-1352671,1357,2272,3995,-756,-13,-106,-285,-92,142,26156,0.4339,busca
22,1705043400,124540,-1352628,1635,2241,3990,862,-222,-421,-276,-305,252,15713,0.5541,busca
22,1705043700,124568,-1352604,1761,2157,3907,-1030,-572,-616,131,-242,-178,56666,0.4324,busca
22,1705044000,124623,-1352642,1762,2058,3945,-812,-748,-247,-80,-35,8,13715,0.4295,busca
22,1705044300,124630,-1352594,1259,2240,3946,383,409,-821,64,310,-92,22828,0.5164,busca
22,1705044600,124607,-1352601,1084,2354,3950,109,-1936,-576,112,-174,66,30074,0.4315,busca
22,1705044900,124522,-1352625,1799,2081,3940,27,945,-920,-49,-61,-143,17896,0.3993,busca
22,1705045200,124470,-1352682,690,2430,3923,244,403,-34,-70,243,271,28642,0.5236,busca
22,1705045500,124489,-1352671,1859,2011,3939,2643,961,-1270,-268,-14,419,27583,0.4721,busca
22,1705045800,124450,-1352648,598,2438,3977,-162,-1554,-206,99,80,96,17271,0.5168,busca
22,1705046100,124442,-1352629,1381,2149,3903,2259,-1184,-61,-316,14,233,4798,0.4074,busca
22,1705046400,124432,-1352564,1587,2261,3996,152,99,-670,-257,258,-166,51078,0.5653,busca
22,1705046700,124428,-1352543,1119,2230,3955,359,-283,-598,39,231,-1,24135,0.559,busca
22,1705047000,124468,-1352527,1585,2210,3927,1100,1259,-603,-102,9,102,31643,0.5626,busca
22,1705047300,124463,-1352479,995,2237,3934,47,1082,-364,108,138,42,59459,0.5839,busca
22,1705047600,124453,-1352444,381,2405,3973,-481,1981,-567,219,131,-156,33142,0.5857,busca
22,1705047900,124480,-1352433,1785,2071,3944,-719,-1519,-470,-271,110,-111,55291,0.6337,busca
22,1705048200,124494,-1352417,956,2274,3979,500,214,-362,-69,-153,-131,18647,0.5205,busca
22,1705048500,124462,-1352407,1695,2101,3943,962,-1377,-622,61,-9,-301,55039,0.5847,busca
22,1705048800,124493,-1352413,1959,2065,3926,230,500,-207,150,-189,261,17435,0.5075,busca
22,1705049100,124514,-1352413,374,2449,3996,977,-1534,222,-270,2,30,2563,0.4478,busca
22,1705049400,124563,-1352353,1628,2268,3963,1826,-340,11,130,-27,100,58929,0.4724,busca
22,1705049700,124561,-1352244,1915,2210,3943,511,267,-857,-298,2,-342,33809,0.5706,busca
22,1705050000,124573,-1352278,3690,1738,3925,1335,-127,-313,-576,6,25,32875,0.6318,busca
22,1705050300,124577,-1352294,2792,1917,3974,751,-1123,-224,8,-62,-32,58031,0.587,busca
22,1705050600,124589,-1352282,1449,2195,3910,1974,405,-719,-356,34,-90,15970,0.5017,busca
22,1705050900,124600,-1352293,1459,2238,3979,688,630,524,297,302,246,21070,0.4037,busca
22,1705051200,124709,-1352360,2812,1864,3932,-406,600,-205,-82,-48,-144,58034,0.4851,busca
22,1705051500,124718,-1352406,6228,688,3935,-355,-1646,357,352,-582,256,56775,0.6862,forrageando
22,1705051800,124664,-1352410,5978,764,3984,-1487,-2016,-2297,-615,156,489,16287,0.6118,forrageando
22,1705052100,124628,-1352408,4848,735,3953,-2391,-1544,801,660,-717,-425,36730,0.548,forrageando
22,1705052400,124579,-1352433,5868,799,3929,390,-61,690,388,193,-257,8775,0.5689,forrageando
22,1705052700,124531,-1352473,4164,591,3923,1090,1104,-1142,-274,-187,279,12512,0.4194,forrageando
22,1705053000,124500,-1352512,2215,429,3996,1853,646,-1330,-816,-383,137,16418,0.4398,forrageando
22,1705053300,124524,-1352433,5413,831,3969,1792,982,-597,216,870,296,63614,0.5071,forrageando
22,1705053600,124556,-1352414,3585,661,3916,1581,-1976,-557,248,-286,296,52066,0.6034,forrageando
22,1705053900,124568,-1352431,2707,590,3920,-2756,-3207,-1550,-113,568,108,27456,0.4958,forrageando
22,1705054200,124594,-1352473,2059,353,3916,2517,-5415,-2056,-471,-288,-218,52741,0.5559,forrageando
22,1705054500,124610,-1352494,4536,667,3963,-1205,-709,-1291,974,-243,135,19273,0.5079,forrageando
22,1705054800,124646,-1352471,5128,736,3925,-3957,2534,-201,-401,-454,-38,50346,0.4855,forrageando
22,1705055100,124597,-1352516,6143,824,3935,-424,4277,-1272,-315,67,39,40295,0.4836,forrageando
22,1705055400,124526,-1352562,2188,413,3915,-2396,-246,871,-405,-190,-16,3697,0.524,forrageando
22,1705055700,124535,-1352565,5658,806,3948,-1449,-1341,-2239,-101,-138,-201,25284,0.4628,forrageando
22,1705056000,124512,-1352546,7282,875,3944,917,1337,-547,189,16,249,10622,0.647,forrageando
22,1705056300,124461,-1352523,5727,763,3993,-2228,2766,-69,929,5,299,50281,0.5025,forrageando
22,1705056600,124460,-1352506,6276,815,3925,-2464,892,-1315,368,-13,360,19525,0.5087,forrageando
22,1705056900,124475,-1352530,7427,986,3945,-1816,-1338,-782,-119,-195,-326,3481,0.4333,forrageando
22,1705057200,124454,-1352534,2754,443,3920,-1330,1263,-2071,398,-293,200,45188,0.4944,forrageando
22,1705057500,124472,-1352598,4378,568,3955,-2067,1853,-2044,451,-386,129,25254,0.5071,forrageando
22,1705057800,124467,-1352580,3161,511,3914,139,-219,388,330,-955,-220,21109,0.3963,forrageando
22,1705058100,124395,-1352685,6749,889,3985,4393,1032,-1883,-692,54,-395,35992,0.5516,forrageando
22,1705058400,124368,-1352679,6128,921,3964,-3869,-2767,-91,266,-258,-248,35081,0.4445,forrageando
22,1705058700,124257,-1352637,5519,749,3993,472,-1881,-320,396,-94,-171,61584,0.5597,forrageando
22,1705059000,124221,-1352658,5260,728,3969,-1628,-195,-2195,342,-651,-92,42326,0.4934,forrageando
22,1705059300,124164,-1352612,6737,863,3934,1736,-2340,-1807,342,-710,190,40762,0.5558,forrageando
22,1705059600,124176,-1352627,7038,875,3923,-1069,-1816,-1987,600,238,192,21338,0.5717,forrageando
22,1705059900,124158,-1352598,2988,388,3941,-1252,-3352,-1677,257,588,-36,31146,0.6396,forrageando
22,1705060200,124145,-1352564,6390,834,3977,-898,-262,-1028,70,522,-379,55091,0.5351,forrageando
22,1705060500,124154,-1352571,5357,758,3939,2017,-446,682,-493,-541,101,14940,0.4992,forrageando
22,1705060800,124091,-1352583,4673,658,3934,-1370,-2027,-866,-1,111,-117,652,0.3969,forrageando
22,1705061100,124138,-1352610,3359,598,3969,-1841,338,-1680,-173,-316,747,61511,0.5015,forrageando
22,1705061400,124146,-1352600,2027,375,3935,772,-1636,-1076,555,-448,-338,10339,0.4949,forrageando
22,1705061700,124125,-1352570,2491,384,3992,-1570,-1830,-1100,863,100,-143,38233,0.4726,forrageando
22,1705062000,124085,-1352561,5390,769,3979,1214,274,-1808,-937,823,658,20756,0.4639,forrageando
22,1705062300,124044,-1352487,2918,510,3940,120,2132,-267,105,-920,167,30924,0.5223,forrageando
22,1705062600,124035,-1352494,2047,437,3962,5366,732,712,170,-379,351,16,0.3688,forrageando
22,1705062900,124109,-1352396,3378,569,3985,2578,-610,-759,-865,-45,72,1113,0.4784,forrageando
22,1705063200,124147,-1352316,7177,929,3976,-2081,4724,-1212,229,232,-56,39431,0.491,forrageando
22,1705063500,124136,-1352366,6568,906,3952,292,1279,-875,-111,19,-9,36653,0.5107,forrageando
22,1705063800,124159,-1352400,3756,639,3938,-2,-2368,-198,-552,1509,331,26120,0.2814,forrageando
22,1705064100,124049,-1352317,2362,501,3987,766,956,-2505,-419,577,798,51531,0.5213,forrageando
22,1705064400,124097,-1352332,7506,949,3901,-2990,493,-2668,290,-2,321,19188,0.2817,forrageando
22,1705064700,124135,-1352361,5639,733,3972,1027,2631,-2189,-386,-316,336,53678,0.3965,forrageando
22,1705065000,124243,-1352311,2729,482,3970,-663,-993,900,-456,-351,92,8658,0.3045,forrageando
22,1705065300,124256,-1352156,2849,436,3933,3538,-2380,-208,-1099,308,-217,12870,0.3343,forrageando
22,1705065600,124241,-1352232,7102,948,3992,-3233,3687,-1609,-384,-512,226,10137,0.3565,forrageando
22,1705065900,124273,-1352314,5408,797,3915,-756,-4648,-1903,-120,-1129,-138,12022,0.5226,forrageando
22,1705066200,124222,-1352325,6973,929,3965,1831,-994,-830,-672,-985,160,11955,0.3756,forrageando
22,1705066500,124235,-1352434,5924,783,3993,3381,755,-1747,17,97,-238,17351,0.4485,forrageando
22,1705066800,124278,-1352451,7556,1028,3963,1886,903,-1,159,871,-192,34105,0.3893,forrageando
22,1705067100,124384,-1352378,3800,586,3984,-1059,-2517,-119,-314,91,-153,31476,0.3156,forrageando
22,1705067400,124364,-1352314,4891,688,3959,-710,186,-2614,-795,432,-48,52696,0.3796,forrageando
22,1705067700,124508,-1352316,5972,824,3929,2659,1794,-1067,-352,-90,262,27320,0.3116,forrageando
22,1705068000,124532,-1352422,6715,934,3959,1149,881,-1907,244,-74,-331,33485,0.3473,forrageando
22,1705068300,124618,-1352302,6000,788,3917,-1830,1582,-1383,-359,359,-314,20582,0.4301,forrageando
22,1705068600,124564,-1352311,6368,800,3935,-2971,-399,-1042,-612,-931,471,988,0.4764,forrageando
22,1705068900,124668,-1352421,3933,584,3962,-2404,737,-1318,304,242,-443,5608,0.342,forrageando
22,1705069200,124756,-1352348,6734,882,3986,694,312,-1564,385,-725,-92,20484,0.3938,forrageando
22,1705069500,124793,-1352374,4607,757,3955,2982,543,-1132,-24,-236,553,31367,0.3829,forrageando
22,1705069800,124737,-1352340,3959,639,3984,1652,-759,-2114,278,821,-211,22463,0.3484,forrageando
22,1705070100,124738,-1352446,7709,1057,3997,-4781,3111,-1486,-228,-393,391,6608,0.4148,forrageando
22,1705070400,124657,-1352426,3662,449,3940,157,519,-802,294,-710,-385,49642,0.3458,forrageando
22,1705070700,124767,-1352545,2952,410,3906,59,-1528,-1076,-699,-279,-606,25610,0.3163,forrageando
22,1705071000,124700,-1352642,6938,887,3900,-490,-164,-2714,785,-246,598,40661,0.3582,forrageando
22,1705071300,124708,-1352566,3826,477,3947,629,-3002,-1168,-213,-8,152,16473,0.4276,forrageando
22,1705071600,124738,-1352498,2703,491,3952,-2733,2354,-2382,169,-93,-226,61970,0.2885,forrageando
22,1705071900,124632,-1352581,3134,455,3934,1584,-139,1166,805,-38,290,27443,0.4897,forrageando
22,1705072200,124592,-1352591,7182,903,3984,-1471,-3020,-776,-513,84,-197,11162,0.3269,forrageando
22,1705072500,124677,-1352631,4368,634,3920,-4110,-2441,-1842,72,-1120,-559,11784,0.4216,forrageando
22,1705072800,124718,-1352615,4971,715,3912,-520,-757,-128,-125,168,121,21235,0.4451,forrageando
22,1705073100,124767,-1352516,6604,976,3951,108,-3111,464,29,-87,-85,63322,0.2767,forrageando
22,1705073400,124859,-1352520,7443,1006,3930,200,-1033,-1721,335,-391,-120,12313,0.2768,forrageando
22,1705073700,124791,-1352586,6034,853,3984,2018,-2316,-2774,-299,-155,288,2150,0.3403,forrageando
22,1705074000,124765,-1352533,5427,768,3902,233,-2924,-2511,-705,738,24,26061,0.3726,forrageando
22,1705074300,124798,-1352599,2285,486,3964,-1462,650,-2462,502,55,431,65418,0.3184,forrageando
22,1705074600,124743,-1352655,3270,458,3954,1342,-230,-1935,-347,345,105,36639,0.2619,forrageando
22,1705074900,124765,-1352822,3755,653,3918,4813,-1361,-537,269,-931,-363,45472,0.3594,forrageando
22,1705075200,124712,-1352861,4558,666,3975,1621,-1067,-671,-205,-656,-264,11011,0.3591,forrageando
22,1705075500,124681,-1352868,6463,721,3980,-750,108,-613,698,-180,-98,55349,0.2706,forrageando
22,1705075800,124701,-1352692,5052,632,3981,-1043,1416,-439,198,-556,138,31911,0.3343,forrageando
22,1705076100,124843,-1352578,2282,430,3948,-393,631,-1042,-381,706,-16,16926,0.2255,forrageando
22,1705076400,124808,-1352605,3573,451,3964,2466,-2007,313,-452,-752,-222,48458,0.4285,forrageando
22,1705076700,124905,-1352563,2431,380,3997,-1195,-480,198,-556,-421,128,22849,0.3816,forrageando
22,1705077000,124908,-1352459,2962,470,3926,735,-2650,-376,-199,511,57,57084,0.3229,forrageando
22,1705077300,125048,-1352524,3176,512,3959,-246,-220,-208,171,300,787,12290,0.2323,forrageando
22,1705077600,124968,-1352478,6620,829,3992,-1091,-868,-84,-520,378,-106,35455,0.4089,forrageando
22,1705077900,124917,-1352486,4153,591,3973,284,1767,-1194,720,-291,-65,58118,0.2825,forrageando
22,1705078200,124963,-1352545,3539,577,3908,204,-913,-1221,288,325,583,32261,0.2903,forrageando
22,1705078500,125089,-1352535,5384,757,3901,-98,-416,188,763,253,467,25011,0.2632,forrageando
22,1705078800,125098,-1352579,4391,649,3976,-2108,-2670,-70,866,-102,298,62132,0.37,forrageando
22,1705079100,125106,-1352644,3784,649,3987,1147,-4930,-345,-799,278,338,1526,0.184,forrageando
22,1705079400,125091,-1352562,7078,845,3905,920,-1250,-217,444,-333,-38,64968,0.3391,forrageando
22,1705079700,125020,-1352582,7651,1038,3995,-2953,-221,-1033,698,168,360,12432,0.3582,forrageando
22,1705080000,124958,-1352560,3419,611,3965,177,2573,-1483,-28,-206,581,35712,0.2709,forrageando
22,1705080300,124996,-1352559,4412,735,3975,2894,13,-443,741,-204,92,6459,0.3518,forrageando
22,1705080600,125043,-1352652,3447,590,3949,-1645,2419,700,-146,858,-24,14737,0.3529,forrageando
22,1705080900,125119,-1352693,7719,921,3967,-1083,325,-552,496,525,319,48811,0.2461,forrageando
22,1705081200,125163,-1352615,3622,575,3994,2645,-2022,-391,452,482,-392,6742,0.3237,forrageando
22,1705081500,125079,-1352538,7071,848,3922,1859,2556,1098,-102,366,-299,30254,0.3867,forrageando
22,1705081800,124968,-1352462,1433,2217,3963,1634,1361,-452,-259,63,145,55721,0.2892,busca
22,1705082100,124896,-1352437,378,2351,3939,88,106,78,72,29,-41,40895,0.3165,transitando
22,1705082400,124798,-1352476,347,2389,3976,855,-303,-315,176,95,69,21855,0.3252,transitando
22,1705082700,124876,-1352550,262,2447,3950,1516,105,-74,-33,-11,44,25765,0.2689,transitando
22,1705083000,124959,-1352489,114,2502,3907,1042,351,30,-115,-62,22,32031,0.2324,transitando
22,1705083300,124938,-1352603,178,2464,3958,475,-166,-71,-68,-65,-6,31796,0.2671,transitando
22,1705083600,124996,-1352494,96,2493,3955,1462,-158,-53,27,177,29,20411,0.24,transitando
22,1705083900,125056,-1352370,273,2413,3943,-314,74,93,243,0,-54,18501,0.2901,transitando
22,1705084200,124952,-1352274,159,2608,3981,1677,223,-58,33,8,-13,25078,0.2287,transitando
22,1705084500,124866,-1352170,467,2513,3994,1437,-695,266,114,96,-13,64448,0.2558,transitando
22,1705084800,124783,-1352288,426,2464,3988,1396,52,-124,-101,39,48,32153,0.2822,transitando
22,1705085100,124704,-1352190,390,2417,3899,1011,419,169,61,75,-1,24031,0.2228,transitando
22,1705085400,124673,-1352031,376,2409,3910,794,14,-330,-5,-145,134,12931,0.334,transitando
22,1705085700,124543,-1351990,67,2508,3982,1289,-175,221,161,12,67,21132,0.1658,transitando
22,1705086000,124619,-1352086,396,2506,3989,1316,-167,119,-56,-52,-4,65374,0.3544,transitando
22,1705086300,124682,-1352126,241,2441,3977,1968,199,65,-31,-80,25,6775,0.2485,transitando
22,1705086600,124780,-1352146,233,2482,3964,971,10,-269,47,9,3,20972,0.283,transitando
22,1705086900,124838,-1352052,88,2492,3900,-328,-403,-207,149,-169,11,539,0.3654,transitando
22,1705087200,124850,-1351971,75,2504,3989,613,-80,-154,32,-34,-81,23523,0.2549,transitando
22,1705087500,124904,-1352061,129,2466,3966,1200,240,-241,3,171,90,37132,0.3125,transitando
22,1705087800,124969,-1352197,385,2391,3934,-75,58,553,-218,37,-87,56675,0.2602,transitando
22,1705088100,124880,-1352177,55,2555,3923,1715,-148,-201,20,-20,-52,13706,0.2152,transitando
22,1705088400,124756,-1352163,473,2388,3980,251,57,298,49,98,-3,8159,0.2667,transitando
22,1705088700,124697,-1352316,69,2464,3974,518,-87,423,175,126,24,63344,0.3389,transitando
22,1705089000,124604,-1352260,461,2391,3915,523,121,-73,46,26,32,2335,0.1958,transitando
22,1705089300,124713,-1352219,218,2589,3946,998,-68,-37,-44,-36,-8,53735,0.3356,transitando
22,1705089600,124656,-1352100,390,2464,3980,1406,-193,-39,84,54,7,45943,0.4307,transitando
22,1705089900,124628,-1352170,354,2388,3986,455,276,-320,-89,-86,-69,7668,0.2515,transitando
22,1705090200,124604,-1352089,123,2471,3948,411,-97,-250,-54,48,-48,57504,0.3787,transitando
22,1705090500,124555,-1352144,210,2428,3958,1827,537,-161,-15,-94,47,61061,0.3571,transitando
22,1705090800,124611,-1352237,126,2420,3952,1505,246,-11,104,-139,-25,10741,0.542,transitando
22,1705091100,124600,-1352259,219,2423,3994,1954,-316,-66,69,-185,57,53270,0.2724,transitando
22,1705091400,124486,-1352255,454,2329,3922,1472,312,-117,-75,-151,-29,32386,0.3235,transitando
22,1705091700,124568,-1352178,298,2423,3980,383,154,50,-104,-27,-63,52953,0.3341,transitando
22,1705092000,124438,-1352209,134,2406,3948,1508,146,30,-185,99,-39,8788,0.2974,transitando
22,1705092300,124343,-1352176,424,2408,3979,1242,-30,-149,-104,142,39,36050,0.203,transitando
22,1705092600,124277,-1352036,244,2435,3931,611,159,-121,-21,-105,-46,29870,0.3902,transitando
22,1705092900,124220,-1351980,180,2462,3919,485,-353,-393,-77,-64,-28,36930,0.2729,transitando
22,1705093200,124089,-1352027,479,2351,3946,784,-245,-95,74,-93,-47,60832,0.3535,transitando
22,1705093500,124116,-1352088,260,2424,3932,857,-181,272,32,77,-43,40107,0.2461,transitando
22,1705093800,124248,-1352037,413,2418,3965,1668,-48,-151,30,62,-59,33260,0.3149,transitando
22,1705094100,124121,-1352098,226,2427,3955,721,118,190,81,125,37,63505,0.3676,transitando
22,1705094400,124100,-1351984,306,2405,3990,1302,-281,-428,101,-140,42,26967,0.2786,transitando
22,1705094700,124188,-1352018,375,2432,3901,1024,-375,210,44,111,-5,28914,0.292,transitando
22,1705095000,124276,-1352131,183,2389,3925,1030,348,-106,112,-131,46,6572,0.3134,transitando
22,1705095300,124395,-1352145,477,2419,3991,943,247,-333,-10,-16,19,9912,0.325,transitando
22,1705095600,124276,-1352069,234,2481,3923,1394,-425,141,-102,-128,-15,42638,0.3341,transitando
22,1705095900,124410,-1352156,170,2467,3934,1304,-362,26,-18,-82,-140,18685,0.2011,transitando
22,1705096200,124340,-1352023,67,2489,3908,1718,-429,19,166,-59,-61,64738,0.2699,transitando
22,1705096500,124453,-1351918,85,2524,3951,317,31,52,91,-32,0,60805,0.4782,transitando
22,1705096800,124491,-1351856,176,2403,3952,852,128,-8,122,131,14,65320,0.3356,transitando
22,1705097100,124353,-1351772,86,2471,3913,866,-316,-221,-18,-11,-36,46159,0.3653,transitando
22,1705097400,124294,-1351815,226,2395,3924,1170,-210,12,101,93,22,38905,0.3735,transitando
22,1705097700,124296,-1351882,255,2374,3941,777,-534,434,-98,-53,32,40493,0.3483,transitando
22,1705098000,124177,-1351891,130,2454,3944,592,-15,-29,-88,133,-72,45861,0.291,transitando
22,1705098300,124109,-1351758,86,2465,3934,459,-24,-72,128,-141,30,55126,0.2946,transitando
22,1705098600,124069,-1351636,395,2461,3943,340,67,365,-147,-98,35,38948,0.3635,transitando
22,1705098900,124171,-1351568,237,2400,3953,1313,203,-73,-29,-124,-26,36863,0.3021,transitando
22,1705099200,124064,-1351454,486,2402,3953,826,346,-158,-83,37,-8,12722,0.4299,transitando
22,1705099500,123998,-1351449,442,2370,3933,796,-127,112,-34,31,-11,29356,0.3745,transitando
22,1705099800,124038,-1351401,265,2518,3945,816,274,49,96,-116,-60,16785,0.2814,transitando
22,1705100100,123925,-1351430,364,2406,3933,1054,-30,408,-92,164,-49,63562,0.3584,transitando
22,1705100400,123872,-1351360,413,2455,3993,878,-35,-123,-63,-177,-84,51876,0.41,transitando
22,1705100700,123942,-1351372,409,2429,3956,953,135,-268,21,-16,95,59866,0.3251,transitando
22,1705101000,124033,-1351318,372,2350,3955,1479,129,-90,56,7,129,19524,0.3493,transitando
22,1705101300,124167,-1351321,134,2517,3917,1044,97,18,-20,9,-22,58134,0.2503,transitando
22,1705101600,124164,-1351204,409,2343,3925,245,-155,297,-105,64,35,64002,0.3094,transitando
22,1705101900,124099,-1351286,227,2426,3901,865,377,-221,22,-136,-31,2077,0.5046,transitando
22,1705102200,124087,-1351252,132,2521,3966,654,201,38,285,114,-64,4437,0.3445,transitando
22,1705102500,123979,-1351184,94,2524,3982,676,-177,-542,2,115,-22,26203,0.3579,transitando
22,1705102800,123945,-1351154,457,2361,3927,816,-158,-94,11,-107,-38,11638,0.3426,transitando
22,1705103100,123920,-1351270,274,2491,3952,1823,62,-86,-32,-146,3,55670,0.2846,transitando
22,1705103400,123943,-1351431,368,2472,3905,1250,-112,239,110,-30,-13,24526,0.366,transitando
22,1705103700,123986,-1351437,73,2480,3928,674,644,252,38,-62,46,27466,0.298,transitando
22,1705104000,124106,-1351353,255,2519,3941,1382,-18,-362,-124,-44,-116,13566,0.3059,transitando
22,1705104300,124036,-1351266,265,2313,3978,913,-70,78,-84,137,44,61142,0.4342,transitando
22,1705104600,123937,-1351257,519,2402,3975,1857,-101,229,77,294,-64,19792,0.3484,transitando
22,1705104900,123941,-1351392,361,2363,3911,724,85,-114,37,-67,-46,23974,0.3433,transitando
22,1705105200,124022,-1351430,271,2372,3936,823,-315,-62,-178,23,6,28023,0.2818,transitando
22,1705105500,123956,-1351550,210,2567,3948,324,-43,-369,-12,-50,26,26629,0.3877,transitando
22,1705105800,123963,-1351625,446,2461,3933,1080,-150,93,140,0,8,36257,0.3533,transitando
22,1705106100,124029,-1351663,239,2425,3980,766,-239,422,-217,-132,28,48203,0.2916,transitando
22,1705106400,123967,-1351741,230,2486,3977,805,224,-118,22,101,1,18043,0.419,transitando
22,1705106700,124013,-1351713,449,2402,3963,1122,-61,-173,86,40,-20,35620,0.3749,transitando
22,1705107000,124064,-1351711,216,2429,3931,649,22,-48,35,-83,-64,62362,0.3064,transitando
22,1705107300,124168,-1351587,79,2533,3987,1283,201,-295,-15,20,-62,62709,0.3505,transitando
22,1705107600,124226,-1351546,450,2439,3988,1561,282,-191,-38,-88,73,23034,0.4892,transitando
22,1705107900,124207,-1351610,304,2447,3966,1151,-106,-302,-104,76,40,21189,0.481,transitando
22,1705108200,124181,-1351684,292,2457,3976,179,132,-15,-122,35,84,34692,0.5159,transitando
22,1705108500,124165,-1351671,356,2432,3974,1240,319,93,50,164,-23,28975,0.4032,transitando
22,1705108800,124091,-1351684,316,2460,3960,507,544,-129,120,-83,-30,54327,0.4574,transitando
22,1705109100,124051,-1351748,116,2459,3984,1168,-440,-139,2,16,-45,2518,0.255,transitando
22,1705109400,124105,-1351602,416,2426,3916,1560,15,129,188,-166,84,17012,0.4516,transitando
22,1705109700,124046,-1351623,156,2485,3966,612,-128,-68,-50,4,-29,28012,0.5168,transitando
22,1705110000,124016,-1351642,477,2321,3971,551,126,-239,137,-137,-58,15342,0.374,transitando
22,1705110300,124010,-1351558,322,2399,3965,1834,109,-186,142,-48,35,9746,0.4911,transitando
22,1705110600,123993,-1351500,130,2486,3898,1293,-144,-16,-133,-101,-8,36766,0.4544,transitando
22,1705110900,124048,-1351501,322,2367,3950,1617,-483,16,-55,-111,63,11069,0.4017,transitando
22,1705111200,124094,-1351453,116,2477,3922,463,-103,267,65,-91,1,17147,0.3705,transitando
22,1705111500,124127,-1351377,194,2398,3952,745,338,218,-147,72,-14,11364,0.5711,transitando
22,1705111800,124089,-1351363,63,2545,3994,460,-213,264,-9,27,34,22464,0.4493,transitando
22,1705112100,124118,-1351413,67,2470,3947,905,-83,169,-88,-49,98,14164,0.419,transitando
22,1705112400,124043,-1351425,584,2373,3944,702,16,-81,42,62,56,6978,0.4049,transitando
22,1705112700,123973,-1351432,206,2585,3907,891,417,-15,-77,98,33,48261,0.3829,transitando
22,1705113000,124035,-1351470,505,2437,3906,985,310,-82,9,-102,-7,37526,0.4516,transitando
22,1705113300,124048,-1351533,214,2487,3914,1138,361,-10,-125,153,9,21754,0.3917,transitando
22,1705113600,124086,-1351618,275,2395,3908,665,310,51,-57,-199,84,23600,0.6549,transitando
22,1705113900,124074,-1351646,541,2509,3966,531,-679,52,-23,-41,6,56189,0.4259,transitando
22,1705114200,124099,-1351707,323,2473,3935,1066,210,-108,119,-58,13,32634,0.4434,transitando
22,1705114500,124091,-1351798,375,2511,3949,551,-223,76,-80,-104,-77,42507,0.5604,transitando
23,1705028400,161176,-1625179,1698,2109,3961,1162,-126,-507,199,290,-108,36717,0.3475,busca
23,1705028700,161200,-1625030,837,2334,3942,-375,-218,-124,273,117,-12,16141,0.5479,busca
23,1705029000,161186,-1625000,1500,2227,3995,930,-1189,-75,-522,-88,-25,48084,0.3547,busca
23,1705029300,161072,-1625025,786,2324,3924,456,-255,-896,155,-466,180,22603,0.4184,busca
23,1705029600,161189,-1624982,1054,2290,3952,868,547,-294,267,-74,-61,63156,0.2795,busca
23,1705029900,161301,-1624944,1643,2216,3917,1520,-782,-311,166,-170,-192,61480,0.3957,busca
23,1705030200,161363,-1624923,1499,2201,3964,851,162,-1002,-133,-71,-16,11738,0.4192,busca
23,1705030500,161310,-1624896,1120,2226,3973,-338,477,-1160,-23,-310,180,31109,0.4124,busca
23,1705030800,161298,-1624986,792,2375,3981,634,1488,-1097,480,157,-118,7024,0.4489,busca
23,1705031100,161362,-1624958,330,2353,3900,223,-410,-351,-313,393,-105,50208,0.4876,busca
23,1705031400,161376,-1625002,627,2372,3981,133,-439,-225,-100,157,-38,40999,0.4066,busca
23,1705031700,161454,-1624949,1490,2196,3977,1399,141,-384,119,-99,62,32843,0.4775,busca
23,1705032000,161524,-1624966,1826,2100,3913,1581,45,170,-277,116,203,9304,0.4739,busca
23,1705032300,161443,-1624983,887,2336,3921,883,420,-247,-106,-77,130,64956,0.3892,busca
23,1705032600,161394,-1625020,1192,2296,3939,846,939,-317,-77,-95,-124,47937,0.4582,busca
23,1705032900,161470,-1625089,1406,2276,3975,592,-1086,-366,-170,106,61,4718,0.3541,busca
23,1705033200,161443,-1625062,1250,2235,3995,109,697,-472,156,19,-79,16229,0.4837,busca
23,1705033500,161546,-1625061,1363,2243,3940,1753,-1526,-334,323,357,90,19393,0.443,busca
23,1705033800,161574,-1624976,823,2334,3973,57,-766,-621,-196,32,96,47350,0.4905,busca
23,1705034100,161546,-1625021,1186,2267,3946,1098,-370,-106,16,121,-26,18931,0.4742,busca
23,1705034400,161541,-1624992,322,2458,3973,-117,790,-244,191,-207,183,703,0.378,busca
23,1705034700,161587,-1625023,1747,2164,3933,3781,-85,-195,170,249,-43,4291,0.3588,busca
23,1705035000,161571,-1625096,757,2367,3923,-297,-359,-1695,-357,-312,126,23339,0.3291,busca
23,1705035300,161516,-1624973,1034,2238,3960,398,-560,-637,-566,366,-33,30165,0.4618,busca
23,1705035600,161628,-1624989,1606,2133,3949,2081,-461,-86,-143,128,75,31874,0.4802,busca
23,1705035900,161686,-1625008,1114,2314,3975,-353,-489,-951,-422,-30,-207,50238,0.4439,busca
23,1705036200,161722,-1625047,1695,2176,3921,1065,-376,-234,237,221,-78,28919,0.3246,busca
23,1705036500,161808,-1625115,965,2340,3918,756,-2128,-1112,238,288,-25,59429,0.423,busca
23,1705036800,161743,-1625128,649,2329,3980,-1647,736,-409,-182,-69,-101,26180,0.5129,busca
23,1705037100,161737,-1625142,1587,2187,3899,1960,369,193,103,166,-164,3390,0.612,busca
23,1705037400,161759,-1625130,2032,2061,3989,-372,-104,-1588,0,107,210,36643,0.4891,busca
23,1705037700,161797,-1625091,491,2335,3989,1906,87,-359,-158,420,95,17438,0.4277,busca
23,1705038000,161877,-1625075,1405,2236,3910,409,-1058,-594,37,-117,59,32422,0.4836,busca
23,1705038300,161899,-1625008,1246,2310,3918,-1477,320,-874,310,52,-189,1101,0.3938,busca
23,1705038600,161903,-1625076,982,2361,3969,-644,939,-997,70,-97,202,24457,0.5462,busca
23,1705038900,161917,-1625086,1701,2188,3912,-711,-1383,-768,-102,-275,129,50373,0.3831,busca
23,1705039200,161944,-1625067,2320,2090,3930,-1084,-245,-113,256,100,-171,59766,0.4843,busca
23,1705039500,161935,-1625137,1282,2294,3907,-76,-699,-1564,-243,168,-218,149,0.4373,busca
23,1705039800,161966,-1625176,1256,2171,3978,-168,-681,175,-99,176,-147,43427,0.3931,busca
23,1705040100,161983,-1625259,1724,2168,3968,-911,-1162,47,47,-112,170,60040,0.5231,busca
23,1705040400,161970,-1625308,1492,2191,3953,798,1659,-497,-199,-59,95,64180,0.5317,busca
23,1705040700,162005,-1625317,1192,2194,3978,388,-1197,-399,161,-276,92,24982,0.5986,busca
23,1705041000,161987,-1625301,416,2374,3938,-555,-474,-304,-81,46,-186,30386,0.4385,busca
23,1705041300,162001,-1625369,1091,2268,3986,184,905,-309,-92,440,53,45433,0.5829,busca
23,1705041600,161990,-1625377,1384,2251,3989,1150,-171,-155,298,364,28,26181,0.4954,busca
23,1705041900,161973,-1625478,2087,2009,3906,-1084,-1775,-50,-22,89,-155,62047,0.4345,busca
23,1705042200,162005,-1625405,1279,2286,3997,-534,-589,-105,-54,430,49,41513,0.5456,busca
23,1705042500,162058,-1625412,2240,2068,3911,969,-779,-1619,-183,-89,-221,25073,0.556,busca
23,1705042800,162075,-1625428,421,2478,3910,1621,522,331,-145,155,31,40687,0.5804,busca
23,1705043100,162095,-1625403,875,2275,3916,1905,994,-377,-267,-58,48,39821,0.5432,busca
23,1705043400,162066,-1625427,1166,2284,3981,931,-336,-294,-140,-74,31,22858,0.4387,busca
23,1705043700,162067,-1625473,2015,2108,3974,2300,936,-555,-390,-9,33,49852,0.4011,busca
23,1705044000,161963,-1625537,1724,2162,3946,342,-509,-1027,191,-7,-127,50805,0.4594,busca
23,1705044300,161883,-1625461,1456,2145,3934,-605,510,-1284,170,386,68,49148,0.4169,busca
23,1705044600,161762,-1625417,1567,2214,3913,560,-726,-555,-31,291,-298,12128,0.5073,busca
23,1705044900,161751,-1625425,1494,2238,3915,376,-834,-535,-362,-23,-237,52669,0.5202,busca
23,1705045200,161744,-1625407,363,2510,3917,-26,39,98,0,311,49,6080,0.4831,busca
23,1705045500,161738,-1625361,325,2355,3982,-243,1675,-536,88,-60,-187,24774,0.4303,busca
23,1705045800,161756,-1625328,1419,2150,3906,-147,-364,-438,-497,105,258,47838,0.3986,busca
23,1705046100,161749,-1625282,914,2333,3937,-746,1750,-654,-21,85,76,23192,0.4549,busca
23,1705046400,161663,-1625188,1058,2307,3955,1177,-299,500,131,-44,-64,13766,0.3824,busca
23,1705046700,161717,-1625253,1818,2150,3925,794,406,-81,-149,18,140,61391,0.5079,busca
23,1705047000,161721,-1625268,1469,2221,3970,697,2258,-598,-90,-270,193,27672,0.5856,busca
23,1705047300,161738,-1625284,647,2392,3951,553,509,-284,106,291,52,22336,0.5012,busca
23,1705047600,161742,-1625268,1250,2201,3963,1331,88,-819,-384,179,-63,39066,0.5874,busca
23,1705047900,161740,-1625254,405,2402,3957,1731,-127,-556,-242,-77,152,24196,0.6821,busca
23,1705048200,161774,-1625218,885,2284,3979,271,-859,-823,107,-120,148,34935,0.5256,busca
23,1705048500,161766,-1625243,813,2354,3936,-298,343,-804,423,1,-151,57309,0.6913,busca
23,1705048800,161737,-1625263,1020,2357,3938,-847,916,-558,-49,-14,46,26510,0.6803,busca
23,1705049100,161704,-1625226,1572,2125,3997,994,1328,-1408,-189,92,108,3032,0.6282,busca
23,1705049400,161690,-1625231,815,2363,3906,793,41,-90,216,-139,37,39438,0.6112,busca
23,1705049700,161696,-1625207,843,2274,3970,-275,-357,-285,246,-42,3,27192,0.6286,busca
23,1705050000,161668,-1625170,1400,2289,3926,1535,1167,-538,-132,-60,-46,23012,0.4615,busca
23,1705050300,161648,-1625048,1689,2141,3996,1592,1278,112,-36,-127,145,26200,0.5485,busca
23,1705050600,161621,-1625038,4035,1671,3982,1103,-88,-18,-285,164,-67,5815,0.3655,busca
23,1705050900,161675,-1625000,2732,1940,3908,1448,240,-585,26,192,19,41711,0.4989,busca
23,1705051200,161650,-1624978,3261,1857,3936,1516,715,-479,-244,165,16,43712,0.655,busca
23,1705051500,161671,-1624980,3090,1877,3934,2154,1283,-37,-64,-98,38,1076,0.4636,busca
23,1705051800,161701,-1624996,2566,1989,3983,449,-105,-271,-308,-254,-183,55347,0.6611,busca
23,1705052100,161693,-1625014,1253,2214,3913,593,837,156,-3,-465,200,18125,0.6823,busca
23,1705052400,161704,-1625039,3443,1730,3935,1908,-586,-1003,120,57,-29,26815,0.4921,busca
23,1705052700,161730,-1624986,4181,1665,3976,-237,-813,73,-22,64,30,16430,0.4888,busca
23,1705053000,161670,-1624980,2552,1981,3939,-195,-642,-583,-35,289,178,56273,0.486,busca
23,1705053300,161602,-1625030,4064,1630,3988,580,-380,-1569,-75,-317,-16,9065,0.4526,busca
23,1705053600,161576,-1625140,3936,1658,3927,1166,281,-47,500,161,-226,30543,0.597,busca
23,1705053900,161599,-1625128,1923,2136,3957,1400,-587,-355,526,383,46,13724,0.5896,busca
23,1705054200,161621,-1625123,2133,2100,3971,1680,567,-1460,-91,95,-79,106,0.4401,busca
23,1705054500,161506,-1625117,1892,2195,3948,1722,-1047,-1374,177,48,59,37291,0.5532,busca
23,1705054800,161491,-1625098,2855,1966,3953,942,47,-593,94,155,155,31430,0.6392,busca
23,1705055100,161501,-1625102,1014,2311,3970,-583,613,535,-5,-429,170,28060,0.6223,busca
23,1705055400,161509,-1625129,3043,1916,3939,2066,-503,39,-51,29,81,9980,0.4663,busca
23,1705055700,161553,-1625084,3223,1878,3943,373,744,356,-253,-55,-183,18710,0.5949,busca
23,1705056000,161551,-1625074,923,2350,3953,-141,386,45,32,56,35,26157,0.458,busca
23,1705056300,161454,-1625022,1864,2003,3911,778,1221,-577,-155,347,-59,11968,0.56,busca
23,1705056600,161465,-1624999,3299,470,3910,-499,-2519,-2403,-313,696,401,15445,0.5547,forrageando
23,1705056900,161451,-1625011,2658,417,3965,-157,-1697,572,123,-773,-267,15704,0.5566,forrageando
23,1705057200,161477,-1624960,611,2413,3969,-4794,-777,-851,-112,137,-35,65133,0.5305,forrageando
23,1705057500,161471,-1624978,2632,511,3993,3677,341,-1272,-286,565,131,32607,0.638,forrageando
23,1705057800,161469,-1624957,2648,474,3985,2159,1624,3,1511,534,-191,23057,0.5683,forrageando
23,1705058100,161496,-1624948,2988,493,3996,-1873,2577,-847,-1164,-647,-112,24081,0.5883,forrageando
23,1705058400,161491,-1624969,2009,468,3906,111,-4883,-437,89,-176,58,43528,0.4844,forrageando
23,1705058700,161507,-1624899,1812,2127,3923,-969,-3203,-3409,608,482,-66,26134,0.508,forrageando
23,1705059000,161546,-1624915,2424,398,3968,2265,1498,-2090,-206,759,-117,12261,0.501,forrageando
23,1705059300,161566,-1624904,1091,2249,3992,4515,1631,651,264,529,412,8943,0.3217,forrageando
23,1705059600,161596,-1624840,1434,2241,3962,-677,1997,-628,337,-483,322,60278,0.3559,forrageando
23,1705059900,161607,-1624943,580,2348,3923,2464,923,-596,175,-583,437,460,0.4957,forrageando
23,1705060200,161559,-1624944,2812,423,3937,2194,457,-377,220,-571,44,10089,0.5381,forrageando
23,1705060500,161565,-1624988,1539,2138,3942,-160,-57,-1330,-292,885,-119,41738,0.4124,forrageando
23,1705060800,161590,-1625024,3066,558,3937,311,3573,-251,-54,-306,82,6935,0.3826,forrageando
23,1705061100,161587,-1624999,491,2362,3964,-2910,2074,313,758,-852,685,33247,0.4612,forrageando
23,1705061400,161573,-1624956,2235,412,3996,2017,-1944,-1871,-31,-603,-356,34119,0.4209,forrageando
23,1705061700,161649,-1625078,2764,469,3978,1683,3682,-1453,-375,-326,282,36288,0.5242,forrageando
23,1705062000,161600,-1625098,604,2464,3962,-3057,1532,-557,248,159,210,11871,0.5122,forrageando
23,1705062300,161584,-1625101,1933,1974,3987,4282,2386,432,-999,611,171,6103,0.3435,forrageando
23,1705062600,161675,-1625019,723,2328,3917,1387,1822,398,1109,714,457,58184,0.5327,forrageando
23,1705062900,161719,-1625023,1990,2149,3949,-2980,-3119,-801,-984,-506,-103,14499,0.4913,forrageando
23,1705063200,161695,-1625046,3311,604,3966,-1305,2725,41,-513,518,208,31600,0.5509,forrageando
23,1705063500,161682,-1625080,1484,2105,3984,4424,-698,-247,347,292,513,29445,0.4046,forrageando
23,1705063800,161761,-1625075,1686,2165,3956,5147,2135,-1435,-250,-295,322,11151,0.3177,forrageando
23,1705064100,161796,-1625043,1651,2039,3934,-140,-2062,-1547,-309,-92,-290,5919,0.3572,forrageando
23,1705064400,161788,-1624973,489,2435,3946,293,886,300,382,-203,214,18205,0.3532,forrageando
23,1705064700,161740,-1624992,2629,456,3954,1577,2027,-425,-815,-393,-177,35049,0.3536,forrageando
23,1705065000,161789,-1625008,2574,476,3918,3515,-151,-132,769,359,14,36943,0.4274,forrageando
23,1705065300,161833,-1625016,1618,2198,3962,2063,1894,82,441,-311,264,59387,0.5076,forrageando
23,1705065600,161796,-1625046,2446,456,3974,2367,-4112,431,-227,-578,-641,27070,0.4245,forrageando
23,1705065900,161724,-1625056,1529,2205,3900,-1568,-17,-838,1050,576,234,3244,0.5978,forrageando
23,1705066200,161722,-1625046,1712,2213,3997,136,-3581,-1654,-9,469,-63,60494,0.3798,forrageando
23,1705066500,161668,-1625077,1232,2269,3913,-946,1011,-1455,48,570,194,64700,0.365,forrageando
23,1705066800,161549,-1625021,2944,455,3935,4392,445,1225,74,-346,515,54679,0.4276,forrageando
23,1705067100,161511,-1625092,682,2359,3906,-631,2056,-1197,-263,130,-19,50320,0.4217,forrageando
23,1705067400,161544,-1625159,1782,2131,3926,2853,-614,-873,-620,-349,-383,52068,0.336,forrageando
23,1705067700,161580,-1625167,1128,2228,3998,1389,-1502,-1525,604,219,-191,17850,0.5059,forrageando
23,1705068000,161613,-1625124,2854,611,3966,-2422,-2497,-1311,625,-111,-149,61488,0.4225,forrageando
23,1705068300,161604,-1625162,1594,2242,3971,896,-2727,-615,-273,-147,396,41168,0.3139,forrageando
23,1705068600,161416,-1625180,2838,495,3947,-1436,-2835,-1499,-120,-21,-270,42008,0.4527,forrageando
23,1705068900,161461,-1625193,1327,2278,3907,2000,-3799,234,345,168,103,42675,0.3062,forrageando
23,1705069200,161404,-1625119,1706,2169,3944,1583,3433,-1334,-36,-382,137,1109,0.3679,forrageando
23,1705069500,161336,-1625033,1553,2131,3996,3542,-314,-2669,-413,-551,226,2433,0.3425,forrageando
23,1705069800,161288,-1625038,482,2504,3948,819,-2526,135,464,151,-307,52176,0.4248,forrageando
23,1705070100,161326,-1625068,2376,401,3914,-590,2919,-236,137,-600,254,59208,0.2588,forrageando
23,1705070400,161363,-1625094,1542,2150,3907,3084,2287,-753,-534,658,88,46678,0.3075,forrageando
23,1705070700,161436,-1625088,941,2368,3982,-628,1100,-1552,1124,247,-612,34922,0.3564,forrageando
23,1705071000,161452,-1625042,710,2361,3985,2180,1690,-1449,196,548,-100,58300,0.3789,forrageando
23,1705071300,161424,-1625115,2223,439,3937,-262,-861,-1182,-776,-448,-370,25919,0.3285,forrageando
23,1705071600,161333,-1625084,2006,358,3987,-884,-5425,-1334,1192,166,250,53117,0.3501,forrageando
23,1705071900,161351,-1625049,816,2211,3935,-1655,3525,-333,711,68,547,7507,0.3002,forrageando
23,1705072200,161368,-1625116,1185,2309,3976,-2626,-2033,-2374,-719,21,302,4845,0.2793,forrageando
23,1705072500,161429,-1625027,1514,2062,3975,-2272,2239,-3327,-947,333,-249,35679,0.4006,forrageando
23,1705072800,161341,-1625027,1577,2117,3908,-1321,-1179,-1073,300,-529,-99,22386,0.1949,forrageando
23,1705073100,161302,-1625048,3326,568,3994,-4134,-2455,-1299,-163,42,112,10829,0.4033,forrageando
23,1705073400,161309,-1625087,2082,435,3903,1363,135,-1845,-470,542,-45,42577,0.331,forrageando
23,1705073700,161253,-1625107,630,2365,3916,1273,-616,-317,-291,951,-109,50850,0.3862,forrageando
23,1705074000,161380,-1625048,2856,489,3997,3415,4782,-182,154,-129,201,42719,0.2549,forrageando
23,1705074300,161327,-1625007,1904,2198,3996,671,67,-1139,857,-706,156,46854,0.48,forrageando
23,1705074600,161377,-1625057,2856,584,3966,-3371,-385,-526,775,784,-660,38993,0.3751,forrageando
23,1705074900,161318,-1625090,1811,2142,3924,2099,-1042,-120,182,107,156,34163,0.3126,forrageando
23,1705075200,161190,-1625025,1558,2273,3924,886,-2640,-1691,-540,-289,357,12712,0.3211,forrageando
23,1705075500,161093,-1624976,3198,551,3998,1545,-973,-1183,-1052,-381,458,2452,0.3529,forrageando
23,1705075800,161031,-1624961,2875,461,3970,-788,570,-1915,-710,302,-145,10049,0.4401,forrageando
23,1705076100,161009,-1624986,2074,397,3958,-1468,1433,-23,-224,-411,-223,24903,0.2859,forrageando
23,1705076400,160908,-1625082,1744,2145,3987,-1714,-809,-1131,931,-1083,-179,13727,0.4606,forrageando
23,1705076700,160908,-1625154,1198,2276,3903,2456,-436,-1323,-201,116,191,61966,0.247,forrageando
23,1705077000,160862,-1625127,1410,2235,3924,-1616,-989,816,-424,440,505,19612,0.3625,forrageando
23,1705077300,160846,-1625187,1743,2185,3910,2185,-2286,-485,171,78,-18,53985,0.3275,forrageando
23,1705077600,160869,-1625306,1849,2164,3959,1983,-1045,-894,-194,-216,667,15174,0.4152,forrageando
23,1705077900,160782,-1625244,2095,405,3917,-447,-1556,-165,-4,633,-114,53092,0.3544,forrageando
23,1705078200,160813,-1625325,907,2318,3964,-1219,1072,-1881,133,-1016,22,35474,0.4178,forrageando
23,1705078500,160857,-1625464,1167,2291,3966,-2050,3029,-1366,455,176,-189,53621,0.3094,forrageando
23,1705078800,160817,-1625648,706,2346,3938,479,-1842,564,-1223,-97,-784,4072,0.2936,forrageando
23,1705079100,160639,-1625695,857,2312,3982,246,209,-438,-394,320,-208,62680,0.2577,forrageando
23,1705079400,160573,-1625631,2489,459,3946,-119,1466,160,568,-117,-338,42633,0.2461,forrageando
23,1705079700,160705,-1625726,624,2250,3928,-2365,-3732,-1722,1104,1031,283,26425,0.2596,forrageando
23,1705080000,160640,-1625665,1408,2239,3902,3867,1114,-1988,-246,-268,-41,61192,0.2373,forrageando
23,1705080300,160693,-1625693,1844,2155,3961,930,1144,331,677,-1388,-87,31754,0.238,forrageando
23,1705080600,160802,-1625687,1847,2185,3913,-2250,668,-209,-462,21,-2,42894,0.2656,forrageando
23,1705080900,160876,-1625704,1302,2241,3913,-430,302,-809,-356,-471,219,50933,0.2454,forrageando
23,1705081200,160803,-1625693,2435,445,3950,-737,605,161,-99,198,-238,65202,0.3493,forrageando
23,1705081500,160736,-1625780,917,2298,3906,-71,-1333,-1594,127,-822,67,9184,0.3044,forrageando
23,1705081800,160837,-1625713,1373,2249,3961,-1129,1313,-661,-230,549,759,25185,0.3041,forrageando
23,1705082100,160852,-1625745,2857,595,3930,-32,-1861,-100,761,-724,-647,49843,0.2958,forrageando
23,1705082400,160900,-1625581,1003,2297,3969,555,748,329,-497,-682,216,5884,0.407,forrageando
23,1705082700,160890,-1625676,2533,490,3922,1931,-1342,-687,188,-38,-187,28773,0.2724,forrageando
23,1705083000,160745,-1625709,1792,2144,3924,-2431,3411,148,36,-361,-145,32613,0.2998,forrageando
23,1705083300,160779,-1625668,1064,2296,3947,1407,1129,-1815,-150,722,232,13856,0.3506,forrageando
23,1705083600,160754,-1625640,805,2384,3976,-3907,1433,-237,851,-787,264,47147,0.4338,forrageando
23,1705083900,160688,-1625681,1710,2186,3899,128,-1064,588,328,-62,450,26077,0.212,forrageando
23,1705084200,160739,-1625728,1689,2201,3987,-1470,-608,-2469,-705,-462,-164,36363,0.3076,forrageando
23,1705084500,160638,-1625842,1785,2188,3956,-1686,545,-1927,14,522,-18,34386,0.3126,forrageando
23,1705084800,160448,-1625861,693,2441,3943,-43,-2618,-302,-201,403,423,18874,0.3346,forrageando
23,1705085100,160456,-1625964,3080,493,3981,-1974,1526,-88,188,976,-156,42384,0.2367,forrageando
23,1705085400,160559,-1625896,1184,2220,3925,3112,3623,-3111,446,-176,-499,38418,0.3262,forrageando
23,1705085700,160545,-1625854,2281,355,3972,369,-1674,-2435,-286,686,-722,55985,0.292,forrageando
23,1705086000,160679,-1625836,1062,2286,3914,-2569,157,-957,-227,-255,335,33221,0.1935,forrageando
23,1705086300,160589,-1625888,1366,2195,3919,1062,598,-770,539,444,230,19126,0.2807,forrageando
23,1705086600,160537,-1625772,1562,2167,3917,2202,-4448,-1853,860,-129,279,43222,0.4117,forrageando
23,1705086900,160448,-1625832,1947,2057,3989,-2713,-741,-1684,-808,-287,-209,30991,0.3265,forrageando
23,1705087200,160552,-1625877,1487,2281,3933,-1620,-225,-1094,58,-400,76,23373,0.3995,forrageando
23,1705087500,160591,-1625940,1461,2197,3980,495,-2870,-1248,-292,513,-166,16122,0.3683,forrageando
23,1705087800,160612,-1625970,673,2423,3997,4450,1285,181,550,641,255,63331,0.2889,forrageando
23,1705088100,160523,-1625974,1026,2213,3944,685,1587,-1994,599,68,-394,5497,0.2703,forrageando
23,1705088400,160556,-1625833,2305,455,3992,2849,1906,-396,331,-493,271,20546,0.2603,forrageando
23,1705088700,160455,-1625915,1317,2262,3933,-1039,4416,-1692,612,-445,144,24038,0.436,forrageando
23,1705089000,160521,-1625871,2741,430,3950,989,2069,20,-425,58,101,17854,0.386,forrageando
23,1705089300,160438,-1625804,1208,2308,3994,44,-2177,-609,-351,-120,-78,14245,0.2385,forrageando
23,1705089600,160371,-1625701,1054,2259,3914,-1262,-2235,-1165,-141,-34,125,22423,0.3511,forrageando
23,1705089900,160450,-1625660,2390,439,3970,232,2714,-1242,-274,398,-251,13759,0.3749,forrageando
23,1705090200,160488,-1625615,943,2354,3950,883,4288,-946,-248,-191,530,63040,0.3422,forrageando
23,1705090500,160429,-1625422,1168,2310,3913,1112,-214,638,555,-753,-171,29578,0.2877,forrageando
23,1705090800,160403,-1625471,1631,2160,3990,-683,2263,-982,128,459,190,63721,0.4682,forrageando
23,1705091100,160439,-1625407,1695,2224,3976,-1668,-4040,-1084,31,-772,282,41947,0.4,forrageando
23,1705091400,160568,-1625384,3243,1833,3975,293,-1083,-555,112,-155,110,13523,0.3348,busca
23,1705091700,160619,-1625451,2114,2132,3903,676,-52,-1450,257,148,-25,52181,0.3792,busca
23,1705092000,160613,-1625487,2031,2085,3935,274,81,-598,237,212,-32,54329,0.1877,busca
23,1705092300,160734,-1625452,1095,2278,3921,7,407,-338,51,-284,86,18282,0.3178,busca
23,1705092600,160696,-1625591,2379,1971,3979,-1012,985,-828,-107,-16,84,26160,0.3651,busca
23,1705092900,160754,-1625584,2741,1921,3981,1771,631,-403,126,-326,159,41037,0.4374,busca
23,1705093200,160736,-1625548,1969,2140,3904,-801,913,-891,-49,-125,-148,27261,0.3334,busca
23,1705093500,160731,-1625625,1086,2317,3997,141,2195,-470,263,9,138,8813,0.3623,busca
23,1705093800,160651,-1625619,963,2364,3989,-311,-902,-593,-146,-84,249,5950,0.2941,busca
23,1705094100,160682,-1625682,1252,2202,3930,765,651,272,83,-133,64,32799,0.3508,busca
23,1705094400,160585,-1625612,438,2428,3939,686,-128,-102,59,-259,-141,37043,0.2485,busca
23,1705094700,160490,-1625616,1412,2222,3923,1473,-1065,175,67,101,-131,50655,0.3346,busca
23,1705095000,160422,-1625621,655,2384,3923,2771,14,-266,33,-130,191,31465,0.3149,busca
23,1705095300,160394,-1625562,1141,2364,3902,-239,253,-267,62,203,110,4573,0.4575,busca
23,1705095600,160440,-1625625,405,2379,3899,666,-8,-1293,380,53,103,38924,0.2685,busca
23,1705095900,160419,-1625566,554,2433,3993,-853,730,25,-157,-149,73,34578,0.3045,busca
23,1705096200,160349,-1625465,2087,2061,3939,603,-947,-377,35,378,80,28052,0.3504,busca
23,1705096500,160352,-1625417,2202,1973,3914,-1902,-1038,489,-238,-120,65,22386,0.3635,busca
23,1705096800,160451,-1625494,2208,2107,3991,663,1094,-420,48,117,87,47039,0.3809,busca
23,1705097100,160389,-1625424,1754,2117,3919,-1002,50,-113,86,-143,28,1711,0.3426,busca
23,1705097400,160389,-1625524,1842,2114,3899,483,3421,-1113,-62,-41,-127,20783,0.474,busca
23,1705097700,160444,-1625503,515,2371,3982,-1142,-822,-427,-26,11,-66,20017,0.4433,busca
23,1705098000,160374,-1625507,703,2283,3916,304,-468,-941,-13,-370,-175,42723,0.3685,busca
23,1705098300,160441,-1625545,1643,2211,3976,-92,-1106,-509,166,-78,318,62667,0.2506,busca
23,1705098600,160588,-1625573,1440,2247,3963,422,496,-475,-403,104,-41,30440,0.3782,busca
23,1705098900,160547,-1625572,1241,2272,3963,-389,-616,-407,196,80,-48,38242,0.4694,busca
23,1705099200,160465,-1625504,534,2327,3932,726,158,-1055,-175,-347,106,11107,0.337,busca
23,1705099500,160407,-1625429,415,2402,3917,1317,-519,169,-9,-195,134,33949,0.2342,transitando
23,1705099800,160463,-1625282,442,2406,3915,96,246,155,-80,2,16,64992,0.3234,transitando
23,1705100100,160542,-1625171,447,2390,3989,543,245,250,44,-141,-141,52034,0.2471,transitando
23,1705100400,160573,-1625279,305,2386,3928,1700,-237,130,-94,-25,-51,5355,0.4158,transitando
23,1705100700,160596,-1625236,564,2400,3920,695,-390,9,30,32,-85,39259,0.3871,transitando
23,1705101000,160616,-1625304,203,2474,3929,1061,-164,-29,3,84,41,21702,0.3442,transitando
23,1705101300,160538,-1625240,414,2362,3985,32,-126,288,-25,-144,2,42827,0.3031,transitando
23,1705101600,160653,-1625240,184,2464,3939,1523,-93,244,0,-81,-18,27663,0.2578,transitando
23,1705101900,160559,-1625187,435,2409,3993,1193,-129,-28,88,48,94,47296,0.3909,transitando
23,1705102200,160592,-1625266,123,2484,3939,951,-6,228,24,-24,-10,6558,0.3541,transitando
23,1705102500,160493,-1625202,177,2480,3956,910,272,-339,173,-97,6,56698,0.3598,transitando
23,1705102800,160391,-1625217,194,2509,3933,728,-115,-141,50,5,3,45076,0.2966,transitando
23,1705103100,160273,-1625263,59,2402,3949,1403,126,-180,-132,31,-59,63450,0.3203,transitando
23,1705103400,160373,-1625373,152,2548,3952,1483,18,115,121,-41,-2,45328,0.3038,transitando
23,1705103700,160452,-1625270,70,2477,3980,785,628,-441,-51,106,-39,28407,0.2832,transitando
23,1705104000,160349,-1625230,129,2437,3983,1104,206,-25,-98,-21,77,19733,0.3657,transitando
23,1705104300,160420,-1625304,130,2519,3991,1121,404,25,-40,3,37,53233,0.3168,transitando
23,1705104600,160302,-1625339,212,2507,3956,193,-273,-32,-115,173,-27,27555,0.2831,transitando
23,1705104900,160336,-1625252,158,2502,3906,862,-215,147,58,-41,18,65321,0.405,transitando
23,1705105200,160296,-1625214,94,2493,3906,1499,-188,-333,-115,63,-96,19492,0.3853,transitando
23,1705105500,160220,-1625221,387,2408,3902,729,-89,-156,-101,-66,-40,53372,0.464,transitando
23,1705105800,160152,-1625170,217,2421,3981,765,256,-87,-57,-27,-61,9633,0.273,transitando
23,1705106100,160178,-1625037,123,2522,3974,1024,90,-123,10,9,49,11353,0.297,transitando
23,1705106400,160102,-1625156,529,2362,3953,1025,623,-97,-103,87,76,61236,0.5118,transitando
23,1705106700,160078,-1625143,386,2475,3928,668,-217,-226,59,47,15,39168,0.4841,transitando
23,1705107000,160051,-1625048,166,2442,3964,631,464,205,96,-92,-29,25066,0.3424,transitando
23,1705107300,160135,-1625121,107,2379,3972,1253,125,-274,45,-37,61,19685,0.3648,transitando
23,1705107600,160063,-1625083,195,2433,3920,921,-367,-20,-113,-16,18,29082,0.4685,transitando
23,1705107900,160093,-1625034,428,2458,3931,649,236,-107,-82,-127,48,61421,0.3356,transitando
23,1705108200,160150,-1624961,281,2387,3939,1159,315,99,122,142,50,46360,0.4857,transitando
23,1705108500,160199,-1624893,421,2420,3954,1622,-164,-89,47,-208,7,38178,0.3513,transitando
23,1705108800,160308,-1624924,110,2501,3947,1124,30,7,-100,-153,65,22011,0.2223,transitando
23,1705109100,160338,-1624786,92,2513,3974,766,-139,303,6,6,-45,1837,0.3116,transitando
23,1705109400,160304,-1624708,378,2461,3981,1023,266,22,93,131,65,41933,0.2642,transitando
23,1705109700,160404,-1624750,156,2556,3971,1068,-597,252,115,106,-20,61505,0.3834,transitando
23,1705110000,160426,-1624671,453,2385,3992,850,-38,51,-187,-185,-38,13478,0.312,transitando
23,1705110300,160324,-1624767,350,2526,3900,1540,393,-116,-108,-100,103,30545,0.4239,transitando
23,1705110600,160361,-1624849,195,2419,3906,55,-187,188,17,-10,41,32712,0.3355,transitando
23,1705110900,160442,-1624876,112,2455,3935,532,-186,222,20,-91,38,7055,0.3468,transitando
23,1705111200,160478,-1624765,136,2457,3959,1093,-373,-142,-84,102,-18,6975,0.489,transitando
23,1705111500,160550,-1624744,120,2550,3919,1001,212,-170,219,-1,-60,8418,0.3309,transitando
23,1705111800,160562,-1624842,479,2344,3919,313,298,12,54,-16,13,27527,0.453,transitando
23,1705112100,160602,-1624770,95,2514,3939,47,287,127,-194,-91,21,31068,0.5414,transitando
23,1705112400,160603,-1624803,192,2490,3913,1186,-355,209,158,43,-70,54936,0.4767,transitando
23,1705112700,160694,-1624819,117,2527,3936,1363,338,13,88,-146,4,46898,0.4667,transitando
23,1705113000,160728,-1624791,183,2524,3921,475,-553,201,95,-115,-14,41217,0.4255,transitando
23,1705113300,160717,-1624682,360,2489,3934,852,-80,-8,-41,-231,44,56764,0.5068,transitando
23,1705113600,160740,-1624685,277,2502,3976,486,365,112,13,78,19,60298,0.4489,transitando
23,1705113900,160766,-1624719,348,2387,3976,1142,426,108,26,-43,86,17023,0.4158,transitando
23,1705114200,160699,-1624622,251,2511,3976,1268,-90,272,-175,51,41,58601,0.3433,transitando
23,1705114500,160799,-1624565,437,2417,3909,1231,117,-522,78,-51,-25,63414,0.3804,transitando
24,1705028400,92507,1735893,514,2377,3950,853,-74,-1643,-377,123,-97,27820,0.3595,busca
24,1705028700,92563,1735806,810,2382,3900,1116,1098,-1493,229,193,-264,57111,0.3177,busca
24,1705029000,92662,1735785,1229,2230,3924,366,-915,-72,2,36,27,6388,0.5466,busca
24,1705029300,92656,1735763,1189,2322,3939,-394,-1010,-193,-374,-201,-9,61950,0.466,busca
24,1705029600,92677,1735808,1544,2187,3926,-102,-85,-928,137,-111,20,37986,0.4828,busca
24,1705029900,92703,1735827,1400,2307,3900,-1136,205,-893,419,184,-40,55905,0.5465,busca
24,1705030200,92694,1735836,749,2297,3946,1360,741,-760,303,-104,-250,9945,0.4313,busca
24,1705030500,92695,1735800,349,2311,3931,954,190,6,29,-298,-319,52680,0.4387,busca
24,1705030800,92723,1735753,1441,2213,3988,2205,-143,73,84,145,131,26436,0.3509,busca
24,1705031100,92721,1735807,803,2385,3958,162,421,-684,-341,-299,-85,2604,0.3624,busca
24,1705031400,92629,1735799,899,2407,3983,-1100,-517,-385,420,-88,-15,44589,0.2765,busca
24,1705031700,92734,1735780,1438,2156,3947,983,646,-312,-1,23,-334,22868,0.4818,busca
24,1705032000,92706,1735817,1173,2216,3964,11,544,-281,-7,283,273,2420,0.5213,busca
24,1705032300,92708,1735796,1376,2280,3951,1213,211,-515,-47,-83,-99,10373,0.4504,busca
24,1705032600,92667,1735816,852,2368,3911,-2000,851,283,-186,-237,145,57379,0.3735,busca
24,1705032900,92729,1735866,1126,2288,3912,-1042,-612,26,155,-374,119,5226,0.4024,busca
24,1705033200,92713,1735795,1544,2163,3942,-78,-114,-281,209,378,-130,41490,0.4424,busca
24,1705033500,92772,1735852,1098,2309,3902,-79,-227,-524,31,-301,291,14280,0.4616,busca
24,1705033800,92783,1735942,1212,2238,3942,1519,198,-245,143,-249,182,55367,0.4632,busca
24,1705034100,92718,1735869,755,2313,3993,2375,100,-391,-11,75,-283,44349,0.5201,busca
24,1705034400,92693,1735859,1245,2260,3990,671,47,-672,-163,347,-113,29930,0.4154,busca
24,1705034700,92651,1735837,1396,2204,3940,858,-567,-1295,46,-144,13,1680,0.4952,busca
24,1705035000,92740,1735907,792,2368,3989,1865,-280,-490,179,-56,209,12298,0.392,busca
24,1705035300,92756,1736013,1471,2147,3916,1730,-378,-15,-180,156,-80,11606,0.5859,busca
24,1705035600,92763,1736026,323,2401,3917,606,789,-818,-70,-167,182,58287,0.4159,busca
24,1705035900,92741,1736106,1070,2236,3929,768,-870,-630,93,-160,197,16773,0.3672,busca
24,1705036200,92777,1736074,1315,2176,3927,1623,824,-1037,59,-78,17,33772,0.4668,busca
24,1705036500,92706,1736137,394,2471,3948,1177,785,-402,35,-152,159,44930,0.4612,busca
24,1705036800,92610,1736215,1415,2122,3951,415,-830,-141,32,202,90,58056,0.401,busca
24,1705037100,92521,1736159,1488,2180,3919,-545,11,-583,280,132,-60,50463,0.5234,busca
24,1705037400,92539,1736153,1219,2277,3951,1331,1234,58,34,-113,-144,19247,0.4652,busca
24,1705037700,92591,1736191,868,2383,3938,-2087,-469,-520,-181,-11,47,53934,0.5036,busca
24,1705038000,92578,1736162,1354,2245,3971,1435,-693,173,81,182,-143,8173,0.5757,busca
24,1705038300,92613,1736188,586,2432,3971,781,615,-985,193,300,237,48696,0.5282,busca
24,1705038600,92604,1736179,307,2379,3910,1115,458,-1001,-217,-15,97,47103,0.5218,busca
24,1705038900,92584,1736195,1167,2263,3940,318,1892,159,-180,-338,148,18102,0.4442,busca
24,1705039200,92552,1736070,1794,2176,3959,1318,-169,-150,-194,-359,68,2980,0.4072,busca
24,1705039500,92605,1736138,1935,2099,3925,947,660,16,53,400,-324,28946,0.4535,busca
24,1705039800,92518,1736178,781,2370,3971,1111,806,-73,361,-219,132,17781,0.4412,busca
24,1705040100,92567,1736102,1288,2286,3966,917,270,-762,-67,-129,-52,3464,0.4727,busca
24,1705040400,92533,1736079,1238,2204,3972,258,-619,-411,453,-210,181,41899,0.5008,busca
24,1705040700,92553,1736089,1747,2112,3992,-261,843,-507,-108,3,186,17877,0.4367,busca
24,1705041000,92621,1736066,1713,2109,3971,706,-2196,-973,143,-54,30,20060,0.3477,busca
24,1705041300,92653,1736168,466,2490,3947,549,-649,-52,147,-52,-123,42946,0.5948,busca
24,1705041600,92665,1736186,869,2377,3979,1149,95,375,-190,258,-316,9813,0.522,busca
24,1705041900,92637,1736211,689,2407,3972,1312,534,-131,106,-55,155,42191,0.535,busca
24,1705042200,92648,1736210,1944,2122,3939,936,299,-445,-97,166,0,43683,0.5976,busca
24,1705042500,92615,1736220,1130,2210,3939,649,-674,375,291,-58,3,1587,0.4596,busca
24,1705042800,92606,1736152,1552,2150,3990,-257,-89,-503,-159,7,-93,31006,0.5313,busca
24,1705043100,92615,1736146,1495,2126,3913,2110,695,-935,-181,-84,-73,23348,0.5371,busca
24,1705043400,92608,1736172,1672,2193,3985,500,1495,-767,78,273,91,31281,0.4618,busca
24,1705043700,92562,1736174,1584,2229,3900,317,-621,-653,-146,174,-81,37721,0.607,busca
24,1705044000,92584,1736205,1569,2196,3925,1111,2184,116,-44,164,-108,64003,0.4494,busca
24,1705044300,92684,1736199,1169,2319,3944,575,1211,-862,164,-365,-226,1279,0.5064,busca
24,1705044600,92678,1736186,833,2334,3977,1035,-107,-174,117,-233,-64,26096,0.5582,busca
24,1705044900,92677,1736171,1035,2351,3944,877,263,-264,-476,-109,83,21355,0.4539,busca
24,1705045200,92721,1736116,502,2452,3932,588,-425,-1257,-93,62,-415,5018,0.5134,busca
24,1705045500,92688,1736123,810,2242,3962,2156,526,-358,273,81,-97,26992,0.4231,busca
24,1705045800,92757,1736144,766,2403,3922,-1096,134,-1332,304,-90,-26,37716,0.4955,busca
24,1705046100,92709,1736079,923,2312,3963,-640,366,-79,137,-151,-52,26979,0.4981,busca
24,1705046400,92679,1736098,683,2324,3923,633,349,-222,-19,-371,408,46135,0.6208,busca
24,1705046700,92652,1736145,1305,2276,3918,-262,-191,-88,73,31,38,18944,0.657,busca
24,1705047000,92631,1736145,491,2438,3984,1605,96,-535,129,-50,56,4207,0.614,busca
24,1705047300,92613,1736126,1011,2262,3912,-2174,1421,-376,0,-196,210,55924,0.5732,busca
24,1705047600,92642,1736102,926,2333,3985,1016,-1255,-668,462,-122,116,50597,0.6273,busca
24,1705047900,92635,1736111,1065,2236,3961,-484,-414,-456,-60,-143,223,58147,0.4682,busca
24,1705048200,92690,1736228,834,2320,3916,512,-735,-1530,-684,13,30,52136,0.6717,forrageando
24,1705048500,92681,1736215,1122,2326,3952,-1886,1080,-1606,-403,-263,-54,44889,0.4625,forrageando
24,1705048800,92761,1736199,232,2532,3904,-4033,-418,-2058,458,77,-207,46311,0.6533,forrageando
24,1705049100,92803,1736179,788,2321,3935,-1261,-2539,-502,503,-102,24,49531,0.6837,forrageando
24,1705049400,92810,1736176,543,2372,3981,-2495,-91,-1310,-547,-998,-251,39035,0.6015,forrageando
24,1705049700,92818,1736194,450,2495,3995,1782,1802,-926,-405,-41,589,30355,0.5149,forrageando
24,1705050000,92809,1736187,2566,501,3907,453,591,-2678,935,7,611,42344,0.4124,forrageando
24,1705050300,92843,1736160,4253,702,3928,-1567,96,-1261,-381,262,-20,58463,0.6279,forrageando
24,1705050600,92884,1736139,7200,899,3968,2065,-251,-9,501,-42,404,20901,0.4852,forrageando
24,1705050900,92850,1736173,7570,928,3977,-255,271,-1512,-36,282,467,22556,0.4788,forrageando
24,1705051200,92987,1736163,4087,681,3948,979,-511,-414,143,-107,660,65475,0.5968,forrageando
24,1705051500,92953,1736174,3720,522,3929,2629,-289,792,158,-227,619,27961,0.4065,forrageando
24,1705051800,92942,1736144,3142,486,3927,67,441,-560,-261,-256,-149,28183,0.5016,forrageando
24,1705052100,92897,1736158,5105,721,3947,1524,-1927,-704,968,-576,1,51215,0.5511,forrageando
24,1705052400,92911,1736173,3300,506,3992,-1335,2351,888,-141,-687,-290,24557,0.4311,forrageando
24,1705052700,92957,1736292,7741,1068,3900,1858,794,-441,389,520,-9,5923,0.4983,forrageando
24,1705053000,92927,1736208,7425,1002,3991,1895,-727,696,-115,48,138,61088,0.7116,forrageando
24,1705053300,92964,1736198,5315,790,3909,-7257,-1361,-1646,-380,99,35,5496,0.4122,forrageando
24,1705053600,92899,1736152,7301,985,3937,-67,196,-477,-214,115,-62,229,0.6226,forrageando
24,1705053900,92890,1736158,6286,845,3904,1569,1160,-27,470,1181,-646,16979,0.5132,forrageando
24,1705054200,92889,1736169,7465,941,3924,3388,-1833,105,215,373,600,20015,0.5192,forrageando
24,1705054500,92897,1736192,3991,591,3961,-226,-5078,-641,89,-190,482,33440,0.5765,forrageando
24,1705054800,92882,1736181,2214,439,3937,3586,-2103,-1658,765,166,142,12503,0.4667,forrageando
24,1705055100,92870,1736331,6267,754,3991,-1636,3133,-2022,-166,-49,233,46458,0.5822,forrageando
24,1705055400,92843,1736352,4434,589,3975,-1695,-1717,-1528,86,23,61,48093,0.5747,forrageando
24,1705055700,92818,1736356,6201,786,3997,-2026,-2060,-1396,-235,-200,142,51411,0.5103,forrageando
24,1705056000,92805,1736351,5193,691,3901,-1500,563,-1603,-901,-116,-94,14946,0.6121,forrageando
24,1705056300,92763,1736326,2590,366,3955,4074,-3665,-452,-1133,58,-426,7803,0.6332,forrageando
24,1705056600,92789,1736309,4004,532,3925,-3343,-48,-747,-52,556,-37,18862,0.5804,forrageando
24,1705056900,92767,1736330,7045,904,3985,-368,857,-487,716,-435,-279,7674,0.5135,forrageando
24,1705057200,92746,1736329,3486,547,3969,-1377,-756,-1511,-45,52,-9,33311,0.5495,forrageando
24,1705057500,92785,1736319,5102,721,3947,-620,1037,-1260,183,-551,352,20257,0.5595,forrageando
24,1705057800,92787,1736281,2817,428,3904,-653,5814,270,-1095,-394,214,27691,0.4786,forrageando
24,1705058100,92833,1736278,3301,565,3929,2752,3864,-185,-273,157,351,29214,0.5189,forrageando
24,1705058400,92829,1736295,4988,771,3909,-2644,2175,-1961,0,-452,569,21504,0.3746,forrageando
24,1705058700,92720,1736220,5668,853,3974,2942,-1494,-2582,-108,-593,166,45777,0.4141,forrageando
24,1705059000,92688,1736265,2225,429,3952,-247,23,616,360,495,-73,49772,0.4799,forrageando
24,1705059300,92774,1736282,4368,536,3930,1666,-1620,-1370,670,86,-216,36658,0.4069,forrageando
24,1705059600,92814,1736328,7331,1010,3941,-302,-445,-1993,872,141,-599,6585,0.5221,forrageando
24,1705059900,92833,1736324,4780,623,3962,1218,36,-861,-476,-909,-104,7626,0.5583,forrageando
24,1705060200,92820,1736313,5540,803,3973,-2111,-1538,-860,475,-556,-504,32735,0.4955,forrageando
24,1705060500,92912,1736269,3291,498,3968,-836,6220,-430,196,-456,-271,48115,0.627,forrageando
24,1705060800,92927,1736317,6594,954,3963,-215,464,-247,-295,190,-203,10420,0.4397,forrageando
24,1705061100,92931,1736277,7932,918,3996,253,1646,-114,205,-562,-310,38827,0.5289,forrageando
24,1705061400,92956,1736273,6731,869,3906,-1171,2489,-1301,-307,-700,-268,3235,0.5066,forrageando
24,1705061700,92960,1736253,5536,711,3980,1145,2514,182,-716,534,307,23858,0.4178,forrageando
24,1705062000,92948,1736205,7362,907,3900,1944,-2719,-1081,416,141,305,45189,0.5197,forrageando
24,1705062300,92960,1736229,7128,937,3939,-2414,2671,-1641,-221,72,161,61459,0.4443,forrageando
24,1705062600,92999,1736197,5202,663,3946,2686,-3918,-254,-174,100,249,59962,0.4275,forrageando
24,1705062900,92987,1736148,3676,507,3915,4342,-2446,-30,266,609,91,64367,0.4848,forrageando
24,1705063200,93062,1736197,4410,649,3917,-545,-2731,-997,-946,493,-233,44045,0.3612,forrageando
24,1705063500,93127,1736208,4074,592,3900,1812,-728,-1406,120,-121,-191,12519,0.4824,forrageando
24,1705063800,93190,1736170,5438,766,3998,256,818,-647,165,-1049,-252,48973,0.4666,forrageando
24,1705064100,93172,1736181,2545,515,3978,-881,-2648,-1400,-672,388,243,20150,0.5236,forrageando
24,1705064400,93158,1736180,3013,477,3933,410,-2016,-2234,348,-362,153,51479,0.4554,forrageando
24,1705064700,93197,1736230,5344,704,3915,-483,934,-2026,735,826,102,44119,0.4349,forrageando
24,1705065000,93184,1736200,4211,649,3948,421,986,-1527,-208,-489,428,52824,0.4753,forrageando
24,1705065300,93178,1736314,2393,350,3996,-389,4376,-2330,1081,347,-129,6135,0.3758,forrageando
24,1705065600,93144,1736307,7516,962,3920,-289,-2172,-1869,400,-19,-923,52022,0.3604,forrageando
24,1705065900,93104,1736300,5940,859,3990,132,-69,-310,310,297,-24,55347,0.2818,forrageando
24,1705066200,93172,1736194,5124,675,3968,-2025,1196,-1354,-39,-372,-59,35456,0.335,forrageando
24,1705066500,93259,1736099,4012,547,3964,1102,1326,222,-146,289,63,20766,0.3708,forrageando
24,1705066800,93165,1736069,7785,963,3988,3709,-1099,-1520,490,504,-124,13254,0.3612,forrageando
24,1705067100,93144,1736089,2478,382,3907,355,1021,-3827,-587,-1223,-27,1787,0.3477,forrageando
24,1705067400,93307,1736098,7173,919,3922,-213,-4543,-2266,-482,581,-556,9493,0.3546,forrageando
24,1705067700,93182,1736069,6927,874,3980,-608,-1671,1624,175,835,-464,59202,0.3914,forrageando
24,1705068000,93270,1736082,6799,877,3956,2337,1675,192,321,572,200,7695,0.3944,forrageando
24,1705068300,93270,1736237,4042,609,3915,-2360,2272,-2145,134,-501,-287,53621,0.4025,forrageando
24,1705068600,93189,1736261,2314,418,3926,1174,197,-1038,-279,187,-533,4192,0.5502,forrageando
24,1705068900,93178,1736249,3617,571,3962,3175,-594,-622,-757,593,187,64863,0.3558,forrageando
24,1705069200,93126,1736313,6535,854,3998,673,-1203,-406,-66,81,534,9107,0.484,forrageando
24,1705069500,93084,1736276,5309,799,3998,-1364,-2510,-2112,-240,545,-218,42971,0.4987,forrageando
24,1705069800,93112,1736266,2282,365,3921,599,274,-994,43,269,-191,11319,0.4794,forrageando
24,1705070100,93167,1736320,4765,748,3934,-1892,1082,-1224,354,-615,386,56746,0.4002,forrageando
24,1705070400,93181,1736358,7381,896,3969,-436,1637,-551,-594,-341,-304,58932,0.3698,forrageando
24,1705070700,93242,1736377,2239,427,3963,-688,-2025,-2209,-480,-68,11,5632,0.3293,forrageando
24,1705071000,93333,1736500,7877,997,3956,935,-2137,-1943,86,705,436,51756,0.4345,forrageando
24,1705071300,93362,1736583,2493,492,3918,75,1242,-1906,21,626,-145,52165,0.4009,forrageando
24,1705071600,93393,1736601,3401,525,3942,1713,-2592,-1382,-750,-41,113,12175,0.4031,forrageando
24,1705071900,93396,1736684,9119,1123,3997,-1341,2227,-147,278,193,90,9014,0.4066,forrageando
24,1705072200,93280,1736683,7259,914,3904,3705,551,-1023,-471,-32,-85,61526,0.2634,forrageando
24,1705072500,93250,1736648,3958,598,3954,4205,1463,-1858,-623,-278,-309,38470,0.4318,forrageando
24,1705072800,93243,1736580,5315,733,3984,712,2935,-1955,253,-20,-77,51506,0.4164,forrageando
24,1705073100,93157,1736533,7130,866,3911,2703,1145,-1260,-869,462,-208,52252,0.4231,forrageando
24,1705073400,93173,1736543,3291,481,3967,1618,-1918,-557,187,-291,19,1260,0.4209,forrageando
24,1705073700,93208,1736559,2943,417,3981,1723,-885,-1461,-281,32,529,29339,0.2881,forrageando
24,1705074000,93048,1736579,2695,413,3997,-717,-1717,-1899,176,614,-77,21653,0.3713,forrageando
24,1705074300,93121,1736481,4970,752,3984,-2057,696,-1231,39,39,-330,18458,0.2757,forrageando
24,1705074600,93208,1736607,4536,627,3957,-110,1060,184,-723,-32,191,56168,0.3285,forrageando
24,1705074900,93096,1736719,6510,879,3977,-1470,-1808,-2146,860,694,12,6644,0.3515,forrageando
24,1705075200,93112,1736703,5308,791,3924,-436,2534,-922,-40,-535,-151,26852,0.25,forrageando
24,1705075500,93119,1736626,4215,592,3961,-23,753,-3059,454,309,347,5771,0.3283,forrageando
24,1705075800,93209,1736753,4986,718,3915,232,489,-91,411,599,-277,49366,0.2398,forrageando
24,1705076100,93181,1736817,3627,489,3923,-270,872,-587,-194,881,171,39267,0.2166,forrageando
24,1705076400,93242,1736799,2410,407,3981,-108,57,-1050,-175,438,-641,57124,0.2892,forrageando
24,1705076700,93183,1736919,3442,529,3923,-374,-2707,-614,-508,-729,-36,59310,0.2649,forrageando
24,1705077000,93123,1737004,5828,728,3938,-1581,1869,406,-636,130,35,20267,0.2994,forrageando
24,1705077300,93246,1737065,5770,722,3956,-682,-1389,-1809,-338,-4,53,3333,0.354,forrageando
24,1705077600,93143,1737079,1665,2208,3912,-351,-882,-954,82,24,-5,14048,0.2459,busca
24,1705077900,93139,1736980,3031,1825,3996,937,-613,-412,-131,23,50,15782,0.35,busca
24,1705078200,93103,1736816,401,2401,3912,1315,75,286,71,41,103,10664,0.3488,transitando
24,1705078500,93073,1736687,384,2431,3996,1092,-439,153,185,-31,-21,53203,0.2616,transitando
24,1705078800,93163,1736658,348,2416,3923,600,-233,-274,26,-71,106,27003,0.2785,transitando
24,1705079100,93258,1736565,200,2436,3977,679,203,-219,38,6,90,13402,0.2754,transitando
24,1705079400,93176,1736545,362,2419,3936,633,11,254,63,11,-10,12062,0.3965,transitando
24,1705079700,93271,1736536,293,2449,3902,1112,437,-144,232,0,6,15323,0.3653,transitando
24,1705080000,93320,1736609,490,2421,3984,537,452,73,-53,108,15,2458,0.3188,transitando
24,1705080300,93435,1736584,352,2369,3900,1840,-166,-355,136,7,0,43727,0.3343,transitando
24,1705080600,93328,1736635,309,2479,3970,2051,24,250,86,0,-29,35639,0.3133,transitando
24,1705080900,93282,1736525,243,2370,3912,1108,-418,-323,-15,-61,11,57233,0.3727,transitando
24,1705081200,93355,1736558,338,2433,3912,622,-266,261,-47,40,-54,19842,0.4122,transitando
24,1705081500,93295,1736572,131,2471,3902,776,112,-265,-108,-139,-76,31130,0.3199,transitando
24,1705081800,93284,1736682,100,2346,3948,1124,-39,-304,-128,-14,-65,6254,0.3207,transitando
24,1705082100,93381,1736737,284,2428,3938,1637,140,-210,203,83,74,17607,0.2108,transitando
24,1705082400,93288,1736765,140,2544,3943,695,29,44,19,228,6,47938,0.3031,transitando
24,1705082700,93312,1736647,243,2422,3969,297,-367,-200,30,125,15,43514,0.3048,transitando
24,1705083000,93433,1736596,293,2442,3991,1205,-393,-94,-37,43,35,52088,0.3479,transitando
24,1705083300,93291,1736566,435,2472,3921,945,-107,181,205,10,-84,64465,0.3036,transitando
24,1705083600,93413,1736594,149,2525,3933,523,241,10,-134,-82,-5,52798,0.2511,transitando
24,1705083900,93493,1736513,439,2506,3931,692,72,1,-10,22,-62,33222,0.2956,transitando
24,1705084200,93400,1736497,59,2503,3969,301,42,-56,96,-152,3,38471,0.1961,transitando
24,1705084500,93291,1736546,326,2538,3904,1180,92,-138,119,-2,83,23485,0.3013,transitando
24,1705084800,93204,1736484,432,2419,3986,1169,473,192,19,-54,8,12914,0.3433,transitando
24,1705085100,93243,1736406,479,2560,3904,924,109,120,210,-13,100,21099,0.1461,transitando
24,1705085400,93331,1736353,123,2518,3928,1008,-2,46,121,115,-9,3781,0.3174,transitando
24,1705085700,93253,1736316,89,2463,3958,986,-290,-29,79,-233,-54,31099,0.3279,transitando
24,1705086000,93135,1736427,108,2441,3899,987,-390,268,-91,-9,26,3715,0.2965,transitando
24,1705086300,93262,1736465,320,2496,3932,919,-516,-220,13,-76,42,53793,0.3434,transitando
24,1705086600,93293,1736606,475,2402,3925,1537,-281,115,64,-58,-14,33142,0.2428,transitando
24,1705086900,93299,1736719,413,2355,3950,385,85,161,190,-148,19,53929,0.3563,transitando
24,1705087200,93277,1736670,167,2496,3932,214,-288,64,24,35,-33,33758,0.337,transitando
24,1705087500,93219,1736581,484,2336,3925,885,133,2,-31,-52,-52,10545,0.2509,transitando
24,1705087800,93327,1736480,119,2507,3967,1436,-168,26,19,85,32,51573,0.3682,transitando
24,1705088100,93270,1736462,391,2418,3953,1125,-261,50,-77,-105,1,17288,0.4239,transitando
24,1705088400,93167,1736447,512,2417,3963,1172,47,79,4,-87,2,21337,0.2966,transitando
24,1705088700,93148,1736576,51,2494,3989,1436,-76,-45,-20,46,33,37404,0.2896,transitando
24,1705089000,93206,1736488,366,2380,3943,1958,-552,98,-83,222,3,63903,0.3895,transitando
24,1705089300,93144,1736546,84,2473,3917,1348,-144,-168,-124,-173,97,56988,0.2461,transitando
24,1705089600,93251,1736506,393,2406,3950,707,470,181,43,-38,-64,2758,0.1859,transitando
24,1705089900,93243,1736387,203,2438,3943,1071,298,-138,21,-140,32,9592,0.4022,transitando
24,1705090200,93184,1736341,315,2428,3913,1538,-163,11,-211,26,78,44062,0.2365,transitando
24,1705090500,93342,1736318,408,2460,3930,1866,-26,-61,-81,-10,0,50762,0.351,transitando
24,1705090800,93243,1736280,280,2476,3994,16,238,55,94,0,6,50387,0.3753,transitando
24,1705091100,93189,1736313,85,2465,3936,1518,-10,27,102,-82,136,36278,0.1853,transitando
24,1705091400,93091,1736399,422,2435,3969,1450,177,325,23,137,-15,54496,0.3566,transitando
24,1705091700,93200,1736371,480,2336,3968,112,529,1,139,-40,-32,24462,0.2856,transitando
24,1705092000,93282,1736443,289,2485,3993,435,456,80,87,78,70,63412,0.2627,transitando
24,1705092300,93387,1736469,463,2410,3911,1000,60,-260,-8,-25,43,41884,0.4498,transitando
24,1705092600,93408,1736540,367,2417,3972,527,211,250,-16,40,96,5142,0.3129,transitando
24,1705092900,93461,1736654,82,2507,3984,1436,120,-11,132,-119,18,60926,0.3335,transitando
24,1705093200,93343,1736684,311,2396,3901,445,125,122,27,245,17,1586,0.3934,transitando
24,1705093500,93289,1736721,84,2498,3907,415,628,-114,150,-44,-28,43540,0.1827,transitando
24,1705093800,93337,1736795,84,2421,3913,1608,770,-323,96,-26,44,15030,0.4187,transitando
24,1705094100,93303,1736830,127,2530,3970,1489,-35,-224,-49,-31,69,51717,0.3315,transitando
24,1705094400,93201,1736748,124,2488,3993,1978,63,11,34,-121,-17,54121,0.3661,transitando
24,1705094700,93183,1736658,268,2468,3934,1838,183,113,-52,132,45,30319,0.2717,transitando
24,1705095000,93287,1736626,253,2427,3931,825,-160,-110,140,-10,48,6300,0.2968,transitando
24,1705095300,93197,1736567,409,2409,3984,842,87,-74,-20,80,-54,47185,0.2805,transitando
24,1705095600,93297,1736582,124,2507,3938,774,-291,-28,53,-247,-120,37411,0.2316,transitando
24,1705095900,93413,1736649,221,2452,3977,1417,91,-136,161,-1,126,24030,0.443,transitando
24,1705096200,93361,1736566,222,2456,3949,1719,-88,461,78,-120,1,60441,0.2593,transitando
24,1705096500,93442,1736655,269,2418,3915,531,297,115,-17,163,35,27197,0.3601,transitando
24,1705096800,93499,1736656,363,2452,3928,1649,326,-119,-73,-13,-49,7750,0.4205,transitando
24,1705097100,93522,1736567,321,2441,3976,1668,-440,282,-16,56,51,45139,0.3245,transitando
24,1705097400,93613,1736610,124,2457,3925,1076,246,137,94,-2,-26,39721,0.4349,transitando
24,1705097700,93665,1736554,67,2475,3949,945,-398,-46,-49,-98,34,7156,0.3097,transitando
24,1705098000,93566,1736663,387,2432,3953,2196,-68,-110,52,37,41,4863,0.3131,transitando
24,1705098300,93608,1736567,189,2387,3945,973,56,271,-116,205,-57,3689,0.314,transitando
24,1705098600,93475,1736502,457,2414,3950,1686,86,-48,46,-2,40,52095,0.3761,transitando
24,1705098900,93507,1736433,226,2413,3962,553,205,408,4,303,-35,51329,0.4362,transitando
24,1705099200,93440,1736332,233,2407,3954,519,621,-126,-19,-55,-7,37224,0.3678,transitando
24,1705099500,93529,1736329,467,2426,3983,227,54,103,-51,267,-6,60263,0.4407,transitando
24,1705099800,93472,1736352,65,2478,3964,1338,18,-141,15,0,33,49507,0.3463,transitando
24,1705100100,93465,1736464,366,2404,3992,1465,-617,66,47,-33,22,22642,0.425,transitando
24,1705100400,93541,1736419,131,2547,3936,391,159,139,-56,112,45,42653,0.2561,transitando
24,1705100700,93559,1736286,121,2452,3937,815,146,-49,101,113,-145,61833,0.2875,transitando
24,1705101000,93596,1736178,284,2395,3923,651,54,189,-18,95,28,18012,0.3758,transitando
24,1705101300,93670,1736200,71,2477,3993,1183,-65,242,110,220,-66,54391,0.307,transitando
24,1705101600,93665,1736303,422,2382,3968,954,131,6,-105,-2,21,39649,0.3072,transitando
24,1705101900,93593,1736379,300,2344,3963,1195,-18,-328,-126,-94,-9,62080,0.3091,transitando
24,1705102200,93680,1736263,188,2400,3988,1471,380,178,13,-116,63,59848,0.2899,transitando
24,1705102500,93757,1736183,164,2404,3958,291,-57,-135,8,-14,21,7366,0.3904,transitando
24,1705102800,93750,1736292,223,2400,3960,1499,-264,27,6,220,4,41513,0.473,transitando
24,1705103100,93762,1736235,176,2583,3903,785,-4,-268,-121,2,68,24727,0.3558,transitando
24,1705103400,93827,1736201,339,2360,3964,861,432,-75,-44,76,-38,42011,0.2693,transitando
24,1705103700,93756,1736264,278,2478,3960,1211,-283,92,-84,11,-6,4955,0.3671,transitando
24,1705104000,93712,1736360,295,2469,3918,1642,-80,-54,-94,-60,132,20590,0.3205,transitando
24,1705104300,93603,1736348,230,2556,3986,943,256,182,9,-130,50,62418,0.3365,transitando
24,1705104600,93621,1736478,190,2459,3903,220,-80,-68,-27,-30,25,24804,0.3622,transitando
24,1705104900,93544,1736447,258,2493,3911,2199,106,-109,189,39,-42,28212,0.4402,transitando
24,1705105200,93530,1736543,314,2478,3991,1761,-67,14,54,-143,-3,63981,0.3313,transitando
24,1705105500,93454,1736479,140,2562,3940,-271,-144,-48,70,-114,-1,61367,0.3863,transitando
24,1705105800,93377,1736550,342,2327,3984,875,181,308,191,304,29,29623,0.5291,transitando
24,1705106100,93374,1736567,445,2327,3992,2073,158,364,25,63,70,37856,0.3971,transitando
24,1705106400,93354,1736504,412,2446,3903,1817,415,-261,-48,-134,-12,41240,0.4051,transitando
24,1705106700,93274,1736528,323,2417,3920,1562,280,263,-106,-68,34,10136,0.2632,transitando
24,1705107000,93357,1736611,355,2334,3992,-8,2,148,18,-64,-24,2404,0.4589,transitando
24,1705107300,93382,1736570,299,2376,3974,716,325,-178,138,-30,-105,3711,0.2983,transitando
24,1705107600,93479,1736512,423,2490,3920,1074,612,-130,-96,-208,-25,6342,0.3417,transitando
24,1705107900,93523,1736627,233,2425,3992,1155,-552,280,-133,159,-30,58878,0.3963,transitando
24,1705108200,93584,1736622,527,2324,3987,1403,-110,-328,-58,239,-40,14184,0.4337,transitando
24,1705108500,93677,1736649,300,2411,3914,845,-101,-291,-53,-116,-49,44622,0.4419,transitando
24,1705108800,93753,1736653,306,2383,3924,752,164,265,-127,47,37,24865,0.348,transitando
24,1705109100,93765,1736548,167,2407,3980,527,287,29,-95,-170,116,40149,0.441,transitando
24,1705109400,93739,1736613,210,2458,3949,567,-372,39,-74,56,-98,9852,0.4131,transitando
24,1705109700,93686,1736722,390,2447,3989,448,-477,-62,140,-107,38,50230,0.3823,transitando
24,1705110000,93727,1736659,436,2306,3915,1427,-112,148,149,-187,-5,21427,0.309,transitando
24,1705110300,93758,1736549,255,2400,3978,1002,-161,11,-34,-23,-82,5838,0.3377,transitando
24,1705110600,93813,1736645,258,2472,3992,722,155,-129,-97,21,-16,54883,0.471,transitando
24,1705110900,93890,1736706,337,2462,3957,760,110,261,-1,9,-98,470,0.259,transitando
24,1705111200,93779,1736720,274,2518,3930,1063,-262,312,-119,-178,-22,62440,0.3269,transitando
24,1705111500,93896,1736678,376,2359,3953,1060,-28,-217,-164,89,-12,11799,0.4615,transitando
24,1705111800,93984,1736611,169,2507,3967,621,-48,-120,118,-16,4,9206,0.2586,transitando
24,1705112100,94043,1736712,289,2481,3928,622,338,270,39,-111,-9,35281,0.4135,transitando
24,1705112400,94069,1736637,307,2486,3933,1593,-729,-272,-46,158,75,53781,0.4178,transitando
24,1705112700,93970,1736562,204,2412,3903,1317,-373,31,-6,129,-33,40734,0.5014,transitando
24,1705113000,93983,1736591,490,2428,3930,1111,326,-24,-55,64,-55,12592,0.4283,transitando
24,1705113300,93950,1736669,486,2369,3949,835,340,-71,32,102,-70,20384,0.4079,transitando
24,1705113600,93998,1736660,443,2440,3922,-356,-27,54,115,2,-66,36086,0.4156,transitando
24,1705113900,93996,1736733,147,2430,3945,793,84,121,-186,86,-104,22159,0.5578,transitando
24,1705114200,93978,1736750,120,2507,3971,75,494,125,8,78,-26,52392,0.6585,transitando
24,1705114500,93967,1736728,401,2385,3969,1724,787,-273,152,-39,21,52364,0.3449,transitando
25,1705028400,193671,-406429,661,2340,3900,-1454,71,-169,247,159,-123,56352,0.286,busca
25,1705028700,193782,-406468,1611,2205,3920,414,-299,-83,195,-90,-75,52006,0.26,busca
25,1705029000,193862,-406471,838,2375,3946,-44,152,-63,-189,135,-44,41914,0.3398,busca
25,1705029300,193990,-406572,366,2409,3998,154,420,-121,-50,22,79,38133,0.4771,busca
25,1705029600,193952,-406609,1008,2414,3993,470,-131,-1194,252,108,146,39771,0.3624,busca
25,1705029900,193900,-406498,1791,2213,3940,1113,-955,-724,122,-140,13,19172,0.2953,busca
25,1705030200,193965,-406429,452,2435,3949,-123,-388,472,-195,-219,6,9192,0.4524,busca
25,1705030500,193900,-406442,372,2394,3944,509,771,278,260,58,-89,51996,0.5252,busca
25,1705030800,193912,-406447,516,2394,3982,1020,301,-808,-101,-60,5,61142,0.3566,busca
25,1705031100,193953,-406352,1668,2228,3903,759,120,-290,52,-61,-13,62155,0.4519,busca
25,1705031400,194028,-406318,609,2429,3939,-27,549,-227,-99,568,33,584,0.47,busca
25,1705031700,194037,-406275,1047,2252,3990,0,-85,-61,-126,159,82,13047,0.3414,busca
25,1705032000,194017,-406351,2006,1955,3943,362,564,-382,243,64,-133,24881,0.5039,busca
25,1705032300,194035,-406350,1459,2156,3901,-429,927,-1122,-356,-44,-149,43495,0.4674,busca
25,1705032600,194077,-406322,1753,2180,3998,480,-333,-15,-170,17,-111,29261,0.4783,busca
25,1705032900,194082,-406363,1418,2217,3932,627,-671,-107,647,16,64,42091,0.2708,busca
25,1705033200,194159,-406370,876,2363,3969,-122,-683,-9,73,24,59,24746,0.4577,busca
25,1705033500,194210,-406385,1914,2185,3931,1395,-1374,-614,344,-114,-65,31007,0.4486,busca
25,1705033800,194164,-406316,1756,2212,3956,-950,197,-675,230,187,296,53758,0.4739,busca
25,1705034100,194137,-406366,1312,2276,3901,1082,829,106,-23,-209,-153,36714,0.3978,busca
25,1705034400,194084,-406410,1639,2183,3986,107,-371,-157,-360,-77,-131,45695,0.5109,busca
25,1705034700,194092,-406397,1138,2365,3926,1688,27,-567,-100,153,-356,49167,0.4847,busca
25,1705035000,194033,-406400,1499,2212,3982,287,32,-303,67,-252,-101,26357,0.3298,busca
25,1705035300,193962,-406449,1645,2142,3985,-412,886,-1258,404,-135,179,58289,0.5376,busca
25,1705035600,193959,-406505,2041,2083,3972,-154,743,72,-106,-1,173,47182,0.5821,busca
25,1705035900,193945,-406525,1835,2076,3908,-582,-1453,-737,35,-101,-16,11794,0.4142,busca
25,1705036200,193937,-406469,1304,2199,3995,3166,-720,-724,-73,289,-308,37832,0.4292,busca
25,1705036500,193859,-406484,1044,2327,3995,1778,-1729,-1026,-48,29,291,6875,0.501,busca
25,1705036800,193868,-406471,388,2358,3964,1575,779,518,-303,-373,65,19077,0.4969,busca
25,1705037100,193851,-406563,475,2433,3916,186,315,-111,32,28,-80,40307,0.4595,busca
25,1705037400,193885,-406522,1313,2230,3972,1049,-545,527,-223,-14,22,53734,0.4128,busca
25,1705037700,193877,-406457,747,2257,3943,1311,-1259,-1110,321,147,83,20521,0.3459,busca
25,1705038000,193904,-406626,1714,2192,3941,1788,-796,-542,-112,-218,-112,24098,0.522,busca
25,1705038300,193895,-406609,1398,2210,3969,1149,625,-517,142,-64,282,20212,0.5567,busca
25,1705038600,193909,-406607,1296,2134,3916,-227,-1384,-45,97,-366,24,28483,0.3506,busca
25,1705038900,193860,-406601,536,2439,3905,482,113,-383,-156,-161,135,7883,0.55,busca
25,1705039200,193879,-406581,1830,2090,3942,300,-177,-453,-310,-302,135,2830,0.5927,busca
25,1705039500,193882,-406593,522,2327,3935,642,795,-1036,-46,110,9,50085,0.5804,busca
25,1705039800,193892,-406620,1549,2142,3966,177,576,-1064,-19,-18,93,23225,0.5202,busca
25,1705040100,193926,-406626,1146,2262,3908,94,-1221,-402,-116,396,137,30228,0.6394,busca
25,1705040400,193918,-406617,725,2296,3900,-411,798,-846,22,-89,-42,37760,0.4474,busca
25,1705040700,193880,-406625,1691,2193,3983,191,132,-269,-22,129,-117,12266,0.573,busca
25,1705041000,193889,-406643,551,2358,3967,2049,61,-156,-112,-173,-154,14798,0.4976,busca
25,1705041300,193808,-406540,556,2336,3998,1139,-1734,-1536,76,33,-7,58739,0.4534,busca
25,1705041600,193871,-406529,1266,2205,3928,670,-106,-415,151,-130,139,47702,0.5323,busca
25,1705041900,193875,-406507,1643,2135,3969,1491,262,-1329,-43,-18,80,45431,0.4302,busca
25,1705042200,193834,-406523,1688,2106,3983,-59,249,-812,-375,-44,-54,41641,0.5035,busca
25,1705042500,193855,-406513,991,2257,3961,-386,-667,-777,-44,145,-124,37584,0.5578,busca
25,1705042800,193899,-406501,1313,2308,3899,677,186,-298,197,-116,-80,60574,0.5957,busca
25,1705043100,193913,-406536,466,2503,3941,465,1128,-3286,451,290,490,16824,0.6437,forrageando
25,1705043400,193921,-406508,829,2334,3905,-2391,-2166,179,-273,604,-576,24657,0.4686,forrageando
25,1705043700,193933,-406572,400,2368,3918,-2035,-520,-1479,-403,452,-588,12344,0.5489,forrageando
25,1705044000,193944,-406594,272,2448,3954,1535,2096,-1248,401,18,42,60729,0.3893,forrageando
25,1705044300,193923,-406675,842,2276,3996,-4342,1637,-2554,-57,384,39,63089,0.5103,forrageando
25,1705044600,193887,-406672,393,2238,3940,-965,567,-2047,557,-1,277,1652,0.5642,forrageando
25,1705044900,193886,-406678,1021,2348,3936,3140,-3409,-277,-934,-33,-266,53691,0.547,forrageando
25,1705045200,193871,-406683,422,2384,3962,562,-3162,-1805,472,113,-234,8236,0.5397,forrageando
25,1705045500,193878,-406669,253,2493,3928,-136,760,366,452,63,736,52187,0.3139,forrageando
25,1705045800,193923,-406587,654,2416,3903,3245,-2156,-2517,-582,260,-410,22366,0.4342,forrageando
25,1705046100,193851,-406576,1278,2270,3981,244,-86,-207,261,171,-277,16002,0.5212,forrageando
25,1705046400,193869,-406578,661,2383,3908,2519,-1118,-183,544,-310,216,20722,0.4859,forrageando
25,1705046700,193877,-406641,706,2396,3948,-1054,-1498,-2383,293,-390,325,28328,0.5768,forrageando
25,1705047000,193898,-406637,1443,2164,3908,3748,-1932,-655,840,-654,548,61089,0.5483,forrageando
25,1705047300,193900,-406633,775,2295,3933,-2748,2611,452,-165,-473,-303,65269,0.4897,forrageando
25,1705047600,193816,-406586,1346,2231,3922,-4022,-3049,-2371,29,593,-187,63973,0.5177,forrageando
25,1705047900,193836,-406611,945,2327,3990,-3414,794,-2479,430,-651,95,21265,0.5268,forrageando
25,1705048200,193854,-406622,1183,2198,3934,631,-1073,-2458,-72,128,-268,49178,0.4921,forrageando
25,1705048500,193887,-406583,1741,2167,3988,1092,-2845,-357,83,-591,-159,27343,0.6165,forrageando
25,1705048800,193914,-406528,1078,2258,3956,2642,-3966,-1289,-259,367,-353,39002,0.4474,forrageando
25,1705049100,193870,-406579,412,2425,3953,119,50,169,-713,133,-669,30095,0.482,forrageando
25,1705049400,193887,-406563,1164,2269,3919,1633,348,-1706,-275,479,-188,53407,0.3866,forrageando
25,1705049700,193927,-406451,1333,2274,3996,-3660,3187,-1832,-354,-299,73,4571,0.5351,forrageando
25,1705050000,193939,-406461,1991,2169,3902,-449,436,-1118,339,608,-231,1003,0.5163,forrageando
25,1705050300,193931,-406441,586,2294,3926,2924,1805,-1038,-269,-1013,51,32237,0.4927,forrageando
25,1705050600,193946,-406337,2456,417,3978,2081,2679,266,584,101,-229,44084,0.5034,forrageando
25,1705050900,193978,-406387,1369,2154,3973,-2549,388,-1725,-372,545,613,47229,0.5176,forrageando
25,1705051200,193943,-406412,1482,2135,3957,2473,-293,998,160,-81,-444,38822,0.4074,forrageando
25,1705051500,193905,-406414,1767,2141,3903,874,662,-1918,493,680,-113,21234,0.5478,forrageando
25,1705051800,193921,-406402,486,2375,3905,810,1498,-2068,117,199,-260,26758,0.5164,forrageando
25,1705052100,193928,-406401,2747,426,3998,-1054,-1075,-1000,105,-624,192,31337,0.6487,forrageando
25,1705052400,193921,-406416,1063,2319,3960,-2097,-1656,-699,151,-346,-481,50415,0.6611,forrageando
25,1705052700,193937,-406436,1589,2226,3932,356,-1008,233,198,598,-93,20599,0.5035,forrageando
25,1705053000,193923,-406402,3126,472,3950,166,1004,-940,454,177,-236,32133,0.4704,forrageando
25,1705053300,193938,-406425,1938,2163,3988,-3240,1394,-1288,-90,-415,626,38478,0.5912,forrageando
25,1705053600,193959,-406441,1308,2183,3901,-249,-692,515,-185,43,215,26281,0.4347,forrageando
25,1705053900,193962,-406461,1750,2179,3970,902,-1093,-52,-111,444,-573,55642,0.5379,forrageando
25,1705054200,194005,-406454,2836,506,3927,-127,-3038,-3109,-590,473,102,48958,0.5521,forrageando
25,1705054500,193989,-406434,1076,2297,3964,1037,3107,-1019,-630,-83,-201,56367,0.6803,forrageando
25,1705054800,193992,-406428,2713,545,3991,-3689,2137,-1958,558,77,-222,2684,0.6081,forrageando
25,1705055100,193966,-406370,550,2396,3924,-6182,1338,818,997,244,-266,29973,0.4878,forrageando
25,1705055400,193992,-406336,2879,412,3936,3198,3249,-941,-22,97,-158,56246,0.4713,forrageando
25,1705055700,193982,-406434,728,2431,3980,-1567,555,567,-241,-27,-559,9216,0.5761,forrageando
25,1705056000,193991,-406495,1984,2147,3997,-1622,-1775,-2125,303,-1186,-534,11005,0.535,forrageando
25,1705056300,193966,-406495,1237,2297,3969,58,-2580,-1021,-459,-719,92,48881,0.4973,forrageando
25,1705056600,193860,-406505,3052,494,3929,-3023,-1695,1052,393,378,-130,28703,0.5598,forrageando
25,1705056900,193841,-406499,1582,2277,3934,477,284,-1883,933,205,321,26901,0.4246,forrageando
25,1705057200,193794,-406535,2825,500,3967,61,226,-1864,362,-417,65,34790,0.5465,forrageando
25,1705057500,193773,-406563,1298,2319,3956,960,831,-1270,-113,1143,369,36167,0.5354,forrageando
25,1705057800,193770,-406576,2301,410,3962,2709,-3338,-448,666,-188,-248,57048,0.4661,forrageando
25,1705058100,193674,-406592,1547,2158,3926,809,-815,-2236,-335,-107,-141,34388,0.6345,forrageando
25,1705058400,193682,-406554,2071,393,3963,-768,-2353,-1288,388,17,-340,24939,0.458,forrageando
25,1705058700,193711,-406588,2928,416,3987,-691,-60,-804,-320,374,211,24275,0.458,forrageando
25,1705059000,193854,-406598,2923,476,3942,4343,-1418,-1319,3,-262,196,26140,0.5736,forrageando
25,1705059300,193831,-406628,2453,431,3920,499,617,326,439,159,48,64728,0.5325,forrageando
25,1705059600,193827,-406645,1368,2265,3938,1308,-578,-1846,-175,-261,118,49004,0.3546,forrageando
25,1705059900,193812,-406607,1864,2141,3997,-3232,763,-1771,-242,-775,-227,28845,0.3948,forrageando
25,1705060200,193758,-406644,1308,2180,3966,-628,-1211,-558,227,708,71,55500,0.4435,forrageando
25,1705060500,193784,-406565,1137,2260,3899,-1028,1156,1166,-74,331,186,25015,0.4722,forrageando
25,1705060800,193770,-406514,2518,473,3980,837,919,-1173,-1,144,23,37925,0.5395,forrageando
25,1705061100,193780,-406527,665,2341,3915,647,-1932,-1160,-339,-831,-113,42845,0.4395,forrageando
25,1705061400,193805,-406536,1042,2265,3910,82,-728,569,1499,-768,523,14028,0.4352,forrageando
25,1705061700,193750,-406486,628,2425,3997,3382,2914,-1412,-674,-256,-33,48305,0.4454,forrageando
25,1705062000,193839,-406381,1203,2259,3959,-908,3065,-1837,424,-96,-276,41741,0.4793,forrageando
25,1705062300,193883,-406374,1597,2143,3938,-3303,-1658,-1587,690,-630,2,31895,0.4789,forrageando
25,1705062600,193957,-406421,1658,2198,3919,-783,1905,356,-914,-540,-66,30637,0.4248,forrageando
25,1705062900,193985,-406454,990,2361,3939,-199,-427,-2596,-322,62,-185,25102,0.4116,forrageando
25,1705063200,193958,-406413,2301,406,3912,1319,71,-361,-89,475,-24,54873,0.5681,forrageando
25,1705063500,193917,-406414,1641,2095,3970,-656,-2472,-484,-127,-486,213,33911,0.5286,forrageando
25,1705063800,193947,-406392,2652,492,3980,2120,1273,-1462,-405,212,636,49658,0.404,forrageando
25,1705064100,193967,-406455,2037,431,3961,198,-2466,-1278,-55,174,-184,11564,0.4472,forrageando
25,1705064400,193880,-406518,1551,2286,3949,-722,-129,-1595,378,-234,382,53470,0.448,forrageando
25,1705064700,193929,-406567,642,2389,3957,196,4396,-1394,-179,261,79,20887,0.3939,forrageando
25,1705065000,193839,-406680,1453,2177,3973,-638,-1258,-733,-721,386,-255,28471,0.498,forrageando
25,1705065300,193878,-406663,1257,2251,3923,1085,-4105,-360,-266,-445,136,36473,0.3198,forrageando
25,1705065600,193892,-406764,2367,524,3968,1481,394,-2097,-1014,-1084,-153,841,0.3598,forrageando
25,1705065900,193868,-406795,503,2445,3923,-1300,304,-1182,-883,-715,330,17344,0.4102,forrageando
25,1705066200,193885,-406850,2059,408,3939,-1901,1697,-2389,-360,-207,23,11392,0.42,forrageando
25,1705066500,193873,-406780,1607,2192,3966,-1210,3827,-1140,-709,977,-432,14398,0.489,forrageando
25,1705066800,193841,-406734,2695,424,3965,-264,454,-1096,466,-199,-43,64055,0.3741,forrageando
25,1705067100,193869,-406835,1109,2228,3940,4181,1857,-668,-397,-403,484,42709,0.428,forrageando
25,1705067400,193798,-406867,575,2409,3954,2005,1568,1482,-225,573,123,48410,0.4513,forrageando
25,1705067700,193778,-406847,1861,2169,3971,-1228,1243,-2271,-137,359,137,26949,0.3508,forrageando
25,1705068000,193720,-406921,1418,2155,3950,2865,-186,-2733,-76,-702,-583,19408,0.3185,forrageando
25,1705068300,193552,-406947,3061,496,3996,-3055,-496,-998,492,640,-50,22516,0.2898,forrageando
25,1705068600,193595,-406954,2523,467,3925,1511,-2763,-2184,-656,-73,-238,46630,0.3436,forrageando
25,1705068900,193622,-406940,2045,434,3917,-871,5317,-1729,350,151,-222,61336,0.2856,forrageando
25,1705069200,193567,-406938,1280,2248,3960,-185,-2691,-1341,-579,-95,165,19864,0.4161,forrageando
25,1705069500,193521,-406895,772,2338,3903,-2080,-227,152,767,325,-131,4948,0.2687,forrageando
25,1705069800,193574,-406890,2038,440,3969,-255,-262,293,535,701,-247,25111,0.3461,forrageando
25,1705070100,193472,-406856,2574,406,3954,1182,79,-914,25,907,-183,34881,0.4011,forrageando
25,1705070400,193550,-406930,2311,330,3963,-58,3757,-1212,-5,359,217,4125,0.376,forrageando
25,1705070700,193628,-406979,2036,427,3919,265,62,343,184,879,331,59561,0.4497,forrageando
25,1705071000,193679,-406858,1873,2123,3935,-929,1579,-519,-1310,36,377,7086,0.3709,forrageando
25,1705071300,193636,-406902,2409,482,3936,346,1988,-1890,-767,90,-89,38423,0.3323,forrageando
25,1705071600,193704,-407078,629,2350,3908,91,-2921,-2628,-144,33,400,45938,0.3934,forrageando
25,1705071900,193763,-407119,1189,2210,3916,385,602,-381,-606,226,-266,42597,0.4646,forrageando
25,1705072200,193850,-407065,958,2307,3900,-661,-396,-1338,15,-521,-45,13406,0.3099,forrageando
25,1705072500,193839,-406939,3758,1762,3910,429,-478,-338,-199,88,72,32049,0.2908,busca
25,1705072800,193732,-406962,3385,1831,3939,-1101,250,-778,-54,271,-243,45994,0.3025,busca
25,1705073100,193675,-406995,1480,2256,3904,671,1417,-27,148,43,-5,8523,0.257,busca
25,1705073400,193713,-406926,2057,2010,3930,1783,305,761,-106,20,229,62179,0.3667,busca
25,1705073700,193663,-406932,2481,2038,3993,-939,524,-331,-245,138,25,5611,0.3834,busca
25,1705074000,193616,-406950,1682,2141,3901,1142,109,-836,22,-27,71,12514,0.2342,busca
25,1705074300,193544,-407104,3079,1942,3982,-1843,74,-1123,92,-76,-82,57919,0.3369,busca
25,1705074600,193458,-407192,3756,1744,3954,783,-760,9,-289,191,116,63794,0.367,busca
25,1705074900,193502,-407142,2648,1939,3910,-1082,-544,-439,5,345,-47,61868,0.2517,busca
25,1705075200,193558,-407117,4018,1687,3908,-289,-881,308,-122,-296,146,64214,0.334,busca
25,1705075500,193542,-407233,2452,1901,3993,1159,656,-661,-452,-76,104,36868,0.4781,busca
25,1705075800,193594,-407180,2509,1978,3900,1444,741,-925,-254,-150,-128,37487,0.4222,busca
25,1705076100,193594,-407256,310,2478,3900,389,-250,-156,-25,3,69,62510,0.3265,transitando
25,1705076400,193662,-407112,377,2450,3981,1330,-170,17,-61,-109,-1,17214,0.232,transitando
25,1705076700,193585,-407177,357,2509,3989,507,405,218,182,-39,-4,60391,0.3006,transitando
25,1705077000,193751,-407215,56,2440,3899,-56,128,334,-28,-27,-55,10837,0.4725,transitando
25,1705077300,193757,-407273,465,2419,3947,30,-373,-295,-73,41,-5,2384,0.2504,transitando
25,1705077600,193853,-407194,366,2420,3929,-207,192,39,43,61,-15,23082,0.347,transitando
25,1705077900,193902,-407273,292,2490,3939,653,-310,-80,120,90,46,18050,0.238,transitando
25,1705078200,193860,-407407,316,2431,3898,812,279,35,126,-132,19,16700,0.3011,transitando
25,1705078500,193899,-407532,329,2401,3989,613,-35,371,18,-57,-66,29204,0.2903,transitando
25,1705078800,193817,-407585,55,2563,3970,698,-100,-288,165,91,-58,16252,0.2543,transitando
25,1705079100,193783,-407679,243,2409,3910,844,338,-11,-44,25,8,36620,0.2482,transitando
25,1705079400,193718,-407727,475,2500,3927,1769,-120,-52,178,124,-63,12965,0.203,transitando
25,1705079700,193602,-407741,147,2479,3974,651,-22,156,55,-81,-33,52542,0.3059,transitando
25,1705080000,193553,-407832,406,2432,3907,1339,-409,-228,65,93,80,17704,0.2082,transitando
25,1705080300,193656,-407793,252,2475,3916,1903,433,358,138,-46,1,16516,0.2579,transitando
25,1705080600,193590,-407917,232,2465,3904,1340,153,-178,25,-135,-29,59865,0.2816,transitando
25,1705080900,193680,-407825,403,2423,3938,1015,165,288,54,46,-20,27566,0.2988,transitando
25,1705081200,193664,-407741,235,2391,3971,884,-209,-82,-90,-102,-6,38737,0.2312,transitando
25,1705081500,193810,-407748,236,2471,3929,814,-420,-141,2,-133,37,54027,0.3292,transitando
25,1705081800,193960,-407751,531,2443,3929,1516,376,-50,29,-3,3,31061,0.3381,transitando
25,1705082100,193887,-407700,514,2289,3982,1132,717,-259,129,49,3,38734,0.2093,transitando
25,1705082400,193954,-407838,364,2456,3904,350,647,269,-62,69,110,38942,0.1793,transitando
25,1705082700,194071,-407762,192,2487,3935,1537,362,-64,-27,1,36,3673,0.348,transitando
25,1705083000,194034,-407600,404,2506,3986,1361,-50,-256,29,-43,7,43759,0.3254,transitando
25,1705083300,194109,-407507,405,2367,3993,458,376,194,108,87,16,1356,0.3733,transitando
25,1705083600,194038,-407491,249,2385,3898,1233,241,103,-22,4,-11,57533,0.2619,transitando
25,1705083900,194013,-407617,433,2306,3996,1688,484,254,-68,-268,-20,10076,0.2812,transitando
25,1705084200,193920,-407604,418,2272,3940,2060,6,-124,12,-55,-22,49278,0.2976,transitando
25,1705084500,194008,-407607,220,2498,3937,986,-6,109,54,50,-106,2694,0.3281,transitando
25,1705084800,194078,-407688,277,2395,3919,1002,187,-188,154,13,57,34730,0.3518,transitando
25,1705085100,194062,-407621,292,2398,3903,1160,467,-94,11,66,66,13365,0.3777,transitando
25,1705085400,194113,-407570,313,2385,3960,1280,-245,-189,-33,-79,20,5184,0.3259,transitando
25,1705085700,194161,-407650,180,2388,3949,1037,-345,-216,-15,-123,24,357,0.2212,transitando
25,1705086000,194267,-407649,208,2433,3947,1799,-121,321,66,5,-107,31667,0.2311,transitando
25,1705086300,194192,-407741,110,2375,3906,255,-283,45,37,49,-48,60971,0.3186,transitando
25,1705086600,194206,-407857,278,2474,3934,1151,479,9,-3,-100,78,54914,0.3763,transitando
25,1705086900,194213,-407767,336,2370,3963,297,-619,-336,-179,12,54,22948,0.2822,transitando
25,1705087200,194284,-407676,429,2445,3965,878,-303,85,108,-27,14,22312,0.2372,transitando
25,1705087500,194195,-407742,408,2345,3959,641,-281,-76,-3,120,22,34101,0.3043,transitando
25,1705087800,194235,-407838,309,2434,3957,1149,-187,66,-145,138,36,63372,0.3205,transitando
25,1705088100,194180,-407933,226,2405,3971,902,-134,-205,-111,-30,-24,30916,0.2767,transitando
25,1705088400,194298,-407979,363,2431,3926,1147,104,87,76,37,84,8778,0.4762,transitando
25,1705088700,194399,-407970,382,2439,3914,1109,528,-50,-113,-41,42,61085,0.2749,transitando
25,1705089000,194346,-407854,51,2530,3908,1751,-212,-118,-24,-110,33,4175,0.2321,transitando
25,1705089300,194223,-407833,341,2417,3981,508,-350,304,190,10,38,24176,0.274,transitando
25,1705089600,194314,-407792,235,2353,3995,1274,-87,32,80,45,78,12644,0.3741,transitando
25,1705089900,194260,-407853,299,2478,3982,1494,-39,-156,6,-229,17,32062,0.3752,transitando
25,1705090200,194230,-407897,318,2440,3971,1229,-54,-265,62,188,68,58837,0.3788,transitando
25,1705090500,194300,-407859,437,2435,3917,682,-64,148,-293,66,-53,7157,0.3148,transitando
25,1705090800,194379,-407984,84,2429,3956,621,270,195,-63,120,-43,25900,0.3692,transitando
25,1705091100,194426,-408042,212,2395,3902,684,-175,-82,-105,-24,35,32205,0.3966,transitando
25,1705091400,194366,-408003,346,2485,3897,1175,-274,-34,-46,100,52,11750,0.3456,transitando
25,1705091700,194463,-408044,156,2390,3949,758,168,-52,107,-80,45,57488,0.3526,transitando
25,1705092000,194408,-408064,319,2448,3932,1423,339,130,83,57,-22,27956,0.3593,transitando
25,1705092300,194383,-408122,287,2438,3990,1432,-24,-108,47,-205,40,49405,0.3536,transitando
25,1705092600,194435,-408111,119,2421,3970,1359,-465,343,47,60,-54,65440,0.2018,transitando
25,1705092900,194566,-408151,95,2527,3915,1066,46,-95,-33,117,-2,41850,0.3919,transitando
25,1705093200,194573,-408075,355,2363,3916,1308,55,16,-133,-1,11,12099,0.3357,transitando
25,1705093500,194673,-408041,379,2336,3935,865,54,-119,-22,-72,0,47438,0.3486,transitando
25,1705093800,194655,-407892,334,2488,3911,1421,25,-234,82,-18,21,43035,0.3249,transitando
25,1705094100,194508,-407955,399,2426,3948,900,-10,-178,-76,87,92,60334,0.3233,transitando
25,1705094400,194595,-407952,214,2448,3918,467,235,-176,-39,180,38,47946,0.2963,transitando
25,1705094700,194622,-407821,314,2515,3929,849,-217,353,181,-172,6,5013,0.2793,transitando
25,1705095000,194505,-407743,79,2482,3900,331,20,-117,-30,-120,-89,41271,0.3291,transitando
25,1705095300,194473,-407877,278,2465,3912,134,110,-156,-15,-1,-21,20751,0.3291,transitando
25,1705095600,194551,-407975,53,2496,3952,1006,-159,-127,168,92,-13,57082,0.4585,transitando
25,1705095900,194500,-407988,161,2487,3910,315,403,194,-76,-26,8,37899,0.4014,transitando
25,1705096200,194474,-407924,252,2514,3903,2018,-135,-24,-114,-201,0,58308,0.3607,transitando
25,1705096500,194412,-407875,155,2479,3931,1210,228,-106,-51,-40,-43,28395,0.4314,transitando
25,1705096800,194328,-407890,383,2436,3996,1231,517,-14,-78,-5,-54,4627,0.458,transitando
25,1705097100,194319,-407828,395,2339,3954,612,-186,2,188,-13,42,43227,0.2749,transitando
25,1705097400,194475,-407852,150,2492,3911,1788,76,-95,0,4,42,34778,0.4412,transitando
25,1705097700,194399,-407757,344,2420,3918,816,92,180,-44,-89,26,14249,0.264,transitando
25,1705098000,194479,-407791,511,2396,3949,1697,-49,-164,41,21,8,27856,0.5097,transitando
25,1705098300,194506,-407828,294,2424,3965,1248,-126,-233,-51,145,38,47239,0.4484,transitando
25,1705098600,194558,-407779,229,2397,3920,498,-53,170,20,-90,-25,39196,0.3408,transitando
25,1705098900,194552,-407665,134,2480,3961,1863,-331,-427,226,-47,-5,14289,0.3818,transitando
25,1705099200,194569,-407579,56,2562,3945,1605,-260,-255,138,-123,-13,56288,0.3994,transitando
25,1705099500,194641,-407584,438,2420,3964,371,692,-128,111,35,32,19084,0.3067,transitando
25,1705099800,194645,-407716,165,2489,3919,604,134,-248,77,112,-126,20032,0.3919,transitando
25,1705100100,194594,-407705,433,2343,3905,1103,124,-133,0,-30,-99,61765,0.2927,transitando
25,1705100400,194543,-407621,425,2448,3965,1422,327,-160,31,44,-34,5176,0.3927,transitando
25,1705100700,194614,-407684,187,2481,3935,666,-234,221,153,-67,38,13929,0.2661,transitando
25,1705101000,194673,-407805,402,2382,3910,1555,259,-64,-210,131,-32,3527,0.3348,transitando
25,1705101300,194577,-407886,91,2351,3974,790,0,-138,-9,-26,-54,48803,0.3357,transitando
25,1705101600,194508,-407969,379,2454,3944,1020,70,-191,-111,65,51,50751,0.3181,transitando
25,1705101900,194596,-407889,170,2523,3984,1047,-342,-111,-85,40,93,19948,0.385,transitando
25,1705102200,194577,-407808,139,2444,3916,939,-128,313,42,-52,-1,11823,0.378,transitando
25,1705102500,194660,-407838,423,2374,3958,1811,-99,-366,33,195,18,21607,0.3524,transitando
25,1705102800,194564,-407768,345,2411,3977,1465,35,-310,75,-54,-10,45610,0.5049,transitando
25,1705103100,194574,-407742,74,2515,3910,793,-447,-26,49,-33,-41,35689,0.3713,transitando
25,1705103400,194546,-407848,376,2423,3996,660,-391,127,161,98,-31,29438,0.3202,transitando
25,1705103700,194539,-407980,315,2486,3962,2082,479,316,-69,5,-19,47275,0.4329,transitando
25,1705104000,194473,-407904,80,2497,3969,1936,201,100,37,67,31,25988,0.3692,transitando
25,1705104300,194560,-407904,334,2415,3943,1716,71,-47,-31,174,3,45036,0.2897,transitando
25,1705104600,194477,-408023,52,2455,3918,1534,-219,204,149,4,-38,27505,0.4178,transitando
25,1705104900,194494,-408120,195,2434,3956,1770,-272,-89,-52,-7,-42,10221,0.3702,transitando
25,1705105200,194420,-408156,424,2449,3905,160,-20,346,-14,2,-18,6352,0.4393,transitando
25,1705105500,194368,-408189,253,2458,3968,1488,274,-123,-45,89,-31,47570,0.2362,transitando
25,1705105800,194329,-408271,77,2489,3929,213,-210,-220,56,-12,-53,40127,0.3513,transitando
25,1705106100,194432,-408252,119,2521,3921,573,-259,-119,135,-319,45,50184,0.3594,transitando
25,1705106400,194500,-408224,283,2490,3943,864,471,-17,-42,36,28,26088,0.3304,transitando
25,1705106700,194409,-408174,321,2407,3953,867,120,375,213,77,-38,61249,0.4402,transitando
25,1705107000,194464,-408223,459,2352,3946,147,-18,-391,-25,95,-27,10462,0.3585,transitando
25,1705107300,194455,-408274,445,2349,3914,727,36,-205,28,-60,-39,46097,0.4187,transitando
25,1705107600,194412,-408213,290,2515,3947,1512,-3,91,-29,10,-67,26874,0.3886,transitando
25,1705107900,194399,-408280,474,2397,3960,810,472,-383,-130,-53,-18,39416,0.3157,transitando
25,1705108200,194297,-408258,134,2409,3911,1395,9,-30,6,134,22,48068,0.2828,transitando
25,1705108500,194316,-408422,163,2446,3916,1067,249,-271,158,29,-6,50058,0.3874,transitando
25,1705108800,194317,-408377,507,2426,3981,1512,-178,79,98,80,13,20232,0.3708,transitando
25,1705109100,194374,-408261,397,2356,3959,1478,34,304,-129,164,2,56732,0.3581,transitando
25,1705109400,194432,-408253,405,2336,3957,939,-53,-274,-30,-4,-44,60547,0.4959,transitando
25,1705109700,194408,-408315,207,2487,3968,545,241,-31,47,74,-47,20471,0.4568,transitando
25,1705110000,194344,-408338,376,2393,3903,487,-48,157,-7,-180,-28,40647,0.4924,transitando
25,1705110300,194392,-408362,177,2434,3969,528,-376,-96,106,-83,-70,19206,0.2894,transitando
25,1705110600,194501,-408407,114,2524,3983,703,-225,-160,-113,-79,-4,62010,0.557,transitando
25,1705110900,194487,-408383,280,2469,3956,1448,-57,41,4,-130,-13,3612,0.4332,transitando
25,1705111200,194572,-408407,141,2518,3927,1294,166,-117,-44,-21,-24,47763,0.507,transitando
25,1705111500,194596,-408400,285,2460,3930,353,-19,-64,35,106,-60,31941,0.399,transitando
25,1705111800,194567,-408450,149,2489,3945,64,-262,335,-104,157,-3,3739,0.4272,transitando
25,1705112100,194615,-408522,300,2529,3937,899,433,334,-172,-123,-4,43940,0.4459,transitando
25,1705112400,194698,-408554,324,2420,3978,847,112,188,-155,-41,52,44552,0.3376,transitando
25,1705112700,194817,-408584,231,2535,3920,1555,-177,97,182,-170,-29,60524,0.4066,transitando
25,1705113000,194915,-408646,373,2449,3962,1201,546,-69,-6,-12,-18,8963,0.4935,transitando
25,1705113300,194993,-408614,299,2429,3962,255,23,200,-192,10,-55,64494,0.4266,transitando
25,1705113600,195032,-408599,79,2524,3914,523,0,-94,-8,-24,-66,19675,0.4922,transitando
25,1705113900,195094,-408650,424,2437,3971,1177,-161,258,195,43,-25,52419,0.373,transitando
25,1705114200,195174,-408677,209,2458,3977,1708,303,23,-236,-23,-27,21264,0.2721,transitando
25,1705114500,195280,-408687,96,2516,3937,1751,-394,222,94,16,-55,60547,0.5111,transitando
26,1705028400,305928,-137537,617,2380,3899,324,1109,-1195,54,177,88,28600,0.4923,busca
26,1705028700,306000,-137535,934,2282,3914,676,-184,-1712,55,-247,-17,49096,0.2708,busca
26,1705029000,305966,-137612,1613,2210,3959,640,1107,625,-366,-68,154,46553,0.3777,busca
26,1705029300,305946,-137658,727,2299,3987,2129,659,215,-35,-138,281,3951,0.2846,busca
26,1705029600,305947,-137864,1083,2319,3919,-86,274,-522,191,216,9,64581,0.5007,busca
26,1705029900,305913,-137891,1601,2169,3971,1800,419,-1145,-161,174,-183,16178,0.4658,busca
26,1705030200,305900,-138025,1815,2078,3926,240,622,142,-536,-30,-191,55352,0.4098,busca
26,1705030500,305941,-138057,1239,2209,3905,623,-560,-62,104,-179,206,55495,0.5381,busca
26,1705030800,305944,-138084,503,2376,3996,2039,-439,-927,14,-78,111,59400,0.5741,busca
26,1705031100,305956,-138064,671,2329,3931,240,97,-568,146,-285,132,14345,0.3551,busca
26,1705031400,305977,-137975,936,2299,3994,-84,265,-5,-453,289,-57,46749,0.4184,busca
26,1705031700,305902,-137923,1505,2180,3925,182,49,-606,286,290,-191,21161,0.439,busca
26,1705032000,305923,-137899,1431,2214,3916,-100,-72,-340,-64,-78,49,22388,0.4622,busca
26,1705032300,305920,-137950,523,2418,3941,61,281,276,-76,-309,20,14880,0.2825,busca
26,1705032600,305832,-138041,561,2356,3938,3,-1090,16,-171,129,-178,26250,0.4156,busca
26,1705032900,305963,-138096,527,2369,3972,847,740,-694,375,513,31,1978,0.4283,busca
26,1705033200,305958,-137948,1181,2257,3907,686,1227,-20,-340,-95,-127,7404,0.3884,busca
26,1705033500,306010,-137799,1456,2264,3973,957,-1407,568,511,-173,238,52382,0.4598,busca
26,1705033800,305990,-137833,1651,2129,3922,922,299,-734,-35,-23,113,10736,0.5435,busca
26,1705034100,306026,-137824,1056,2253,3969,-322,73,-86,117,118,320,15577,0.4281,busca
26,1705034400,306004,-137730,640,2404,3976,-186,546,-720,-107,97,100,49558,0.5094,busca
26,1705034700,305971,-137739,904,2378,3926,-866,-106,-582,-16,1,-122,26676,0.5097,busca
26,1705035000,305991,-137746,414,2478,3947,-631,669,-1422,-30,4,-51,31811,0.3779,busca
26,1705035300,305962,-137738,1573,2229,3903,-439,-22,-612,64,-405,-221,49566,0.5495,busca
26,1705035600,305973,-137735,871,2389,3915,776,120,-802,-104,359,-97,9713,0.399,busca
26,1705035900,305985,-137832,861,2284,3949,891,697,-32,-219,-178,-59,24838,0.5046,busca
26,1705036200,305983,-137886,903,2296,3991,783,-371,-384,-231,282,95,32193,0.3924,busca
26,1705036500,306104,-137827,1846,2253,3955,1803,-309,-186,-60,-53,242,5293,0.402,busca
26,1705036800,306069,-137808,1268,2212,3985,-576,-148,-742,142,-320,-253,35329,0.4852,busca
26,1705037100,306136,-137877,513,2462,3902,592,370,-1006,291,164,-364,35014,0.5344,busca
26,1705037400,306169,-137872,1941,2076,3956,168,199,99,-147,31,187,47750,0.4173,busca
26,1705037700,306190,-137792,1784,2135,3957,52,-385,147,137,224,1,29691,0.4555,busca
26,1705038000,306152,-137858,1357,2276,3915,-4,-326,-1295,90,-120,16,44756,0.5601,busca
26,1705038300,306165,-137824,459,2386,3964,800,650,-1038,-229,228,-9,9487,0.6536,busca
26,1705038600,306178,-137848,1176,2338,3930,-1320,391,-741,-206,-98,-93,44000,0.4409,busca
26,1705038900,306244,-137788,855,2288,3924,304,-709,-540,18,-135,-75,60629,0.4145,busca
26,1705039200,306205,-137661,1470,2263,3949,-595,-931,-1174,-166,-98,133,24660,0.4216,busca
26,1705039500,306143,-137658,957,2171,3915,1130,1182,-198,-87,180,281,50979,0.4634,busca
26,1705039800,306098,-137711,1050,2336,3961,374,828,-416,-51,-133,-166,64498,0.529,busca
26,1705040100,306117,-137741,1863,2156,3990,779,1655,-1634,198,-136,22,8529,0.5481,busca
26,1705040400,306130,-137756,1336,2267,3952,-2379,-58,-190,319,49,-77,28132,0.3931,busca
26,1705040700,306106,-137699,409,2328,3950,549,-377,-300,389,92,17,64848,0.5548,busca
26,1705041000,306063,-137707,1209,2229,3979,1676,557,-969,106,301,-187,4440,0.4794,busca
26,1705041300,306014,-137742,450,2467,3969,329,1273,-962,136,243,4,35251,0.5751,busca
26,1705041600,305975,-137743,1018,2324,3931,2636,303,-493,150,59,153,37429,0.3331,busca
26,1705041900,306037,-137757,1146,2231,3968,-702,212,-1650,-393,-349,-217,48518,0.5883,forrageando
26,1705042200,306056,-137757,280,2450,3978,-1332,-1841,-1276,775,329,307,677,0.5499,forrageando
26,1705042500,306081,-137760,1054,2265,3978,-222,-276,-1398,-542,-414,115,50431,0.4644,forrageando
26,1705042800,306146,-137733,969,2356,3981,-64,1833,-1957,-391,-83,-8,6100,0.5342,forrageando
26,1705043100,306118,-137733,598,2408,3966,797,586,-1454,-593,540,-169,11646,0.5586,forrageando
26,1705043400,306114,-137706,599,2346,3969,-499,559,223,1074,450,24,41126,0.4453,forrageando
26,1705043700,306144,-137657,590,2324,3924,463,11,-226,-255,-825,-560,49221,0.4916,forrageando
26,1705044000,306169,-137618,1499,2119,3929,1919,-264,15,-682,-474,143,8044,0.384,forrageando
26,1705044300,306296,-137607,396,2467,3950,2590,-2191,-2569,123,-481,76,21883,0.6348,forrageando
26,1705044600,306340,-137580,484,2447,3986,1683,793,-900,-31,226,17,54460,0.576,forrageando
26,1705044900,306283,-137575,636,2363,3968,295,3199,-1153,-4,422,1,21193,0.5014,forrageando
26,1705045200,306304,-137557,1379,2292,3963,-1297,383,-1363,-111,-333,-347,24097,0.4507,forrageando
26,1705045500,306323,-137423,811,2304,3935,-681,2862,-537,217,334,-66,23731,0.503,forrageando
26,1705045800,306360,-137387,373,2474,3931,437,-846,-2442,-415,918,56,39851,0.3933,forrageando
26,1705046100,306297,-137312,338,2465,3929,1271,-4573,-233,-195,612,-357,1454,0.5795,forrageando
26,1705046400,306282,-137337,784,2398,3978,-966,-419,-1359,146,267,-399,57820,0.5741,forrageando
26,1705046700,306302,-137321,1001,2358,3986,190,-1684,-582,28,540,520,50685,0.6612,forrageando
26,1705047000,306301,-137330,725,2432,3975,1000,494,-1128,-108,376,37,44540,0.4281,forrageando
26,1705047300,306269,-137334,1143,2299,3985,1640,1832,-1329,-59,-534,-115,41637,0.4611,forrageando
26,1705047600,306353,-137381,1483,2198,3968,-3666,-498,-606,-238,-242,439,15592,0.5312,forrageando
26,1705047900,306378,-137368,690,2338,3923,828,-1109,-781,-634,-278,123,23988,0.5078,forrageando
26,1705048200,306349,-137345,846,2334,3979,2027,-731,-813,179,25,204,56669,0.517,forrageando
26,1705048500,306372,-137358,797,2273,3974,-1321,3121,-1553,219,-327,138,50754,0.5759,forrageando
26,1705048800,306369,-137365,344,2592,3900,1654,-51,-2245,517,-837,20,50296,0.5227,forrageando
26,1705049100,306350,-137370,748,2259,3928,-1123,-506,-557,-715,-1228,367,32396,0.52,forrageando
26,1705049400,306342,-137397,260,2449,3997,1510,2497,-717,-71,-773,-160,6701,0.5185,forrageando
26,1705049700,306333,-137396,1494,2185,3970,-2345,2543,-1974,-493,-7,165,48364,0.3743,forrageando
26,1705050000,306295,-137398,4110,609,3929,516,-231,-1086,-273,-993,-144,13368,0.4153,forrageando
26,1705050300,306266,-137271,6263,777,3956,1840,756,-1466,-349,-779,190,59605,0.4455,forrageando
26,1705050600,306312,-137283,5626,750,3905,-1279,-364,156,-226,-100,-538,17663,0.4333,forrageando
26,1705050900,306287,-137280,2301,439,3952,-2269,2804,-1325,275,901,268,56625,0.4871,forrageando
26,1705051200,306360,-137164,5416,720,3929,-2070,-667,-899,-137,746,80,60757,0.5248,forrageando
26,1705051500,306339,-137148,5421,820,3954,-474,151,-814,-86,-677,26,42658,0.3689,forrageando
26,1705051800,306359,-137214,2416,390,3977,-1912,1321,-1739,558,347,94,22997,0.5086,forrageando
26,1705052100,306347,-137204,6574,814,3929,2379,-194,-1469,-188,519,84,50668,0.7011,forrageando
26,1705052400,306319,-137172,6127,771,3993,30,-4586,-451,-605,-184,-360,55618,0.6826,forrageando
26,1705052700,306307,-137181,5491,704,3962,1284,2587,134,-407,178,148,59259,0.4273,forrageando
26,1705053000,306267,-137258,6351,889,3917,-294,2948,-1740,-1098,-16,23,19343,0.6131,forrageando
26,1705053300,306212,-137219,4873,774,3951,2326,-2575,-1381,404,535,-258,2462,0.5111,forrageando
26,1705053600,306194,-137163,3729,519,3988,-2495,1221,-1475,-892,673,-194,2112,0.621,forrageando
26,1705053900,306188,-137178,3076,513,3968,85,2014,-1501,1143,102,-453,18591,0.5095,forrageando
26,1705054200,306221,-137205,4470,659,3906,2400,693,677,536,512,320,5397,0.4171,forrageando
26,1705054500,306313,-137225,4546,613,3939,1810,4207,-1663,-261,143,51,49943,0.494,forrageando
26,1705054800,306307,-137188,2712,496,3983,1747,3093,-779,712,26,-214,35913,0.5765,forrageando
26,1705055100,306267,-137198,4783,770,3965,2319,-2110,-61,106,934,3,32814,0.4908,forrageando
26,1705055400,306206,-137256,5153,678,3955,-1784,-2339,-2960,664,180,126,49643,0.4359,forrageando
26,1705055700,306172,-137201,6176,864,3969,-1704,749,-2560,114,-454,236,50100,0.4751,forrageando
26,1705056000,306232,-137159,3595,559,3910,359,1055,-322,272,231,404,90,0.589,forrageando
26,1705056300,306188,-137162,2218,464,3984,-5579,-544,-761,858,-260,125,10313,0.4661,forrageando
26,1705056600,306166,-137196,3336,522,3943,-219,-1587,700,136,385,-297,1932,0.6036,forrageando
26,1705056900,306196,-137173,3146,648,3934,-2004,3278,-1593,375,-257,331,44092,0.5498,forrageando
26,1705057200,306176,-137188,2085,408,3902,-1749,-64,-858,-3,495,504,45158,0.6401,forrageando
26,1705057500,306214,-137188,3871,549,3961,2060,-3717,-3413,911,1101,378,43147,0.5013,forrageando
26,1705057800,306193,-137139,6198,783,3966,80,-2069,1389,564,-625,754,17447,0.5528,forrageando
26,1705058100,306166,-137146,5859,808,3955,564,85,-2298,-537,-334,211,55189,0.4235,forrageando
26,1705058400,306122,-137040,4762,694,3959,-1039,2530,-1573,147,-290,323,30121,0.5885,forrageando
26,1705058700,306069,-137047,7368,981,3931,-3044,2033,882,-179,436,248,53287,0.5047,forrageando
26,1705059000,306097,-137024,4009,518,3902,-2685,-358,-1831,-682,-1034,170,59419,0.5288,forrageando
26,1705059300,306110,-137046,5679,834,3943,-2326,1397,136,482,-799,31,16796,0.5179,forrageando
26,1705059600,306089,-137107,4858,633,3924,2709,3092,-2306,-185,665,-176,32794,0.5294,forrageando
26,1705059900,306139,-137130,2391,432,3952,1592,2225,-671,-480,141,21,20929,0.5513,forrageando
26,1705060200,306119,-137121,2496,531,3975,2555,-1645,-1009,-248,31,-808,38668,0.5443,forrageando
26,1705060500,306092,-137147,2895,453,3935,-401,399,-728,-319,94,307,50380,0.4281,forrageando
26,1705060800,306072,-137175,7520,999,3944,1598,-2272,-1653,-42,429,-46,22699,0.4893,forrageando
26,1705061100,306144,-137204,7754,1048,3906,-960,-2941,-502,-93,39,-26,53077,0.3763,forrageando
26,1705061400,306149,-137306,3692,501,3909,-1869,1534,-2015,188,68,308,27671,0.5023,forrageando
26,1705061700,306141,-137300,6411,870,3921,-1242,1593,-1576,-72,-160,-501,28486,0.3814,forrageando
26,1705062000,306041,-137316,2832,469,3934,1361,368,-221,1065,-754,-118,394,0.4051,forrageando
26,1705062300,305952,-137398,2310,455,3989,368,-1304,-1274,-367,41,498,27437,0.4542,forrageando
26,1705062600,306018,-137509,3025,473,3913,-1334,-456,-938,-189,-5,-25,20491,0.4467,forrageando
26,1705062900,306060,-137571,2540,522,3960,-2818,1170,-2322,-974,-78,-567,54617,0.4675,forrageando
26,1705063200,306026,-137610,7968,910,3990,1565,-2179,-653,1143,-192,-513,45515,0.6277,forrageando
26,1705063500,306018,-137603,6681,847,3968,-3951,874,-1725,-201,-80,-313,59539,0.4604,forrageando
26,1705063800,306059,-137584,4504,654,3928,1850,-1000,-638,32,99,-70,13511,0.5083,forrageando
26,1705064100,306033,-137564,2267,428,3946,-2109,3376,-1321,688,-1117,-327,34428,0.3729,forrageando
26,1705064400,305922,-137489,7372,921,3961,-3093,-1785,-900,-611,12,69,16973,0.4319,forrageando
26,1705064700,305942,-137507,4070,636,3993,642,2531,-990,202,684,360,45099,0.4638,forrageando
26,1705065000,305876,-137589,5382,769,3971,1252,-1957,-1059,79,434,-47,34667,0.2807,forrageando
26,1705065300,305956,-137605,7528,960,3960,2774,2082,-1749,572,580,513,11680,0.3588,forrageando
26,1705065600,305971,-137557,5368,690,3914,-2103,1793,231,670,-281,-590,48831,0.3724,forrageando
26,1705065900,306013,-137621,4421,636,3918,-1411,-1460,-1257,-121,1159,-230,5515,0.4498,forrageando
26,1705066200,305980,-137617,7186,1006,3972,337,190,-1121,-1030,-56,86,30416,0.3363,forrageando
26,1705066500,306067,-137534,1073,2304,3943,1282,1171,-176,162,-351,117,54208,0.2599,busca
26,1705066800,305938,-137511,1415,2210,3934,-217,1080,-731,269,-161,134,27726,0.4323,busca
26,1705067100,305859,-137553,3417,1851,3973,-1399,-414,-352,-138,17,193,39953,0.2426,busca
26,1705067400,305901,-137515,1109,2225,3923,2313,-380,-889,47,-102,-86,32033,0.3686,busca
26,1705067700,305998,-137556,3832,1781,3986,2696,405,-908,-115,426,-108,17361,0.3173,busca
26,1705068000,306030,-137684,2344,2067,3964,-105,157,-907,304,187,-230,52677,0.3056,busca
26,1705068300,306093,-137625,3216,1807,3964,-1045,-628,-309,-44,365,221,34253,0.4161,busca
26,1705068600,306036,-137636,1305,2191,3969,774,781,-1446,-214,139,-63,11997,0.4277,busca
26,1705068900,306124,-137723,3762,1759,3906,382,40,-385,151,66,-285,56670,0.3737,busca
26,1705069200,306090,-137578,3484,1803,3970,-125,-1384,-906,225,-125,35,33004,0.2915,busca
26,1705069500,306150,-137434,2378,1911,3969,-332,-794,-87,-238,-311,71,15807,0.3664,busca
26,1705069800,306199,-137398,2333,2050,3992,1755,24,-946,-309,-214,-97,31355,0.4044,busca
26,1705070100,306229,-137408,2434,2013,3943,1507,814,-502,73,128,-132,28347,0.4593,busca
26,1705070400,306250,-137343,1061,2288,3951,-1437,-261,-182,-187,397,210,10110,0.3239,busca
26,1705070700,306357,-137270,2933,1879,3938,785,587,-387,19,-27,-24,41133,0.3155,busca
26,1705071000,306292,-137365,2466,2034,3937,1568,-321,335,-125,-63,-38,28886,0.3584,busca
26,1705071300,306281,-137296,409,2478,3995,790,168,138,-15,-121,63,35338,0.3464,transitando
26,1705071600,306167,-137350,73,2503,3900,1146,-326,-503,26,-55,-10,35819,0.3162,transitando
26,1705071900,306315,-137361,325,2389,3911,1210,118,-202,65,-231,2,20911,0.2856,transitando
26,1705072200,306306,-137263,122,2628,3949,1678,280,-16,-74,53,-9,21137,0.3575,transitando
26,1705072500,306212,-137347,315,2471,3909,1431,104,-222,-2,-4,56,3356,0.3266,transitando
26,1705072800,306083,-137335,259,2503,3964,1299,-6,0,132,-57,11,29337,0.3377,transitando
26,1705073100,306098,-137184,385,2434,3992,1034,-285,-66,-3,5,-30,55027,0.277,transitando
26,1705073400,305976,-137127,343,2433,3996,2368,151,-104,50,173,-24,62719,0.3726,transitando
26,1705073700,306027,-137149,237,2467,3899,1092,274,-131,153,67,-44,20627,0.3328,transitando
26,1705074000,305933,-137284,107,2557,3921,1306,-61,-106,-142,-17,-53,48223,0.2276,transitando
26,1705074300,306010,-137235,189,2469,3986,815,-241,-153,34,34,-55,21544,0.2858,transitando
26,1705074600,305930,-137360,286,2513,3912,-181,-364,23,32,31,81,23994,0.3095,transitando
26,1705074900,305893,-137500,352,2525,3996,1830,-361,190,17,13,14,58971,0.3372,transitando
26,1705075200,305984,-137573,419,2390,3906,372,390,11,-13,-79,-49,55288,0.3758,transitando
26,1705075500,305982,-137703,340,2456,3982,1213,56,340,21,-250,35,49174,0.3614,transitando
26,1705075800,306032,-137739,106,2522,3958,1749,-305,35,-74,42,16,9423,0.4128,transitando
26,1705076100,306112,-137811,286,2460,3954,1310,-503,13,161,-23,37,42139,0.3801,transitando
26,1705076400,306130,-137758,193,2475,3982,1065,9,2,4,-48,-26,24615,0.3074,transitando
26,1705076700,306134,-137899,396,2499,3898,756,-158,-218,71,218,-26,59066,0.241,transitando
26,1705077000,306251,-137836,246,2405,3950,1445,36,0,18,73,78,7448,0.354,transitando
26,1705077300,306305,-137917,190,2404,3961,672,9,-153,-155,112,29,47462,0.2352,transitando
26,1705077600,306432,-137915,273,2406,3910,1321,-486,-291,173,115,50,26485,0.335,transitando
26,1705077900,306352,-138009,263,2421,3975,1186,515,-65,-56,-86,-16,10954,0.3415,transitando
26,1705078200,306261,-137999,224,2442,3952,1361,153,49,123,-7,-26,5439,0.3706,transitando
26,1705078500,306192,-137975,64,2407,3901,718,293,-102,158,127,-109,15217,0.4239,transitando
26,1705078800,306194,-137901,115,2501,3943,1629,-131,0,255,-148,-13,39564,0.4122,transitando
26,1705079100,306218,-137777,110,2528,3899,901,480,-564,13,15,60,48108,0.3797,transitando
26,1705079400,306185,-137843,360,2366,3930,1113,59,-97,128,162,25,29508,0.2514,transitando
26,1705079700,306268,-137774,329,2479,3982,1810,219,-16,1,-271,23,25270,0.3567,transitando
26,1705080000,306218,-137703,196,2493,3920,960,-85,-425,19,-104,18,21876,0.3407,transitando
26,1705080300,306150,-137844,488,2454,3935,1055,205,134,-184,-101,-10,13832,0.283,transitando
26,1705080600,306190,-138003,158,2488,3922,669,133,-358,-168,-101,1,19153,0.3109,transitando
26,1705080900,306164,-137867,293,2431,3989,1068,-224,-117,93,-64,-32,36299,0.3587,transitando
26,1705081200,306250,-137884,318,2368,3913,1783,203,3,102,10,5,28734,0.2862,transitando
26,1705081500,306187,-138000,383,2379,3962,154,-188,115,-6,194,14,57827,0.2458,transitando
26,1705081800,306294,-137924,272,2528,3973,1201,185,158,108,-49,-129,52549,0.3972,transitando
26,1705082100,306373,-137942,90,2498,3932,842,-46,-214,-18,-16,33,27672,0.4093,transitando
26,1705082400,306338,-137979,226,2482,3980,1606,0,189,-90,62,-16,61527,0.2539,transitando
26,1705082700,306409,-138144,115,2540,3918,866,-296,-213,101,-70,39,26487,0.3666,transitando
26,1705083000,306447,-138272,452,2455,3963,1121,142,-296,-141,91,5,58490,0.3796,transitando
26,1705083300,306418,-138343,349,2469,3969,637,155,25,-121,-109,-30,42324,0.1843,transitando
26,1705083600,306284,-138284,429,2339,3958,1508,457,-109,-107,194,18,39392,0.3465,transitando
26,1705083900,306179,-138286,339,2500,3952,835,-18,-1,-61,49,69,64084,0.2415,transitando
26,1705084200,306329,-138268,369,2433,3995,1282,50,-185,-20,118,31,11776,0.342,transitando
26,1705084500,306459,-138325,334,2404,3990,1394,170,-57,253,-65,-18,34742,0.1967,transitando
26,1705084800,306529,-138215,463,2434,3996,701,387,65,84,125,26,17907,0.4686,transitando
26,1705085100,306521,-138333,321,2381,3979,942,-62,-57,-46,-66,53,29703,0.382,transitando
26,1705085400,306456,-138325,352,2469,3965,900,597,29,149,101,34,63560,0.2829,transitando
26,1705085700,306522,-138181,88,2477,3962,575,114,-128,78,-60,5,17957,0.3076,transitando
26,1705086000,306444,-138254,433,2399,3909,382,-404,-325,-78,-103,1,968,0.3105,transitando
26,1705086300,306548,-138309,304,2413,3919,808,177,-40,-73,115,15,7108,0.3475,transitando
26,1705086600,306528,-138478,183,2433,3947,937,247,-31,67,25,-7,58412,0.2848,transitando
26,1705086900,306441,-138375,440,2377,3928,785,257,-231,-6,-218,-43,54288,0.3854,transitando
26,1705087200,306412,-138460,306,2473,3967,499,733,-89,-46,-61,40,16941,0.2828,transitando
26,1705087500,306316,-138515,107,2503,3941,1134,273,259,191,1,-26,24167,0.3592,transitando
26,1705087800,306224,-138580,96,2384,3928,1347,-457,-132,10,-37,139,25277,0.2092,transitando
26,1705088100,306171,-138478,400,2353,3948,973,151,101,-64,-56,7,4768,0.3078,transitando
26,1705088400,306207,-138339,497,2293,3960,1848,325,7,49,-69,1,49517,0.3218,transitando
26,1705088700,306296,-138244,384,2324,3969,1412,-99,136,-1,-27,-25,46174,0.3249,transitando
26,1705089000,306260,-138337,55,2460,3908,923,-152,-123,-96,168,24,6061,0.2383,transitando
26,1705089300,306323,-138461,497,2516,3957,535,-188,311,-31,-81,49,35985,0.377,transitando
26,1705089600,306374,-138343,348,2495,3984,1001,-514,260,95,-9,-9,52942,0.2775,transitando
26,1705089900,306472,-138268,297,2395,3972,1367,82,155,56,-33,62,37471,0.5103,transitando
26,1705090200,306501,-138238,86,2388,3952,160,178,-321,69,-147,35,39166,0.4,transitando
26,1705090500,306476,-138181,139,2521,3903,776,272,19,99,44,-66,49743,0.2029,transitando
26,1705090800,306380,-138275,195,2536,3905,525,-340,0,7,-106,45,61448,0.2649,transitando
26,1705091100,306433,-138398,356,2394,3945,695,-148,-36,107,-20,67,5668,0.3222,transitando
26,1705091400,306334,-138440,436,2481,3907,1267,289,-19,-55,146,61,58604,0.2503,transitando
26,1705091700,306238,-138521,105,2437,3936,788,98,-9,-43,14,22,39906,0.3388,transitando
26,1705092000,306124,-138490,373,2421,3930,1084,378,-200,-144,-67,42,52515,0.4015,transitando
26,1705092300,306217,-138584,235,2453,3957,1371,-77,113,-136,-51,-20,44550,0.3028,transitando
26,1705092600,306336,-138573,64,2513,3970,210,-162,-326,-34,147,-3,18215,0.3854,transitando
26,1705092900,306367,-138668,81,2417,3940,842,-243,190,16,72,21,54733,0.3207,transitando
26,1705093200,306334,-138540,451,2448,3907,452,69,-75,-59,46,-49,52779,0.3089,transitando
26,1705093500,306467,-138619,305,2427,3994,604,18,-115,-24,14,7,3688,0.369,transitando
26,1705093800,306435,-138670,143,2481,3993,1683,384,-76,26,62,20,56787,0.4169,transitando
26,1705094100,306498,-138622,83,2488,3916,829,365,-283,-34,-198,107,1065,0.2992,transitando
26,1705094400,306579,-138523,159,2438,3931,726,-554,-20,-14,34,150,47750,0.2996,transitando
26,1705094700,306697,-138493,328,2450,3952,1077,314,295,29,69,-57,3194,0.3855,transitando
26,1705095000,306647,-138506,429,2340,3963,688,-536,-510,-34,-73,90,22519,0.5088,transitando
26,1705095300,306639,-138483,305,2419,3964,1245,380,-239,104,-36,35,58735,0.3981,transitando
26,1705095600,306604,-138581,354,2447,3955,2077,-187,190,-5,67,-34,17627,0.3219,transitando
26,1705095900,306494,-138497,196,2370,3941,1599,-379,-193,-38,-192,-9,10948,0.264,transitando
26,1705096200,306520,-138316,257,2472,3962,595,-82,-61,-36,64,51,17003,0.2129,transitando
26,1705096500,306392,-138349,265,2416,3967,-350,-260,-29,153,117,8,19046,0.4144,transitando
26,1705096800,306460,-138273,300,2418,3933,640,-130,-1,-56,-11,5,59042,0.3387,transitando
26,1705097100,306395,-138383,179,2449,3936,695,-669,-75,28,-132,9,25647,0.2381,transitando
26,1705097400,306357,-138263,206,2497,3970,1730,-112,80,-113,-4,10,49006,0.3102,transitando
26,1705097700,306383,-138376,193,2508,3946,897,105,-419,122,160,5,53474,0.3939,transitando
26,1705098000,306305,-138326,139,2465,3976,838,-24,118,245,79,-79,3320,0.3522,transitando
26,1705098300,306325,-138224,150,2474,3966,706,473,-14,77,58,-9,29579,0.2913,transitando
26,1705098600,306289,-138090,327,2372,3926,1633,569,74,34,308,67,39912,0.3719,transitando
26,1705098900,306256,-137998,285,2453,3973,887,156,22,75,-75,66,23580,0.4677,transitando
26,1705099200,306253,-138085,276,2448,3933,844,271,245,44,56,66,4950,0.3178,transitando
26,1705099500,306359,-137966,362,2514,3933,492,184,-17,97,-134,-6,35882,0.344,transitando
26,1705099800,306274,-137872,300,2492,3903,1505,0,-94,70,93,20,41207,0.2821,transitando
26,1705100100,306287,-138000,480,2442,3915,2039,586,-121,-51,29,50,30193,0.3151,transitando
26,1705100400,306287,-138128,117,2429,3987,343,464,-14,32,10,96,18337,0.4396,transitando
26,1705100700,306211,-138157,496,2378,3907,247,173,-213,-76,127,-120,15951,0.4411,transitando
26,1705101000,306129,-138205,345,2413,3958,967,36,123,-13,-108,-8,24240,0.3043,transitando
26,1705101300,306179,-138054,388,2447,3901,334,-497,117,178,5,-59,839,0.3581,transitando
26,1705101600,306160,-138120,224,2459,3968,1396,-31,-252,163,234,39,34695,0.3682,transitando
26,1705101900,306126,-138242,457,2394,3937,1574,190,364,135,114,43,6276,0.3433,transitando
26,1705102200,306099,-138062,330,2442,3976,1262,5,-261,116,151,61,15146,0.3676,transitando
26,1705102500,306072,-138140,52,2514,3996,1165,-250,257,-271,81,-39,20908,0.3819,transitando
26,1705102800,305978,-138117,106,2473,3966,1617,-451,-58,-13,17,-17,56239,0.3886,transitando
26,1705103100,306003,-138192,118,2460,3909,546,-120,462,-176,0,-95,43841,0.3316,transitando
26,1705103400,306003,-138035,106,2484,3901,1044,359,-322,-96,-206,-7,18816,0.3269,transitando
26,1705103700,305943,-137896,84,2518,3988,665,28,99,15,-69,-28,22852,0.3102,transitando
26,1705104000,305826,-137901,190,2524,3989,896,210,-166,42,-5,10,31992,0.3281,transitando
26,1705104300,305704,-137947,481,2360,3937,757,-455,98,-74,14,-32,42830,0.3793,transitando
26,1705104600,305793,-137977,216,2441,3906,875,-15,-95,3,17,-18,61927,0.5507,transitando
26,1705104900,305805,-137989,342,2468,3939,435,-161,-124,-50,73,77,31378,0.5439,transitando
26,1705105200,305845,-137991,55,2506,3918,1205,289,-57,130,95,53,48501,0.4277,transitando
26,1705105500,305920,-137991,295,2447,3988,799,-64,-254,-28,65,8,21583,0.3486,transitando
26,1705105800,306038,-138000,69,2520,3951,621,260,196,18,7,19,29227,0.3948,transitando
26,1705106100,305981,-137995,335,2389,3962,933,-131,-143,173,-64,-45,15631,0.4261,transitando
26,1705106400,305955,-137889,461,2291,3951,1410,-313,-92,-61,-54,-77,58800,0.3711,transitando
26,1705106700,305898,-137832,255,2520,3917,840,2,75,-73,170,-80,26591,0.4621,transitando
26,1705107000,305877,-137763,376,2438,3959,1309,196,-65,-89,-4,-14,41908,0.3421,transitando
26,1705107300,305944,-137673,481,2448,3971,703,-376,-21,41,51,-64,10566,0.4991,transitando
26,1705107600,305995,-137737,129,2471,3898,1505,-16,458,-161,58,18,501,0.3816,transitando
26,1705107900,305937,-137662,205,2453,3967,860,-319,-80,2,164,-139,53451,0.3328,transitando
26,1705108200,305827,-137765,351,2479,3931,1876,-572,-143,60,-178,-7,37326,0.3374,transitando
26,1705108500,305761,-137888,140,2483,3979,1066,47,40,81,49,-1,47475,0.2701,transitando
26,1705108800,305874,-137795,346,2417,3994,1699,-229,-92,76,-201,50,63252,0.548,transitando
26,1705109100,305865,-137826,281,2426,3922,1383,-387,60,74,49,49,51864,0.3455,transitando
26,1705109400,305782,-137926,367,2498,3952,541,-95,-523,-161,-241,7,29940,0.3847,transitando
26,1705109700,305852,-137826,196,2498,3995,498,-320,-77,-95,-113,15,48553,0.4882,transitando
26,1705110000,305860,-137720,64,2481,3943,888,-271,81,6,-66,-70,27975,0.4665,transitando
26,1705110300,305890,-137672,151,2437,3995,925,-202,9,-67,33,-37,50310,0.4446,transitando
26,1705110600,305939,-137591,370,2444,3983,1502,-284,-98,77,96,-11,23075,0.433,transitando
26,1705110900,305961,-137704,89,2304,3994,1563,-176,-76,-115,75,-73,9742,0.3065,transitando
26,1705111200,305846,-137813,393,2496,3909,1448,-439,-435,-108,-65,1,9996,0.4356,transitando
26,1705111500,305799,-137752,458,2308,3939,1694,526,306,-86,-87,35,19166,0.5757,transitando
26,1705111800,305838,-137765,238,2448,3948,332,93,-154,88,-47,-84,65511,0.3616,transitando
26,1705112100,305746,-137786,193,2422,3942,1551,-172,-45,139,59,-62,29798,0.3689,transitando
26,1705112400,305770,-137711,235,2476,3908,1028,-281,-84,-31,201,-105,9141,0.2745,transitando
26,1705112700,305890,-137747,414,2436,3979,712,-186,103,-78,-161,15,7580,0.4695,transitando
26,1705113000,305782,-137789,470,2405,3983,1155,-59,-46,58,0,-16,22080,0.4122,transitando
26,1705113300,305800,-137717,462,2370,3921,1552,97,-8,-19,103,-10,20708,0.461,transitando
26,1705113600,305928,-137758,387,2417,3940,1179,328,-162,-51,-79,-16,49741,0.4348,transitando
26,1705113900,305858,-137845,262,2479,3905,1827,-420,-211,149,-93,88,19264,0.5611,transitando
26,1705114200,305837,-137824,229,2483,3931,810,-363,-247,-43,60,-19,56499,0.3312,transitando
26,1705114500,305795,-137955,345,2474,3919,1186,-541,358,5,-56,41,27541,0.4573,transitando
27,1705028400,112708,-424834,953,2190,3899,413,-552,-734,155,-124,142,58632,0.4478,busca
27,1705028700,112801,-424810,1199,2233,3920,-866,936,-522,280,-211,230,5634,0.3749,busca
27,1705029000,112848,-424771,520,2297,3926,-571,810,-34,138,150,83,46610,0.3168,busca
27,1705029300,112935,-424807,1341,2275,3921,132,-426,257,-54,-351,-86,43304,0.3782,busca
27,1705029600,112911,-424846,632,2412,3954,102,1400,-684,145,-83,70,34101,0.4815,busca
27,1705029900,112937,-424795,1471,2225,3974,-646,-1707,-312,-296,275,-112,65013,0.3972,busca
27,1705030200,112967,-424760,1935,2090,3968,276,440,463,114,49,-20,46713,0.4487,busca
27,1705030500,112910,-424793,1258,2252,3989,-2730,1774,-297,64,439,266,23419,0.3643,busca
27,1705030800,112960,-424814,437,2414,3944,959,-277,-136,42,-102,6,50710,0.2998,transitando
27,1705031100,113078,-424823,381,2377,3980,1268,-305,-51,130,114,38,1346,0.3181,transitando
27,1705031400,113110,-424716,84,2417,3902,1273,92,-38,-44,-79,-21,26107,0.5406,transitando
27,1705031700,113132,-424697,483,2448,3967,1036,-454,144,-81,-158,32,2699,0.4477,transitando
27,1705032000,113050,-424658,127,2386,3996,798,351,141,5,-31,20,36410,0.4986,transitando
27,1705032300,113001,-424691,233,2405,3956,1220,-413,-312,140,148,-1,53347,0.5446,transitando
27,1705032600,112998,-424671,297,2403,3904,1542,-421,-58,-40,-67,-17,51831,0.4188,transitando
27,1705032900,112946,-424706,190,2510,3988,1014,199,-17,190,203,48,535,0.3576,transitando
27,1705033200,113031,-424737,255,2383,3971,184,251,78,126,-54,68,6150,0.3916,transitando
27,1705033500,112969,-424680,63,2473,3953,802,258,162,53,-38,26,578,0.526,transitando
27,1705033800,112988,-424673,77,2420,3972,260,-185,153,-58,-66,-55,52529,0.4573,transitando
27,1705034100,113045,-424689,267,2487,3954,1434,93,-132,-148,78,37,23376,0.5246,transitando
27,1705034400,113013,-424681,157,2377,3906,844,-529,453,-114,34,61,63900,0.499,transitando
27,1705034700,112990,-424766,325,2472,3926,1789,-99,-242,-54,139,31,47443,0.3163,transitando
27,1705035000,112943,-424656,403,2373,3950,797,-340,-608,161,-29,0,31804,0.5403,transitando
27,1705035300,112962,-424648,293,2479,3930,320,-98,-128,231,171,125,9700,0.4301,transitando
27,1705035600,112981,-424760,385,2451,3932,1408,444,45,82,-85,-44,16611,0.4776,transitando
27,1705035900,112935,-424786,315,2428,3922,459,-6,228,44,73,-12,20591,0.5089,transitando
27,1705036200,112918,-424788,222,2404,3916,1481,577,104,-35,165,-31,21556,0.5301,transitando
27,1705036500,112893,-424813,93,2477,3907,326,470,38,4,-21,32,15870,0.4438,transitando
27,1705036800,112949,-424846,405,2408,3965,293,-374,226,66,61,-80,53181,0.4719,transitando
27,1705037100,112873,-424855,289,2418,3952,779,203,55,72,-52,14,53336,0.4034,transitando
27,1705037400,112816,-424889,195,2579,3915,603,396,309,56,-142,23,39450,0.4676,transitando
27,1705037700,112706,-424874,96,2501,3986,708,-227,53,199,-69,62,7415,0.494,transitando
27,1705038000,112602,-424820,294,2451,3917,-71,-391,213,-19,-251,13,873,0.4592,transitando
27,1705038300,112542,-424808,342,2430,3932,878,227,-197,-93,-195,-36,21066,0.5241,transitando
27,1705038600,112562,-424825,168,2452,3924,1198,-144,-167,-268,-52,84,51374,0.4169,transitando
27,1705038900,112517,-424857,63,2400,3904,1169,-67,91,138,-9,-16,59533,0.4144,transitando
27,1705039200,112490,-424785,346,2449,3991,1921,61,11,-17,63,30,46359,0.4484,transitando
27,1705039500,112503,-424837,224,2527,3926,1417,-487,-72,64,-29,40,7689,0.5524,transitando
27,1705039800,112519,-424864,1773,2159,3928,-975,-409,404,-54,174,59,24155,0.556,busca
27,1705040100,112484,-424838,1342,2304,3963,953,-1368,-261,278,41,-139,2805,0.5056,busca
27,1705040400,112503,-424868,611,2418,3920,155,1692,-892,237,-295,-47,52736,0.3914,busca
27,1705040700,112501,-424755,830,2330,3930,-1430,861,-133,4,-19,22,33184,0.4185,busca
27,1705041000,112442,-424818,706,2355,3974,479,1625,-1182,-262,351,-60,62580,0.4965,busca
27,1705041300,112525,-424803,1042,2257,3911,1333,5,-636,16,-106,-86,13749,0.4968,busca
27,1705041600,112470,-424804,1047,2262,3925,447,-1645,-585,-242,-69,134,57912,0.5681,busca
27,1705041900,112436,-424801,799,2310,3920,3154,498,892,221,9,155,35782,0.6518,busca
27,1705042200,112430,-424772,1570,2195,3966,-425,14,-680,223,-108,215,3811,0.4624,busca
27,1705042500,112330,-424837,509,2418,3966,42,-518,-136,71,-76,152,8730,0.4059,busca
27,1705042800,112278,-424883,1056,2343,3981,1199,842,-642,303,314,-50,39209,0.4126,busca
27,1705043100,112272,-424821,1664,2188,3922,365,1952,-880,-269,404,-81,12948,0.538,busca
27,1705043400,112281,-424827,686,2420,3920,-1295,-380,-123,-157,-123,-32,1394,0.5846,busca
27,1705043700,112279,-424847,973,2240,3923,-402,-135,-954,129,274,-38,13324,0.5789,busca
27,1705044000,112300,-424843,354,2436,3931,-235,-553,-246,-418,-34,37,32468,0.5141,busca
27,1705044300,112294,-424855,1964,2114,3949,-441,-152,-416,-182,305,256,46044,0.4243,busca
27,1705044600,112323,-424903,556,2403,3963,1066,-667,-133,-542,-139,249,21535,0.6176,busca
27,1705044900,112346,-424906,1727,2157,3980,85,1209,-409,-366,-100,-112,413,0.4699,busca
27,1705045200,112389,-424855,1980,2080,3997,342,216,-964,-196,-267,-44,2166,0.628,busca
27,1705045500,112409,-424890,1580,2167,3942,2786,421,-554,-60,-15,220,7802,0.6482,busca
27,1705045800,112401,-424881,734,2344,3953,2165,-93,-283,-136,-234,286,30275,0.3568,busca
27,1705046100,112515,-424896,1465,2293,3984,-989,1371,-285,-345,223,-95,53471,0.4637,busca
27,1705046400,112439,-424846,1240,2146,3969,30,1575,-985,-21,-162,-255,9578,0.408,busca
27,1705046700,112395,-424763,1698,2197,3984,-1410,-7,-810,-364,-76,93,63467,0.5679,busca
27,1705047000,112361,-424758,1830,2115,3946,236,618,-1547,-39,-33,439,19938,0.5078,busca
27,1705047300,112336,-424764,968,2353,3965,-758,39,188,276,-219,-183,19921,0.5247,busca
27,1705047600,112339,-424737,1690,2220,3997,-328,-171,-447,263,-63,7,15334,0.6381,busca
27,1705047900,112392,-424747,1501,2306,3918,-155,450,-1360,233,-62,282,25773,0.5333,busca
27,1705048200,112382,-424763,1830,2155,3917,299,-1799,-368,-324,309,-300,19454,0.448,busca
27,1705048500,112388,-424707,1726,2171,3906,-327,-196,-362,122,-265,236,20216,0.6016,busca
27,1705048800,112401,-424679,1034,2355,3980,349,89,-1154,-290,-40,52,16420,0.5235,busca
27,1705049100,112371,-424717,362,2472,3933,121,-37,-998,-163,-187,-116,31890,0.5964,busca
27,1705049400,112375,-424694,1063,2316,3973,1060,-275,-1303,-81,-164,-98,15603,0.5526,busca
27,1705049700,112337,-424723,1227,2266,3939,1074,303,-1304,105,-270,-112,12991,0.5972,busca
27,1705050000,112349,-424710,3263,1827,3939,61,-572,-315,-274,-167,-66,31690,0.5346,busca
27,1705050300,112360,-424683,1063,2237,3933,314,446,-235,-278,-231,17,22966,0.5259,busca
27,1705050600,112379,-424697,1820,2112,3915,-1547,-547,-1050,131,424,-14,47733,0.6064,busca
27,1705050900,112389,-424729,1003,2358,3904,1288,1137,-16,379,-145,-128,17772,0.4111,busca
27,1705051200,112306,-424762,1897,2127,3956,1217,72,-727,-265,325,-69,61098,0.613,busca
27,1705051500,112326,-424770,1577,2138,3961,-1281,242,166,-21,92,58,36290,0.4904,busca
27,1705051800,112463,-424790,3654,1701,3960,-453,494,-89,-14,152,182,29387,0.5854,busca
27,1705052100,112465,-424765,3464,1869,3998,527,132,-102,384,11,-38,1821,0.6287,busca
27,1705052400,112500,-424789,3858,1653,3973,1828,461,214,0,54,95,31190,0.4583,busca
27,1705052700,112419,-424806,3037,1920,3917,-1197,-1589,-375,200,-56,-27,42846,0.6014,busca
27,1705053000,112453,-424769,3830,1724,3971,1136,-2017,-401,147,80,129,12456,0.4839,busca
27,1705053300,112465,-424675,1268,2219,3987,-285,326,-822,268,-98,-160,10258,0.4713,busca
27,1705053600,112402,-424684,1115,2290,3936,-853,66,-1287,-134,-218,55,26514,0.6287,busca
27,1705053900,112422,-424674,3982,1694,3921,-159,79,0,267,-44,-105,56741,0.4249,busca
27,1705054200,112423,-424765,3056,1885,3921,-2181,95,-301,-135,-132,-96,21407,0.6048,busca
27,1705054500,112444,-424763,2424,2036,3925,204,539,-1308,8,-13,-14,43464,0.636,busca
27,1705054800,112455,-424756,3848,1794,3940,1430,386,-528,-177,-255,-149,64801,0.5877,busca
27,1705055100,112433,-424772,1108,2337,3963,225,-1748,-2049,275,-97,-48,52787,0.5071,busca
27,1705055400,112449,-424798,3250,1835,3926,-392,-265,-986,183,227,264,24174,0.6437,busca
27,1705055700,112423,-424787,3071,1879,3937,-711,-630,-824,-187,-124,83,28330,0.4402,busca
27,1705056000,112392,-424772,3181,1933,3945,961,-951,218,117,294,-68,37147,0.5403,busca
27,1705056300,112371,-424780,2019,2105,3905,667,234,-676,25,59,-110,8549,0.5745,busca
27,1705056600,112375,-424772,2698,1932,3992,12,784,-343,-17,-114,-246,31803,0.559,busca
27,1705056900,112391,-424755,3984,1670,3908,859,96,50,-136,-238,-12,18189,0.5199,busca
27,1705057200,112390,-424713,3593,1801,3934,1952,-759,-650,40,-195,82,11084,0.4447,busca
27,1705057500,112342,-424735,1206,2230,3955,1251,-382,-1172,-103,63,130,50843,0.4313,busca
27,1705057800,112335,-424695,1755,2171,3914,4244,1590,85,-365,-81,-29,60293,0.4464,busca
27,1705058100,112280,-424677,3588,1734,3974,896,1331,-406,0,-105,-302,57952,0.5336,busca
27,1705058400,112293,-424643,1985,2153,3956,926,1785,-613,61,-366,-163,32736,0.4733,busca
27,1705058700,112271,-424619,1832,2161,3976,129,-1426,-259,141,235,-6,70,0.601,busca
27,1705059000,112242,-424604,3582,1799,3946,1327,517,-381,-160,156,-26,676,0.4683,busca
27,1705059300,112279,-424647,3887,1703,3974,874,-871,-601,95,123,-35,22275,0.6085,busca
27,1705059600,112300,-424676,2868,1918,3966,1222,240,-838,128,-380,-52,19686,0.515,busca
27,1705059900,112302,-424701,2192,2070,3957,115,-1484,437,-196,-48,-117,64138,0.4873,busca
27,1705060200,112247,-424677,1173,2393,3934,319,-815,-1097,-280,259,79,10410,0.3682,busca
27,1705060500,112160,-424660,3436,1762,3994,-205,-184,-896,36,-107,405,54701,0.5007,busca
27,1705060800,112180,-424654,2442,2069,3971,-48,-333,-48,340,-256,-99,5994,0.5503,busca
27,1705061100,112222,-424639,3997,1567,3997,-334,1185,-662,-78,-285,16,33257,0.425,busca
27,1705061400,112239,-424613,2883,1932,3918,662,-310,-814,-105,124,-265,55371,0.5155,busca
27,1705061700,112243,-424582,2543,1966,3994,-1191,-580,211,-471,304,-288,10566,0.4323,busca
27,1705062000,112279,-424631,1365,2240,3930,2169,-35,-633,112,-134,-104,14775,0.3728,busca
27,1705062300,112244,-424583,1892,2065,3988,-233,1193,-305,304,-104,122,25258,0.5115,busca
27,1705062600,112248,-424593,1670,2096,3956,-648,128,493,-416,76,-50,61035,0.5441,busca
27,1705062900,112198,-424600,2009,2046,3970,-1295,409,-564,-25,-224,14,38083,0.4967,busca
27,1705063200,112183,-424525,1961,2131,3921,-329,843,-119,570,70,-75,54979,0.6011,busca
27,1705063500,112205,-424516,3869,1706,3906,-1296,949,-549,63,-50,-60,36089,0.5586,busca
27,1705063800,112228,-424524,1743,2126,3967,-972,-1106,-702,-243,201,14,890,0.5484,busca
27,1705064100,112252,-424521,3952,1652,3996,799,514,-1470,-29,55,-11,64749,0.3975,busca
27,1705064400,112300,-424454,3877,1749,3963,635,96,-218,68,52,130,29056,0.5562,busca
27,1705064700,112306,-424492,2166,2101,3928,1075,49,-284,99,-30,81,42181,0.4144,busca
27,1705065000,112261,-424478,1077,2250,3939,210,-703,183,290,-334,157,62207,0.3494,busca
27,1705065300,112285,-424414,1490,2295,3918,-740,-13,-196,-128,-46,11,39461,0.3837,busca
27,1705065600,112298,-424484,1245,2288,3987,-1172,725,-508,165,-9,66,56189,0.3558,busca
27,1705065900,112366,-424469,2306,2055,3955,768,-653,-1003,-316,131,-157,3008,0.4516,busca
27,1705066200,112419,-424425,3032,1910,3936,377,319,-281,6,-241,-85,36061,0.3582,busca
27,1705066500,112397,-424482,1736,2229,3902,-269,165,-194,-82,51,-161,62629,0.38,busca
27,1705066800,112333,-424489,1553,2202,3978,1720,370,99,-53,206,48,10747,0.4602,busca
27,1705067100,112358,-424565,2805,2000,3928,1106,-851,-231,242,-286,1,35149,0.5274,busca
27,1705067400,112377,-424575,2503,1995,3916,74,-278,-1434,299,-126,-297,64959,0.4346,busca
27,1705067700,112349,-424494,3380,1834,3963,2448,-83,-686,210,70,-36,35658,0.4049,busca
27,1705068000,112309,-424418,1838,2202,3997,521,868,138,416,-38,-103,42497,0.4479,busca
27,1705068300,112430,-424401,1961,2201,3939,1103,-66,-723,-295,-138,156,54565,0.5132,busca
27,1705068600,112446,-424408,1512,2189,3996,2204,-389,-634,35,380,83,23775,0.3798,busca
27,1705068900,112493,-424349,1196,2302,3931,1385,-764,109,35,137,88,11543,0.44,busca
27,1705069200,112432,-424308,2648,1976,3968,2082,137,527,-145,-529,-173,57799,0.5379,busca
27,1705069500,112437,-424332,3373,1785,3941,148,900,-985,292,-136,54,57664,0.4203,busca
27,1705069800,112384,-424448,1575,2205,3899,-401,-657,-595,-177,-117,-107,4184,0.4875,busca
27,1705070100,112354,-424436,2640,2017,3984,-864,1302,-809,221,-116,-228,16164,0.5023,busca
27,1705070400,112364,-424442,3410,1834,3982,561,-1436,-2279,-46,-286,-79,3568,0.4535,busca
27,1705070700,112426,-424399,2899,1991,3899,908,-845,-454,172,-203,178,49404,0.4337,busca
27,1705071000,112470,-424404,1502,2208,3945,-1129,1486,-276,415,155,-23,36032,0.3476,busca
27,1705071300,112582,-424530,3467,1813,3899,-1027,758,-1472,-131,-38,-120,32666,0.4189,busca
27,1705071600,112575,-424477,2441,1985,3935,-873,170,-191,197,-29,230,55591,0.4284,busca
27,1705071900,112534,-424512,1296,2309,3928,199,-380,-1370,104,222,55,59946,0.394,busca
27,1705072200,112496,-424566,3934,1731,3909,376,305,-1104,47,69,-121,52347,0.521,busca
27,1705072500,112502,-424587,3982,1661,3941,1912,221,-850,203,-337,-6,19656,0.4296,busca
27,1705072800,112571,-424626,1291,2216,3997,-2203,-213,-678,317,65,-277,40160,0.4316,busca
27,1705073100,112524,-424643,3185,1763,3956,748,-585,-379,-87,-72,76,8809,0.326,busca
27,1705073400,112425,-424766,1348,2174,3942,-181,-86,262,107,95,-222,39360,0.4291,busca
27,1705073700,112383,-424842,1185,2166,3992,1495,-2405,-1343,-1318,-705,89,28910,0.4221,forrageando
27,1705074000,112402,-424886,584,2398,3965,1053,2613,-1779,105,614,-272,35169,0.4172,forrageando
27,1705074300,112360,-424851,1311,2182,3957,1495,2080,-2336,71,-600,-209,42619,0.4163,forrageando
27,1705074600,112321,-424877,2340,437,3939,354,3653,-1111,-353,-476,183,116,0.4121,forrageando
27,1705074900,112395,-424839,1259,2320,3941,1159,-289,3,-284,-56,166,49080,0.4883,forrageando
27,1705075200,112366,-424837,1907,2116,3991,3372,-729,-743,-21,-1006,354,15472,0.4093,forrageando
27,1705075500,112294,-424785,1106,2273,3941,663,2773,110,-652,-128,-29,47642,0.3283,forrageando
27,1705075800,112190,-424861,1816,2086,3989,1213,49,-875,-99,351,508,16194,0.3682,forrageando
27,1705076100,112245,-424869,2256,437,3961,-66,2469,-203,-237,-245,666,22144,0.3574,forrageando
27,1705076400,112183,-424877,1576,2121,3958,-1577,1757,522,-435,102,-18,26141,0.4412,forrageando
27,1705076700,112274,-424855,2308,437,3927,-38,327,-907,117,-53,-17,36735,0.4461,forrageando
27,1705077000,112256,-424843,1771,2109,3931,3145,2683,-2711,302,-598,-82,28580,0.3483,forrageando
27,1705077300,112394,-424752,1479,2204,3899,-2527,4275,-2150,305,-85,-150,38419,0.2646,forrageando
27,1705077600,112464,-424773,1695,2142,3931,-718,2668,-1831,-343,739,186,11554,0.2867,forrageando
27,1705077900,112490,-424801,2243,385,3915,222,-2775,61,343,-622,-16,46796,0.4107,forrageando
27,1705078200,112478,-424819,1562,2211,3990,-2549,1332,-829,393,-107,6,43029,0.377,forrageando
27,1705078500,112450,-424833,1345,2238,3992,-3611,992,-1337,507,-504,235,51430,0.3434,forrageando
27,1705078800,112475,-424912,953,2286,3949,-834,-992,-1814,-661,219,245,61586,0.4463,forrageando
27,1705079100,112469,-424928,2712,319,3933,-2757,726,1773,-801,317,-23,35639,0.4637,forrageando
27,1705079400,112495,-424879,957,2300,3908,2690,-3261,-1912,-598,439,203,30076,0.3826,forrageando
27,1705079700,112462,-424821,1957,2049,3905,2298,150,-472,298,277,16,33860,0.3797,forrageando
27,1705080000,112538,-424940,1424,2255,3901,1511,-967,-515,200,-404,-620,56289,0.3927,forrageando
27,1705080300,112541,-424991,1538,2258,3933,-4240,1438,1071,169,-597,384,24486,0.3689,forrageando
27,1705080600,112529,-424963,998,2303,3969,-2306,1538,-2121,116,-362,409,3291,0.4065,forrageando
27,1705080900,112507,-424907,2604,379,3934,1508,618,-2607,291,524,-76,40759,0.2616,forrageando
27,1705081200,112464,-424784,2044,365,3967,-345,-1160,297,-694,624,-145,36132,0.2492,forrageando
27,1705081500,112530,-424647,2488,452,3990,-736,207,-494,551,-357,-50,61330,0.3246,forrageando
27,1705081800,112502,-424631,736,2280,3925,-2148,-836,425,69,-260,-124,25781,0.3107,forrageando
27,1705082100,112616,-424618,1312,2183,3969,-699,2672,-338,-5,-102,-90,25831,0.2766,forrageando
27,1705082400,112564,-424682,2295,354,3964,4910,4296,501,1213,-247,-70,9165,0.3187,forrageando
27,1705082700,112639,-424810,2883,556,3966,1332,474,-2078,-680,51,12,50412,0.4156,forrageando
27,1705083000,112616,-424765,2687,450,3927,1417,-350,33,-518,-99,-197,37536,0.3756,forrageando
27,1705083300,112569,-424696,1372,2334,3938,-2228,1894,-1359,-492,8,134,11740,0.3716,forrageando
27,1705083600,112570,-424600,1219,2267,3934,-70,-3374,-60,-239,-384,-127,24332,0.3208,forrageando
27,1705083900,112579,-424687,2948,533,3945,-573,73,-898,-541,-493,203,15654,0.3042,forrageando
27,1705084200,112550,-424506,2160,2002,3899,-1588,-135,-1530,158,-125,-206,32027,0.3323,busca
27,1705084500,112520,-424447,3883,1698,3983,312,-1339,2,67,-20,-75,25430,0.2966,busca
27,1705084800,112493,-424400,2202,1981,3942,906,232,224,143,-175,77,45706,0.289,busca
27,1705085100,112517,-424331,261,2410,3978,1234,-201,57,-2,174,-20,56741,0.2477,transitando
27,1705085400,112481,-424248,68,2461,3922,-29,196,-212,-119,-44,3,21909,0.2479,transitando
27,1705085700,112493,-424349,269,2484,3979,564,-244,35,45,144,25,5904,0.2628,transitando
27,1705086000,112505,-424224,469,2331,3904,1286,543,170,-176,-65,51,2272,0.2325,transitando
27,1705086300,112417,-424299,274,2454,3985,2286,-624,132,46,87,-5,40765,0.2872,transitando
27,1705086600,112342,-424207,114,2498,3962,1833,-492,50,18,123,24,13246,0.4178,transitando
27,1705086900,112253,-424271,355,2393,3924,1021,118,-231,-119,-18,-47,35850,0.2987,transitando
27,1705087200,112155,-424338,160,2422,3943,726,711,377,22,-73,-41,28750,0.2787,transitando
27,1705087500,112123,-424216,336,2403,3906,981,84,225,-27,120,-10,63744,0.2498,transitando
27,1705087800,112209,-424108,163,2409,3975,1179,196,-40,-26,-147,-15,27855,0.3646,transitando
27,1705088100,112219,-424185,432,2372,3979,181,191,-192,-136,0,0,60777,0.2602,transitando
27,1705088400,112235,-424280,184,2422,3944,642,-42,-129,-89,-106,16,4557,0.3136,transitando
27,1705088700,112258,-424172,291,2514,3897,1521,399,-283,-129,-105,7,27747,0.1962,transitando
27,1705089000,112370,-424176,422,2387,3961,904,-204,13,-214,100,120,27802,0.3419,transitando
27,1705089300,112405,-424085,216,2451,3996,522,-268,-225,19,25,-14,40683,0.3647,transitando
27,1705089600,112314,-424066,480,2366,3981,1370,263,78,142,47,35,43573,0.4198,transitando
27,1705089900,112276,-424015,328,2489,3978,224,126,-438,44,45,-62,42533,0.3186,transitando
27,1705090200,112401,-424000,150,2475,3996,1012,-217,85,-141,156,57,30639,0.3206,transitando
27,1705090500,112530,-423915,305,2414,3996,1359,326,-89,19,55,34,41972,0.3603,transitando
27,1705090800,112439,-423931,156,2372,3963,814,285,-308,109,24,4,58929,0.5155,transitando
27,1705091100,112434,-423911,330,2418,3904,997,28,-201,-34,62,35,45062,0.2877,transitando
27,1705091400,112305,-423818,189,2527,3916,905,94,98,0,-118,51,42446,0.2942,transitando
27,1705091700,112413,-423818,275,2502,3906,1038,21,-375,30,148,-12,45486,0.3312,transitando
27,1705092000,112493,-423946,155,2421,3934,-245,-49,-40,29,-52,20,56858,0.4528,transitando
27,1705092300,112557,-423867,394,2506,3986,1198,66,-88,88,28,-48,49596,0.3342,transitando
27,1705092600,112485,-423970,257,2441,3986,218,96,-256,-52,-68,-85,40668,0.3023,transitando
27,1705092900,112349,-423936,426,2426,3914,1110,-9,-412,-18,218,47,19333,0.3649,transitando
27,1705093200,112390,-423968,371,2359,3903,1372,293,-313,95,54,-61,22715,0.4373,transitando
27,1705093500,112427,-424011,74,2498,3985,830,185,-12,-72,-129,-34,9870,0.3775,transitando
27,1705093800,112375,-423985,255,2325,3957,765,-203,259,-141,42,40,6883,0.3019,transitando
27,1705094100,112259,-424087,347,2497,3981,1432,334,-165,-40,65,-19,2386,0.3592,transitando
27,1705094400,112300,-424023,450,2419,3914,782,390,-138,-13,-64,-102,23289,0.4496,transitando
27,1705094700,112195,-424015,132,2385,3898,873,-486,-107,10,109,-26,51224,0.4206,transitando
27,1705095000,112115,-423987,462,2433,3945,1215,50,196,4,170,16,64603,0.2962,transitando
27,1705095300,112157,-423879,255,2525,3950,1211,-241,3,-47,-48,-21,60067,0.3397,transitando
27,1705095600,112226,-423988,477,2475,3987,1335,270,118,-22,83,57,36935,0.2728,transitando
27,1705095900,112293,-423874,243,2490,3959,1041,-107,-222,39,-21,-15,49545,0.3521,transitando
27,1705096200,112227,-423935,58,2453,3985,967,-223,70,142,37,68,40423,0.4237,transitando
27,1705096500,112133,-423897,463,2353,3899,988,14,170,-17,200,-51,33456,0.3456,transitando
27,1705096800,112095,-424019,423,2421,3959,698,17,82,59,-58,-31,26100,0.4142,transitando
27,1705097100,112013,-424093,275,2381,3912,407,499,-177,113,16,-10,50606,0.3166,transitando
27,1705097400,112119,-424112,357,2516,3905,1342,-95,255,-13,68,67,22390,0.4122,transitando
27,1705097700,112103,-424065,297,2427,3966,624,-64,205,211,-63,23,52020,0.4567,transitando
27,1705098000,112125,-424149,493,2383,3955,1198,-17,-104,-168,-36,-18,20415,0.4221,transitando
27,1705098300,112040,-424148,462,2393,3902,704,79,129,178,-114,-71,25219,0.4234,transitando
27,1705098600,112105,-424151,477,2462,3902,860,58,171,135,6,54,17171,0.3667,transitando
27,1705098900,112152,-424063,232,2465,3951,890,-314,-23,-95,97,-31,52135,0.3085,transitando
27,1705099200,112013,-424040,188,2489,3985,1213,-349,-240,-19,45,45,39827,0.3999,transitando
27,1705099500,112085,-423985,160,2476,3963,630,-356,69,25,48,97,51103,0.4065,transitando
27,1705099800,112114,-424048,271,2460,3970,62,-143,297,-18,25,35,63725,0.3875,transitando
27,1705100100,112146,-423963,219,2535,3983,745,226,439,-175,57,-43,8516,0.419,transitando
27,1705100400,112054,-423954,321,2418,3962,1072,484,-283,192,100,16,51999,0.3982,transitando
27,1705100700,111957,-423972,288,2419,3970,888,225,379,179,33,-15,42988,0.3083,transitando
27,1705101000,111817,-423977,105,2504,3989,802,244,479,46,52,-55,58318,0.2727,transitando
27,1705101300,111782,-424084,205,2503,3937,1254,-15,360,7,12,31,47311,0.4722,transitando
27,1705101600,111791,-424136,174,2439,3933,1508,94,3,114,-41,-27,17038,0.3436,transitando
27,1705101900,111709,-424218,192,2454,3945,1608,209,143,36,62,-26,23814,0.4345,transitando
27,1705102200,111672,-424247,488,2369,3966,713,25,-14,86,164,20,65134,0.3962,transitando
27,1705102500,111595,-424277,446,2428,3985,1312,-426,85,-104,-105,3,11029,0.3608,transitando
27,1705102800,111485,-424299,228,2528,3927,70,-112,91,2,196,10,29933,0.3036,transitando
27,1705103100,111519,-424445,339,2309,3964,1411,326,-114,162,-34,-31,64549,0.4042,transitando
27,1705103400,111609,-424463,497,2377,3960,1307,148,409,36,97,-98,61876,0.3203,transitando
27,1705103700,111650,-424568,383,2348,3900,972,228,-156,61,31,42,40859,0.3888,transitando
27,1705104000,111636,-424615,379,2477,3969,1414,-150,-66,84,-9,69,36250,0.5039,transitando
27,1705104300,111612,-424656,383,2406,3910,1207,295,44,-1,179,-8,31816,0.4878,transitando
27,1705104600,111668,-424623,380,2410,3939,1668,301,-221,2,134,-56,60295,0.3437,transitando
27,1705104900,111773,-424640,183,2463,3920,786,328,548,-149,142,-35,3479,0.5789,transitando
27,1705105200,111741,-424608,383,2420,3985,389,532,-86,32,-26,-66,27110,0.3455,transitando
27,1705105500,111591,-424656,53,2511,3930,1292,240,-83,24,-64,-21,45061,0.2777,transitando
27,1705105800,111651,-424771,485,2404,3959,644,334,-90,39,192,-58,6052,0.4039,transitando
27,1705106100,111626,-424659,214,2463,3915,1274,139,-143,-75,13,0,3625,0.4527,transitando
27,1705106400,111588,-424735,302,2438,3991,333,53,165,2,-42,26,33397,0.2973,transitando
27,1705106700,111699,-424740,197,2375,3978,81,-422,-389,140,-97,-20,11522,0.4213,transitando
27,1705107000,111680,-424660,368,2423,3983,1652,241,-53,-23,24,-68,32267,0.3812,transitando
27,1705107300,111776,-424671,376,2437,3949,1027,427,78,-33,100,42,21455,0.357,transitando
27,1705107600,111754,-424558,298,2427,3912,1241,56,128,117,8,-38,17449,0.2519,transitando
27,1705107900,111632,-424495,90,2483,3933,1478,554,-185,-208,-22,66,53055,0.5505,transitando
27,1705108200,111672,-424476,337,2451,3900,700,546,-124,65,70,14,40267,0.4341,transitando
27,1705108500,111560,-424512,443,2342,3928,516,51,-11,86,-71,9,41472,0.4746,transitando
27,1705108800,111494,-424433,89,2404,3916,1135,128,-226,-89,270,61,50941,0.3697,transitando
27,1705109100,111434,-424394,192,2407,3982,776,164,-139,-64,-161,-48,24709,0.4609,transitando
27,1705109400,111500,-424460,458,2424,3952,1298,113,-114,-79,-156,11,62906,0.4826,transitando
27,1705109700,111551,-424504,425,2413,3927,202,374,55,0,75,-27,17850,0.4315,transitando
27,1705110000,111557,-424562,486,2463,3917,110,-78,74,-276,-32,-66,46383,0.517,transitando
27,1705110300,111551,-424550,112,2562,3958,1298,-165,-28,32,-34,-48,46647,0.4845,transitando
27,1705110600,111622,-424586,408,2420,3932,474,299,-81,-69,-98,-53,64078,0.4348,transitando
27,1705110900,111665,-424546,73,2508,3936,1477,282,-208,80,39,10,20276,0.5665,transitando
27,1705111200,111631,-424547,87,2564,3959,1368,90,-147,23,-157,-72,43514,0.4109,transitando
27,1705111500,111675,-424545,413,2447,3933,1683,555,-40,153,51,29,39191,0.3178,transitando
27,1705111800,111795,-424580,309,2482,3945,544,-35,-21,161,41,76,15552,0.4212,transitando
27,1705112100,111815,-424651,187,2501,3899,1052,-284,-191,61,-14,-63,1393,0.4449,transitando
27,1705112400,111762,-424614,286,2391,3962,828,-187,0,26,73,-89,35586,0.3721,transitando
27,1705112700,111800,-424522,442,2358,3952,916,-291,71,-136,7,-22,43167,0.3282,transitando
27,1705113000,111718,-424599,288,2522,3957,793,-361,182,195,-61,-55,28787,0.4151,transitando
27,1705113300,111729,-424706,142,2467,3911,1152,372,167,-135,19,-10,14024,0.4081,transitando
27,1705113600,111735,-424752,350,2338,3969,2104,-387,22,28,-148,-115,56697,0.4058,transitando
27,1705113900,111727,-424677,387,2456,3924,954,-46,486,74,-104,26,39813,0.4239,transitando
27,1705114200,111775,-424764,62,2549,3921,1070,17,21,-147,23,42,43353,0.4098,transitando
27,1705114500,111811,-424785,84,2537,3979,1530,-147,141,109,20,-65,30138,0.4662,transitando
28,1705028400,115510,1730727,340,2378,3905,12,336,-549,392,136,-73,21199,0.3966,busca
28,1705028700,115494,1730816,1075,2279,3995,-168,263,-507,-106,229,199,3115,0.4728,busca
28,1705029000,115453,1730789,1528,2275,3919,-993,97,257,20,-126,-72,29127,0.4356,busca
28,1705029300,115500,1730788,616,2337,3945,1542,-1404,-464,1,-353,27,45502,0.3491,busca
28,1705029600,115564,1730836,828,2356,3995,-71,-1168,-28,-62,197,-30,51189,0.267,busca
28,1705029900,115584,1730766,1508,2212,3993,2220,-1613,-1338,111,-267,195,18229,0.4419,busca
28,1705030200,115512,1730810,601,2421,3904,-828,-993,118,-7,-63,1,53791,0.4383,busca
28,1705030500,115459,1730896,2064,2153,3927,1710,125,-604,-131,-254,42,60179,0.251,busca
28,1705030800,115340,1730827,1473,2190,3957,102,604,-815,33,251,-165,4345,0.4336,busca
28,1705031100,115230,1730790,1391,2215,3913,1805,-769,-303,122,-52,91,8675,0.4879,busca
28,1705031400,115283,1730741,1053,2325,3937,-108,507,-862,86,-434,-95,14538,0.4159,busca
28,1705031700,115359,1730741,437,2410,3922,1020,-1277,-617,-144,133,9,1893,0.4917,busca
28,1705032000,115400,1730804,1928,2120,3965,-1072,254,-1019,241,-23,89,41856,0.4819,busca
28,1705032300,115379,1730668,1952,2116,3925,1213,-50,-333,57,93,-215,6867,0.5915,busca
28,1705032600,115358,1730652,2248,2051,3946,2377,58,-37,-169,132,42,22321,0.4463,busca
28,1705032900,115389,1730627,1576,2219,3935,826,22,-768,75,-64,-165,48823,0.3777,busca
28,1705033200,115385,1730674,349,2489,3963,612,-609,-109,292,89,16,16807,0.454,busca
28,1705033500,115332,1730680,403,2490,3974,1440,-270,-947,563,96,20,25781,0.4269,busca
28,1705033800,115324,1730627,442,2483,3928,704,-2015,-686,-156,32,-275,28859,0.5334,busca
28,1705034100,115327,1730641,2045,2118,3906,972,880,-218,302,-201,155,33976,0.4614,busca
28,1705034400,115349,1730545,1407,2234,3956,1759,-259,-1025,-271,-241,89,35039,0.3824,busca
28,1705034700,115325,1730582,386,2449,3983,80,-251,120,-54,-112,98,31735,0.5113,busca
28,1705035000,115334,1730629,1551,2214,3939,2008,-1609,-206,-36,25,-26,32259,0.4876,busca
28,1705035300,115376,1730748,480,2503,3959,2680,471,-60,0,126,128,43634,0.4544,busca
28,1705035600,115351,1730732,1211,2241,3929,333,-878,-502,16,127,-94,52170,0.4465,busca
28,1705035900,115345,1730809,1797,2162,3969,-230,113,-710,118,87,-293,3569,0.468,busca
28,1705036200,115282,1730849,1941,2137,3912,-1692,290,-497,-149,-160,-114,684,0.4224,busca
28,1705036500,115233,1730878,1048,2306,3956,-1135,-57,-570,9,173,-325,61536,0.456,busca
28,1705036800,115170,1730923,1037,2434,3937,834,159,376,114,667,126,2296,0.5138,busca
28,1705037100,115201,1730960,1336,2241,3959,-496,538,-489,144,-2,61,64653,0.5305,busca
28,1705037400,115204,1730999,2192,2124,3931,-11,64,-149,-140,-185,-35,11107,0.4425,busca
28,1705037700,115195,1731058,1180,2234,3963,2326,-362,441,153,-164,-83,6821,0.4944,busca
28,1705038000,115224,1731017,792,2261,3991,-1010,94,-974,-315,93,84,45477,0.5793,busca
28,1705038300,115187,1730986,1709,2197,3908,269,-149,-604,466,46,-64,58205,0.4836,busca
28,1705038600,115147,1730935,1734,2183,3960,-1600,-709,-285,83,24,-26,56531,0.5136,busca
28,1705038900,115116,1730923,799,2356,3950,14,-96,-21,-265,-208,-31,28869,0.4384,busca
28,1705039200,115049,1730897,1385,2211,3983,630,-426,-1372,-44,-110,-74,26927,0.5408,busca
28,1705039500,115049,1730883,681,2418,3905,375,613,-789,-2,-139,3,10554,0.5788,busca
28,1705039800,115019,1730887,1295,2276,3929,637,-476,-685,334,-105,-131,21761,0.5272,busca
28,1705040100,114982,1730919,961,2348,3994,-931,1052,79,-338,79,-7,15079,0.4054,busca
28,1705040400,115040,1730865,877,2339,3921,1059,-2036,-465,-20,-440,-147,28887,0.563,busca
28,1705040700,115045,1730821,1635,2186,3941,648,542,-1265,-65,135,399,52928,0.4735,busca
28,1705041000,115167,1730880,632,2323,3979,603,-1810,172,43,211,-129,10466,0.4341,busca
28,1705041300,115226,1730876,1182,2295,3955,-53,1733,-1373,-155,-253,-322,50777,0.5549,busca
28,1705041600,115249,1730844,655,2365,3983,-598,-342,-905,-127,-53,43,9651,0.5432,busca
28,1705041900,115260,1730851,1175,2224,3988,243,-235,-224,343,18,192,48797,0.64,busca
28,1705042200,115257,1730829,442,2442,3975,-614,172,-556,40,199,291,65429,0.5782,busca
28,1705042500,115237,1730808,1177,2288,3988,49,-339,-52,22,101,131,63966,0.5524,busca
28,1705042800,115230,1730822,2188,2135,3954,2428,-395,299,-143,-96,-80,9393,0.5847,busca
28,1705043100,115257,1730831,352,2378,3915,64,-765,-794,-75,235,108,57093,0.6159,busca
28,1705043400,115231,1730813,1046,2331,3923,-874,-395,-306,-178,64,-185,2351,0.4578,busca
28,1705043700,115148,1730785,1156,2287,3930,746,-710,-884,-333,339,-63,743,0.5497,busca
28,1705044000,115167,1730804,917,2247,3958,-141,669,-1132,-18,-248,653,47763,0.5722,forrageando
28,1705044300,115175,1730797,1494,2260,3938,-4360,-10,1745,-693,93,-154,34626,0.3699,forrageando
28,1705044600,115225,1730730,672,2301,3998,487,452,-2045,613,-224,-396,54423,0.4876,forrageando
28,1705044900,115303,1730659,514,2384,3981,1546,1499,177,-181,-118,-384,36140,0.6774,forrageando
28,1705045200,115303,1730651,406,2350,3956,109,2977,-1735,454,259,-210,13044,0.5268,forrageando
28,1705045500,115297,1730628,622,2379,3957,-2227,-713,-2656,-308,158,-326,54280,0.6033,forrageando
28,1705045800,115291,1730630,318,2465,3975,-1251,736,-3031,407,-459,-61,53576,0.5261,forrageando
28,1705046100,115301,1730641,304,2349,3986,1570,-1941,-36,606,317,-72,49111,0.5443,forrageando
28,1705046400,115262,1730633,920,2286,3942,-1281,-989,-944,-237,345,-413,16511,0.4549,forrageando
28,1705046700,115223,1730612,281,2402,3991,531,777,503,-147,-73,346,9345,0.5078,forrageando
28,1705047000,115217,1730588,634,2261,3928,-698,1772,-299,977,-456,-394,14486,0.5507,forrageando
28,1705047300,115188,1730590,846,2379,3991,300,380,-617,-400,593,-120,38459,0.6396,forrageando
28,1705047600,115210,1730596,1558,2161,3940,-1770,1183,-679,195,-215,93,20558,0.4237,forrageando
28,1705047900,115261,1730659,595,2431,3983,743,-707,470,162,-1224,101,52146,0.4896,forrageando
28,1705048200,115312,1730675,839,2332,3931,-283,216,-940,-75,-499,32,9010,0.6364,forrageando
28,1705048500,115275,1730695,481,2428,3994,-375,-2180,-1529,41,-128,108,60637,0.5457,forrageando
28,1705048800,115250,1730718,1194,2223,3920,-1856,-2078,-993,-774,845,-356,18553,0.3347,forrageando
28,1705049100,115327,1730613,775,2387,3961,-1896,1858,-1388,146,311,-251,56662,0.4865,forrageando
28,1705049400,115278,1730603,655,2371,3939,1662,-847,-797,-283,-354,39,46057,0.5923,forrageando
28,1705049700,115290,1730629,405,2377,3984,1539,957,-158,150,71,-239,52401,0.5582,forrageando
28,1705050000,115319,1730660,8278,1071,3912,811,-1186,-390,-212,454,-465,61712,0.5378,forrageando
28,1705050300,115315,1730680,4308,694,3927,411,-1333,-1854,973,-248,-115,25879,0.5424,forrageando
28,1705050600,115330,1730689,8485,1004,3906,-780,1823,-1467,-580,-631,17,26370,0.4574,forrageando
28,1705050900,115394,1730752,7662,1020,3901,943,6691,-1162,288,70,-164,51665,0.5687,forrageando
28,1705051200,115383,1730751,2082,459,3941,2019,1528,-449,112,360,102,29137,0.5484,forrageando
28,1705051500,115373,1730744,5525,822,3927,-132,-379,-1215,744,354,-189,47282,0.5691,forrageando
28,1705051800,115372,1730720,7150,896,3952,-144,1369,-1557,725,820,253,17625,0.3698,forrageando
28,1705052100,115322,1730639,5130,664,3931,49,896,-1658,-428,447,-482,19831,0.5107,forrageando
28,1705052400,115341,1730611,7325,1038,3905,1038,-1643,-1520,-403,429,-8,5960,0.5073,forrageando
28,1705052700,115341,1730653,5384,747,3927,1917,-2030,-255,485,472,-212,39076,0.4097,forrageando
28,1705053000,115379,1730697,3384,514,3936,251,1121,-1723,496,-573,-73,58053,0.5593,forrageando
28,1705053300,115393,1730709,5981,842,3973,-863,1080,-1443,758,-659,474,58239,0.5951,forrageando
28,1705053600,115350,1730711,6399,788,3909,-1087,366,-1437,-557,-39,-178,64094,0.5409,forrageando
28,1705053900,115353,1730738,7963,1007,3943,2610,-1756,-2861,0,-972,297,42239,0.435,forrageando
28,1705054200,115285,1730651,6078,780,3940,1306,-14,-1663,-624,271,41,27862,0.4202,forrageando
28,1705054500,115227,1730715,6839,982,3998,-751,372,-482,-55,-669,403,27006,0.4835,forrageando
28,1705054800,115247,1730636,3820,679,3964,989,-1578,262,3,-312,89,42926,0.6641,forrageando
28,1705055100,115237,1730654,2777,488,3918,-1891,-614,-2206,673,-98,-210,32032,0.5825,forrageando
28,1705055400,115242,1730661,3856,548,3982,3633,-1970,-1658,20,466,145,23226,0.4783,forrageando
28,1705055700,115199,1730541,5093,537,3975,25,-582,1108,-150,-425,186,23377,0.6255,forrageando
28,1705056000,115206,1730555,4848,758,3994,1137,2951,-1441,213,-511,-137,53370,0.5195,forrageando
28,1705056300,115217,1730546,3293,527,3988,6583,-3237,349,806,-56,-11,61779,0.6049,forrageando
28,1705056600,115226,1730543,2583,468,3962,-2038,-17,-1881,305,-114,286,14076,0.6556,forrageando
28,1705056900,115221,1730494,8070,1040,3985,2640,-224,194,528,40,-327,57484,0.3976,forrageando
28,1705057200,115179,1730474,8085,982,3905,-172,2200,-940,116,673,-242,57131,0.438,forrageando
28,1705057500,115235,1730411,4619,641,3966,166,-1470,1313,-655,-464,392,882,0.3807,forrageando
28,1705057800,115187,1730409,4491,646,3919,-445,-864,-794,-482,211,-451,7017,0.4468,forrageando
28,1705058100,115205,1730419,8633,1152,3907,1718,11,-670,700,176,-531,8403,0.4626,forrageando
28,1705058400,115146,1730330,3826,576,3906,1458,-852,-136,217,-413,134,32511,0.4142,forrageando
28,1705058700,115208,1730380,6010,836,3935,-194,-647,-1056,-598,245,276,4848,0.4007,forrageando
28,1705059000,115219,1730519,3356,639,3981,-3048,680,1225,-178,1124,336,50469,0.4,forrageando
28,1705059300,115161,1730500,7037,952,3929,-221,130,-1638,-217,-662,-288,904,0.581,forrageando
28,1705059600,115168,1730491,2580,539,3982,-166,104,-248,422,139,95,9645,0.4092,forrageando
28,1705059900,115169,1730535,7345,987,3942,872,2530,-1518,125,-74,-162,5216,0.4959,forrageando
28,1705060200,115181,1730462,7549,972,3932,-795,687,-1253,363,77,-138,42032,0.5494,forrageando
28,1705060500,115233,1730465,4514,612,3966,1586,-2273,-435,150,-977,132,46461,0.535,forrageando
28,1705060800,115258,1730465,7224,882,3969,-615,-95,-1547,310,-232,-190,45372,0.46,forrageando
28,1705061100,115354,1730461,7200,983,3971,-3738,713,-2689,327,-796,562,64341,0.4263,forrageando
28,1705061400,115281,1730567,5230,765,3938,376,3367,-522,-59,-250,-308,36696,0.3998,forrageando
28,1705061700,115343,1730503,7258,913,3942,-817,-2209,-972,-687,956,558,41679,0.5618,forrageando
28,1705062000,115345,1730491,2573,460,3970,1912,-1838,605,-52,858,397,28741,0.4266,forrageando
28,1705062300,115334,1730444,8011,1058,3907,525,1186,-1663,19,120,-575,34509,0.5085,forrageando
28,1705062600,115323,1730444,5241,744,3900,-4499,-2168,-143,283,368,104,10980,0.4827,forrageando
28,1705062900,115212,1730482,8256,1101,3997,-1172,885,-108,-394,-218,-365,47689,0.4415,forrageando
28,1705063200,115125,1730428,7177,959,3964,-2524,-1044,-1631,-289,-779,-404,22975,0.3545,forrageando
28,1705063500,115198,1730381,3299,412,3984,-3083,-1511,-1898,422,288,153,56645,0.4734,forrageando
28,1705063800,115288,1730394,7422,931,3993,251,1671,-1092,536,1015,230,11068,0.5328,forrageando
28,1705064100,115258,1730427,3956,588,3979,-396,-224,-82,-452,-10,-61,49230,0.3664,forrageando
28,1705064400,115318,1730403,5559,771,3945,253,-1339,-2821,-223,-335,-66,8684,0.4329,forrageando
28,1705064700,115300,1730408,6267,814,3981,-196,105,-2091,161,-230,169,47339,0.5194,forrageando
28,1705065000,115265,1730417,3239,597,3944,671,-2513,-2195,226,296,-347,4375,0.4346,forrageando
28,1705065300,115185,1730401,5153,735,3975,10,209,-1045,90,232,-574,63833,0.3013,forrageando
28,1705065600,115155,1730265,4996,775,3990,-2272,-686,-1408,-232,-109,-389,25624,0.3179,forrageando
28,1705065900,115159,1730331,1887,2069,3940,-4905,1226,-920,406,-482,181,1755,0.4261,forrageando
28,1705066200,115173,1730167,4800,708,3907,1550,-544,-673,-105,-245,-416,24560,0.3698,forrageando
28,1705066500,115117,1730069,3619,545,3990,-210,-598,-2343,-46,-305,-59,14082,0.4099,forrageando
28,1705066800,115093,1730114,6329,824,3928,673,1534,25,-183,-320,610,26624,0.358,forrageando
28,1705067100,115068,1730107,7682,1028,3975,-1004,-2926,-269,389,-276,342,62500,0.275,forrageando
28,1705067400,114959,1730009,6867,911,3966,2938,3079,-865,-447,-73,-159,51890,0.5213,forrageando
28,1705067700,114967,1729982,7318,1003,3993,-1847,1734,-3364,-643,739,146,32676,0.3776,forrageando
28,1705068000,114983,1729970,8351,986,3933,-267,2111,-2310,232,-381,-281,3850,0.3603,forrageando
28,1705068300,114928,1730041,4258,650,3932,591,-447,-1745,-197,229,-68,19410,0.4149,forrageando
28,1705068600,114980,1730034,5150,733,3976,-3108,-1511,-2452,233,-105,25,13023,0.3565,forrageando
28,1705068900,114945,1730027,7748,979,3974,1419,-1567,-469,270,233,-561,14162,0.4221,forrageando
28,1705069200,115008,1729980,4073,522,3977,815,669,362,-303,-1512,296,23005,0.4863,forrageando
28,1705069500,115032,1730010,3838,573,3974,2064,639,-1678,711,-388,64,34238,0.3129,forrageando
28,1705069800,115107,1730073,5818,787,3911,699,560,-2147,-820,751,-169,47590,0.528,forrageando
28,1705070100,115089,1730084,6674,912,3908,600,182,-329,-1168,268,-689,5604,0.4085,forrageando
28,1705070400,115156,1730104,4326,663,3970,-695,-1819,-2080,15,-561,-701,27368,0.3124,forrageando
28,1705070700,115202,1730144,1725,2196,3965,1677,-802,-1591,919,55,179,13545,0.4063,forrageando
28,1705071000,115162,1730165,8316,1058,3977,2556,1730,-255,-1161,-385,-537,63455,0.4301,forrageando
28,1705071300,115272,1730138,6655,807,3975,-654,-468,-2456,-596,461,509,56844,0.3528,forrageando
28,1705071600,115227,1730114,3159,504,3983,-2156,-3087,-648,-77,-374,65,55333,0.5094,forrageando
28,1705071900,115232,1730134,5705,786,3943,1219,-2368,-1332,770,205,460,12753,0.2979,forrageando
28,1705072200,115270,1730029,5724,823,3908,-1592,378,682,-499,300,-101,32581,0.3891,forrageando
28,1705072500,115307,1730061,6205,735,3990,2993,4373,-2375,-1170,-167,-409,51759,0.3582,forrageando
28,1705072800,115351,1730044,7332,924,3984,1476,-1720,-1132,-749,601,18,52078,0.297,forrageando
28,1705073100,115318,1730014,3769,480,3991,1421,-793,-1401,1,-410,391,1519,0.3685,forrageando
28,1705073400,115307,1729952,1798,2203,3996,202,-1208,-1564,38,713,-2,52293,0.454,forrageando
28,1705073700,115343,1730059,5983,901,3978,2463,453,-1240,484,581,246,8134,0.4097,forrageando
28,1705074000,115339,1730037,8484,1097,3989,659,-3320,56,327,1142,5,21756,0.332,forrageando
28,1705074300,115205,1730141,3312,507,3935,4101,-3318,-2931,-38,-534,-383,61588,0.2609,forrageando
28,1705074600,115387,1730151,2460,437,3980,-1324,2272,-274,-57,650,-137,8582,0.4071,forrageando
28,1705074900,115480,1730120,8892,1076,3961,-3375,-213,-302,176,-665,244,20049,0.3297,forrageando
28,1705075200,115527,1730037,2680,2042,3908,1457,357,-1109,-80,275,-251,45600,0.2211,busca
28,1705075500,115623,1730061,1395,2324,3970,1788,-538,-1085,-24,-62,-66,38109,0.3664,busca
28,1705075800,115689,1730089,3577,1746,3992,1307,-1766,-380,-237,34,-68,18796,0.3582,busca
28,1705076100,115743,1730025,3814,1780,3979,847,-135,-123,53,128,-183,12497,0.3994,busca
28,1705076400,115756,1729978,1184,2290,3924,-5,224,5,-255,-6,395,6139,0.3159,busca
28,1705076700,115732,1730055,1601,2123,3978,-697,414,-834,100,-151,240,48677,0.2992,busca
28,1705077000,115869,1730092,3477,1681,3941,377,1471,-955,-4,-189,-33,43331,0.3276,busca
28,1705077300,115792,1730125,1877,2135,3908,1130,502,59,-46,288,45,31688,0.5126,busca
28,1705077600,115811,1730135,1375,2188,3973,-926,-385,-163,-119,-266,-7,11383,0.2678,busca
28,1705077900,115920,1730169,2479,1978,3938,977,-402,-1308,-146,21,56,35888,0.2486,busca
28,1705078200,116029,1730212,1760,2109,3941,-213,282,29,-87,80,146,46234,0.2751,busca
28,1705078500,116100,1730262,3392,1821,3985,-803,1443,284,-212,-76,104,8566,0.3063,busca
28,1705078800,116030,1730193,1682,2145,3927,1312,34,319,76,298,172,48127,0.3624,busca
28,1705079100,116079,1730131,2424,1961,3946,646,30,-215,0,270,346,12317,0.2552,busca
28,1705079400,116220,1730136,1948,2203,3995,961,178,-236,-178,-226,-92,16240,0.3775,busca
28,1705079700,116244,1730030,1864,2085,3915,1222,-307,229,-92,103,-235,1878,0.2967,busca
28,1705080000,116379,1729963,2169,2104,3940,-71,-411,185,-11,-170,-31,440,0.3137,busca
28,1705080300,116356,1730031,2160,2006,3927,215,196,117,73,143,18,10927,0.3131,busca
28,1705080600,116331,1730152,2312,1940,3946,467,-346,-1536,78,86,-246,15493,0.4314,busca
28,1705080900,116270,1730119,264,2517,3942,1290,-227,-116,-197,89,-33,55572,0.3243,transitando
28,1705081200,116417,1730141,551,2313,3972,1171,-105,-58,12,-38,90,7033,0.3102,transitando
28,1705081500,116535,1730060,147,2428,3943,1466,30,58,85,0,-51,53787,0.2756,transitando
28,1705081800,116657,1730120,210,2540,3928,456,-494,-261,-82,108,-4,14466,0.3221,transitando
28,1705082100,116727,1729998,447,2383,3908,1143,114,228,3,-32,33,40192,0.2916,transitando
28,1705082400,116614,1729999,256,2478,3969,1284,88,-216,-113,-77,-54,32832,0.2333,transitando
28,1705082700,116704,1730047,291,2499,3963,1179,596,-359,215,126,36,20606,0.3595,transitando
28,1705083000,116638,1730025,451,2381,3908,708,-281,65,-244,155,1,38685,0.2019,transitando
28,1705083300,116617,1730143,181,2507,3985,722,172,237,-6,102,11,9490,0.3116,transitando
28,1705083600,116730,1730171,343,2455,3975,1942,99,-81,-83,-89,46,10776,0.3684,transitando
28,1705083900,116631,1730141,417,2505,3915,922,-269,-6,-59,-53,-52,436,0.3029,transitando
28,1705084200,116520,1730127,451,2399,3974,519,423,207,-50,-27,15,57812,0.3636,transitando
28,1705084500,116456,1730113,231,2351,3990,372,136,-450,-42,8,-33,58930,0.2218,transitando
28,1705084800,116539,1730238,273,2458,3928,1193,-182,337,-139,50,-84,31943,0.2962,transitando
28,1705085100,116634,1730318,413,2367,3941,1308,-165,143,-42,65,40,4923,0.3535,transitando
28,1705085400,116608,1730428,248,2460,3960,922,340,60,-145,93,11,2226,0.3032,transitando
28,1705085700,116618,1730537,445,2465,3967,945,325,229,-42,-89,12,47895,0.2652,transitando
28,1705086000,116462,1730526,67,2444,3919,-236,60,137,-63,-93,27,20498,0.3208,transitando
28,1705086300,116363,1730468,375,2306,3897,2370,-41,-169,230,-68,8,55208,0.4793,transitando
28,1705086600,116452,1730399,350,2470,3964,1039,436,-36,90,-70,51,45131,0.2845,transitando
28,1705086900,116395,1730473,156,2433,3932,859,-176,-137,126,-130,55,62225,0.2824,transitando
28,1705087200,116309,1730379,390,2466,3910,788,52,114,37,-47,-83,26296,0.3297,transitando
28,1705087500,116401,1730309,262,2463,3930,925,231,-68,-60,-192,-44,17788,0.3441,transitando
28,1705087800,116483,1730230,477,2353,3962,648,145,-265,-75,-176,4,25520,0.294,transitando
28,1705088100,116552,1730364,171,2451,3912,1056,-461,-33,-36,75,34,54259,0.3028,transitando
28,1705088400,116647,1730252,227,2479,3915,912,94,318,-55,93,-20,33690,0.3425,transitando
28,1705088700,116757,1730179,375,2417,3952,1177,-271,320,-162,127,-14,51750,0.359,transitando
28,1705089000,116755,1730061,427,2369,3963,1397,598,-141,-112,1,-22,55220,0.4128,transitando
28,1705089300,116665,1730011,547,2540,3939,853,-146,-432,93,-10,-6,57938,0.3233,transitando
28,1705089600,116558,1729904,76,2517,3981,1229,-226,52,215,42,12,24455,0.3302,transitando
28,1705089900,116658,1729946,328,2453,3985,653,-223,-93,-73,-213,7,45761,0.328,transitando
28,1705090200,116552,1729914,61,2516,3931,1700,-601,248,87,13,-5,44873,0.3851,transitando
28,1705090500,116603,1729888,382,2378,3909,269,-149,2,132,89,63,5698,0.4645,transitando
28,1705090800,116550,1729864,416,2368,3950,791,-407,91,-9,85,26,1196,0.3478,transitando
28,1705091100,116392,1729895,445,2301,3937,1613,692,-325,-117,-156,-20,12432,0.3761,transitando
28,1705091400,116309,1729854,245,2399,3984,1241,-131,304,-25,54,6,5928,0.267,transitando
28,1705091700,116256,1729950,325,2444,3993,660,143,-18,-40,80,-28,46157,0.3297,transitando
28,1705092000,116275,1729819,98,2522,3914,1683,-96,-161,-77,66,43,20086,0.2554,transitando
28,1705092300,116294,1729680,418,2430,3914,1460,69,260,32,110,66,62640,0.3702,transitando
28,1705092600,116312,1729791,151,2482,3959,795,213,-436,61,65,-30,31030,0.3337,transitando
28,1705092900,116228,1729704,240,2471,3966,738,239,110,-56,-85,-41,17965,0.3398,transitando
28,1705093200,116357,1729611,327,2401,3980,497,113,115,75,110,1,43490,0.4472,transitando
28,1705093500,116369,1729678,219,2471,3953,61,206,88,74,-52,-97,37682,0.2279,transitando
28,1705093800,116340,1729830,66,2490,3910,602,375,121,42,5,13,11333,0.3064,transitando
28,1705094100,116423,1729809,232,2477,3916,1264,-111,-241,-42,-19,69,19297,0.3357,transitando
28,1705094400,116317,1729757,113,2427,3905,831,-28,241,144,72,-29,36410,0.3891,transitando
28,1705094700,116368,1729694,372,2361,3994,154,566,-121,120,-15,31,164,0.3956,transitando
28,1705095000,116445,1729776,309,2540,3900,1253,-173,-241,-47,51,15,63878,0.3765,transitando
28,1705095300,116334,1729846,260,2513,3900,-14,3,-146,-13,-153,-14,19863,0.281,transitando
28,1705095600,116256,1729726,269,2507,3962,913,528,199,-34,-1,60,56055,0.4127,transitando
28,1705095900,116251,1729800,328,2387,3953,1209,491,210,-40,-27,-12,28397,0.3129,transitando
28,1705096200,116152,1729713,87,2642,3970,2217,380,-130,171,-95,39,44768,0.3197,transitando
28,1705096500,116247,1729741,296,2415,3933,1381,-87,445,39,-150,17,43969,0.3822,transitando
28,1705096800,116263,1729666,399,2338,3902,769,-44,154,-86,-42,89,56187,0.3035,transitando
28,1705097100,116369,1729579,432,2455,3955,336,-491,-189,23,-47,29,41175,0.4831,transitando
28,1705097400,116437,1729618,418,2444,3996,975,-27,-49,-137,10,26,59389,0.2999,transitando
28,1705097700,116476,1729733,335,2408,3913,746,505,41,-85,152,25,10001,0.3795,transitando
28,1705098000,116383,1729700,471,2482,3996,998,-497,283,-68,180,142,50876,0.3021,transitando
28,1705098300,116256,1729634,371,2457,3987,1798,331,-82,79,-209,-9,15155,0.3006,transitando
28,1705098600,116364,1729699,499,2271,3992,2059,0,154,21,7,25,2489,0.4885,transitando
28,1705098900,116436,1729710,209,2427,3974,312,281,-110,142,-1,-16,3087,0.4102,transitando
28,1705099200,116506,1729699,289,2471,3945,244,121,265,10,197,-12,9718,0.3551,transitando
28,1705099500,116549,1729734,79,2508,3958,1175,30,-246,89,-37,68,2975,0.3474,transitando
28,1705099800,116441,1729776,477,2375,3959,1390,-334,162,96,3,51,5837,0.3716,transitando
28,1705100100,116358,1729774,291,2426,3942,-13,-168,211,-55,172,-80,41375,0.3973,transitando
28,1705100400,116314,1729797,135,2484,3968,1135,-35,-89,72,22,0,52152,0.2398,transitando
28,1705100700,116409,1729742,263,2426,3991,900,387,-110,-65,14,-27,11890,0.3306,transitando
28,1705101000,116364,1729821,267,2427,3913,1064,-88,124,59,-148,28,27933,0.2494,transitando
28,1705101300,116395,1729949,117,2468,3920,988,459,-39,150,-64,50,58742,0.3781,transitando
28,1705101600,116440,1729937,381,2401,3927,1143,415,18,-50,122,44,13295,0.345,transitando
28,1705101900,116527,1729894,262,2436,3965,1198,331,-383,13,-7,43,28121,0.372,transitando
28,1705102200,116621,1729904,279,2491,3992,1632,508,188,22,-47,82,7738,0.3337,transitando
28,1705102500,116723,1729966,173,2513,3906,1096,186,284,45,-1,16,12053,0.2913,transitando
28,1705102800,116624,1730020,152,2460,3981,383,146,-261,-286,76,41,39618,0.3925,transitando
28,1705103100,116556,1729967,576,2341,3947,648,305,-199,48,18,20,15837,0.3641,transitando
28,1705103400,116489,1729982,162,2462,3944,269,-227,311,178,-87,94,15033,0.2973,transitando
28,1705103700,116372,1729964,402,2371,3992,948,58,-307,2,-138,-22,10754,0.3487,transitando
28,1705104000,116396,1730061,238,2396,3940,1575,117,26,-100,-97,-38,28480,0.3384,transitando
28,1705104300,116349,1730155,343,2488,3918,724,-399,-69,67,-1,-13,31929,0.3362,transitando
28,1705104600,116329,1730269,57,2396,3968,763,-104,45,-2,-160,-15,32752,0.2862,transitando
28,1705104900,116415,1730206,48,2432,3995,610,225,-108,-81,16,-42,54734,0.3398,transitando
28,1705105200,116345,1730282,117,2507,3972,1149,189,-229,132,-48,-16,24402,0.2841,transitando
28,1705105500,116430,1730404,84,2532,3897,1023,-99,33,87,75,-30,13283,0.2944,transitando
28,1705105800,116340,1730521,175,2514,3920,1023,38,138,-75,66,-78,31948,0.4961,transitando
28,1705106100,116368,1730449,271,2462,3992,1395,-32,-88,-87,-173,-39,21307,0.4085,transitando
28,1705106400,116354,1730397,305,2442,3957,2029,-298,-234,185,167,-2,923,0.3381,transitando
28,1705106700,116420,1730516,317,2453,3901,1183,-439,76,127,107,-125,17341,0.4328,transitando
28,1705107000,116455,1730603,357,2467,3928,1921,342,305,-48,-83,-69,57673,0.3498,transitando
28,1705107300,116352,1730666,362,2415,3933,577,467,-347,129,175,11,23638,0.3508,transitando
28,1705107600,116315,1730647,239,2481,3978,1498,-131,-149,-59,-34,86,25323,0.3459,transitando
28,1705107900,116247,1730561,120,2474,3902,1050,-464,316,-66,189,-61,32500,0.3166,transitando
28,1705108200,116152,1730644,69,2559,3956,1274,355,-95,19,83,9,53811,0.5626,transitando
28,1705108500,116166,1730632,94,2486,3938,920,122,-50,96,26,-39,65175,0.2669,transitando
28,1705108800,116245,1730502,317,2373,3914,1681,-401,-206,76,74,-28,49330,0.51,transitando
28,1705109100,116265,1730530,383,2356,3953,905,-477,-174,-177,204,-29,3134,0.4758,transitando
28,1705109400,116322,1730548,219,2482,3990,1019,-101,197,-58,-39,-39,57059,0.4426,transitando
28,1705109700,116358,1730599,197,2477,3967,-200,567,157,243,63,-26,2048,0.2742,transitando
28,1705110000,116322,1730513,147,2573,3982,1262,-348,127,-73,-33,-43,22504,0.4856,transitando
28,1705110300,116308,1730427,101,2476,3993,895,-340,77,51,17,-76,34079,0.397,transitando
28,1705110600,116353,1730371,339,2376,3974,1020,-541,158,-19,205,28,53361,0.5131,transitando
28,1705110900,116333,1730404,403,2388,3908,1499,258,220,141,-36,-19,10614,0.397,transitando
28,1705111200,116378,1730388,215,2400,3961,289,105,-52,68,-39,-13,58679,0.3847,transitando
28,1705111500,116351,1730473,153,2424,3960,1496,-490,-87,37,209,-8,16138,0.4513,transitando
28,1705111800,116360,1730363,288,2433,3900,885,-133,-188,90,89,110,28635,0.3121,transitando
28,1705112100,116266,1730422,287,2532,3953,72,-203,-404,109,-6,93,35756,0.4403,transitando
28,1705112400,116322,1730414,171,2360,3976,741,472,-76,18,24,-52,54046,0.3474,transitando
28,1705112700,116389,1730349,539,2411,3904,1159,300,224,154,23,84,27055,0.4783,transitando
28,1705113000,116332,1730280,234,2433,3911,1940,-716,-157,-75,136,47,2020,0.3678,transitando
28,1705113300,116290,1730285,337,2392,3961,988,-316,-27,-87,108,6,58657,0.5008,transitando
28,1705113600,116277,1730292,366,2356,3995,913,-67,247,-119,315,20,26412,0.6232,transitando
28,1705113900,116247,1730302,88,2445,3917,1381,-133,273,-109,-104,27,62585,0.4923,transitando
28,1705114200,116220,1730350,180,2400,3953,984,4,76,48,-108,90,1811,0.424,transitando
28,1705114500,116300,1730351,242,2370,3932,1097,81,209,84,15,-24,27825,0.5131,transitando
29,1705028400,-520968,217151,1313,2266,3945,-684,-439,-118,235,-268,-92,28717,0.5407,busca
29,1705028700,-520991,217162,700,2356,3950,-392,109,-138,393,166,79,10134,0.3978,busca
29,1705029000,-521048,217227,816,2303,3963,31,756,-274,-203,-151,-90,5905,0.354,busca
29,1705029300,-521004,217272,1662,2219,3903,-100,-417,729,-41,-198,-48,18133,0.3653,busca
29,1705029600,-521048,217312,1535,2124,3938,-1134,367,-1015,252,-363,-29,31394,0.4446,busca
29,1705029900,-521008,217263,654,2383,3906,1000,-4,250,66,105,-82,42593,0.4987,busca
29,1705030200,-521024,217164,1748,2174,3910,-1685,1508,-739,-270,-272,-163,16984,0.2815,busca
29,1705030500,-520995,216956,318,2451,3905,301,622,-152,95,-117,-183,28512,0.3506,busca
29,1705030800,-520987,217075,1561,2171,3984,2308,-946,-1497,-200,74,35,37226,0.4035,busca
29,1705031100,-520977,216935,1269,2234,3903,835,727,-56,-279,-209,228,43887,0.3713,busca
29,1705031400,-520941,216856,676,2289,3925,987,-159,-609,-303,183,-118,63052,0.3666,busca
29,1705031700,-520994,216723,360,2392,3982,-462,109,-367,223,58,186,24180,0.4459,busca
29,1705032000,-521022,216710,681,2295,3969,2018,-4,-907,31,183,18,59840,0.531,busca
29,1705032300,-521026,216735,975,2306,3962,187,-525,190,-205,-97,71,48959,0.4312,busca
29,1705032600,-520992,216588,1536,2174,3954,85,-21,366,63,-51,176,28600,0.377,busca
29,1705032900,-521000,216705,1651,2184,3945,-1219,-301,-712,-42,-615,28,49144,0.4487,busca
29,1705033200,-521018,216640,438,2376,3984,-251,-833,-175,-70,-190,127,11878,0.4487,busca
29,1705033500,-521027,216535,1321,2204,3910,227,-953,-696,-116,-140,-30,48051,0.4907,busca
29,1705033800,-520958,216608,441,2410,3900,307,-262,-274,-170,87,143,431,0.4198,busca
29,1705034100,-520918,216575,1339,2131,3899,736,-245,-421,-2,-13,-19,33725,0.4198,busca
29,1705034400,-520972,216724,1273,2225,3925,851,113,385,123,133,37,27307,0.3322,busca
29,1705034700,-521093,216578,1689,2156,3924,951,-904,-426,42,284,-160,9639,0.3866,busca
29,1705035000,-521158,216670,511,2459,3927,441,941,-60,-329,-280,18,63315,0.417,busca
29,1705035300,-521176,216575,751,2333,3912,-218,138,-931,24,346,-28,63980,0.4619,busca
29,1705035600,-521213,216628,1280,2265,3953,2769,409,-1382,317,-297,25,20715,0.6225,forrageando
29,1705035900,-521232,216654,340,2392,3935,-646,1872,-1634,265,-201,-145,17736,0.5924,forrageando
29,1705036200,-521219,216685,440,2392,3917,3031,-4063,-576,878,-268,177,26597,0.444,forrageando
29,1705036500,-521180,216713,413,2440,3983,3363,-183,-3168,562,-222,-402,62169,0.4679,forrageando
29,1705036800,-521258,216768,1377,2254,3948,423,-240,-2591,-27,-321,-394,13027,0.3271,forrageando
29,1705037100,-521420,216675,363,2410,3975,-724,1123,-819,188,678,-99,34109,0.3277,forrageando
29,1705037400,-521567,216489,593,2307,3981,-1315,2150,217,-169,-442,-281,16742,0.4205,forrageando
29,1705037700,-521609,216387,372,2415,3903,1532,2396,-3815,166,-200,-24,31866,0.3795,forrageando
29,1705038000,-521604,216290,283,2493,3931,2248,1735,-243,-78,600,494,57645,0.466,forrageando
29,1705038300,-521583,216228,1310,2247,3942,818,981,-986,-109,84,159,45405,0.423,forrageando
29,1705038600,-521505,216340,176,2482,3918,-2248,-1282,529,412,-185,-557,63699,0.4097,forrageando
29,1705038900,-521470,216222,813,2394,3969,1163,-1565,-1186,38,-636,-314,45152,0.5695,forrageando
29,1705039200,-521487,216230,854,2329,3935,2211,2426,-1426,-231,680,-13,22730,0.4695,forrageando
29,1705039500,-521495,216316,1262,2198,3979,1854,754,-1115,180,616,250,64793,0.5203,forrageando
29,1705039800,-521526,216383,707,2365,3995,-1902,-2034,679,361,685,127,8439,0.5091,forrageando
29,1705040100,-521569,216423,789,2282,3987,625,67,-1491,-549,774,-120,13607,0.4354,forrageando
29,1705040400,-521524,216590,1221,2228,3905,-4020,-253,-1419,-68,413,-95,39688,0.5326,forrageando
29,1705040700,-521535,216566,801,2322,3911,2031,107,168,-1169,-656,455,2579,0.4773,forrageando
29,1705041000,-521530,216630,1316,2219,3959,-2468,266,-2274,31,546,-8,39523,0.5855,forrageando
29,1705041300,-521551,216611,756,2407,3967,2234,245,-267,385,-173,-236,35578,0.5582,forrageando
29,1705041600,-521565,216584,1052,2380,3939,955,870,-1200,-259,242,442,44986,0.4919,forrageando
29,1705041900,-521643,216569,756,2393,3903,-2206,1303,-2557,1050,834,113,37261,0.4966,forrageando
29,1705042200,-521693,216587,899,2271,3973,3628,-10,-1923,-231,121,-185,30438,0.5517,forrageando
29,1705042500,-521651,216579,786,2324,3929,4326,-367,-2262,393,223,46,55608,0.4461,forrageando
29,1705042800,-521679,216718,898,2332,3976,1010,-1471,851,637,524,545,48738,0.6363,forrageando
29,1705043100,-521675,216681,809,2360,3928,-2118,1380,256,-27,481,-157,10092,0.4558,forrageando
29,1705043400,-521695,216465,930,2233,3942,-1242,1391,-1286,-244,-1054,442,43190,0.5238,forrageando
29,1705043700,-521700,216554,1208,2221,3969,94,2981,-2417,-1219,-814,236,231,0.4643,forrageando
29,1705044000,-521691,216611,1359,2225,3970,502,-1444,-2335,657,-53,97,2845,0.4118,forrageando
29,1705044300,-521614,216811,650,2405,3959,22,3978,-1036,169,325,316,48673,0.5624,forrageando
29,1705044600,-521573,216804,730,2441,3957,15,1004,-1756,44,184,-369,47499,0.4743,forrageando
29,1705044900,-521483,216710,964,2382,3982,336,-765,361,-597,0,-469,8604,0.4248,forrageando
29,1705045200,-521528,216628,620,2333,3939,4182,-3716,33,366,570,535,21993,0.3926,forrageando
29,1705045500,-521438,216589,1239,2179,3913,989,-2488,-1190,-456,-139,-69,65246,0.398,forrageando
29,1705045800,-521469,216625,702,2456,3983,-2232,-3980,-2029,-206,426,413,32060,0.5722,forrageando
29,1705046100,-521457,216613,877,2336,3946,-1895,-374,-1412,-473,-1042,-104,28543,0.6583,forrageando
29,1705046400,-521504,216590,1066,2319,3931,1225,-2518,-389,-793,769,131,26368,0.6334,forrageando
29,1705046700,-521512,216584,1417,2265,3963,-1435,-124,-946,41,-1188,-359,20532,0.5804,forrageando
29,1705047000,-521554,216553,453,2462,3917,1526,-1664,-1773,-172,-101,603,59096,0.5449,forrageando
29,1705047300,-521589,216571,794,2291,3964,78,2478,926,-308,149,229,64317,0.4101,forrageando
29,1705047600,-521515,216786,1018,2278,3918,-236,2753,-1357,-198,1360,119,31737,0.5529,forrageando
29,1705047900,-521499,216779,723,2395,3914,-5643,2208,-1363,-338,-372,517,17962,0.6331,forrageando
29,1705048200,-521508,216791,1284,2241,3919,847,-1427,-741,544,289,-559,55296,0.5465,forrageando
29,1705048500,-521564,216752,1293,2296,3947,2443,1869,117,-586,-12,-258,62083,0.4747,forrageando
29,1705048800,-521654,216662,821,2407,3991,-1928,-71,-1071,-568,1403,-11,46877,0.5148,forrageando
29,1705049100,-521665,216623,1062,2295,3983,-614,-3436,-1493,946,908,425,1940,0.5204,forrageando
29,1705049400,-521636,216635,947,2349,3947,92,605,-1814,-667,183,-166,55279,0.5256,forrageando
29,1705049700,-521636,216616,539,2432,3991,-1018,-3115,430,-417,-151,-128,36480,0.597,forrageando
29,1705050000,-521650,216618,698,2257,3954,1992,-476,-2587,334,-452,-296,37731,0.4362,forrageando
29,1705050300,-521662,216589,2817,422,3940,3475,-4379,-756,-305,983,376,19948,0.559,forrageando
29,1705050600,-521697,216645,2760,564,3931,834,268,-499,216,135,455,10606,0.5682,forrageando
29,1705050900,-521699,216667,2996,482,3902,1076,1053,-2052,-753,461,-165,39108,0.5109,forrageando
29,1705051200,-521704,216634,530,2347,3989,51,-2800,-1261,376,-151,53,40995,0.4977,forrageando
29,1705051500,-521680,216549,2230,329,3969,-1599,1622,-354,399,-731,224,33258,0.5016,forrageando
29,1705051800,-521634,216538,934,2359,3985,-2203,1589,-2025,-51,209,562,40572,0.612,forrageando
29,1705052100,-521651,216545,1844,2078,3972,741,1249,384,-756,546,473,46281,0.6321,forrageando
29,1705052400,-521649,216529,1529,2207,3901,-998,960,-1152,-245,208,105,54824,0.5293,forrageando
29,1705052700,-521639,216511,1150,2222,3917,40,418,-2823,-315,273,-359,39410,0.4061,forrageando
29,1705053000,-521588,216376,2789,480,3998,0,-4163,-1371,-137,528,-69,52647,0.3836,forrageando
29,1705053300,-521545,216287,1980,2102,3910,3736,-1730,444,474,239,487,16004,0.5509,forrageando
29,1705053600,-521568,216318,1202,2244,3924,-384,303,-754,-81,-371,163,47013,0.57,forrageando
29,1705053900,-521584,216291,1778,2229,3917,-1415,371,-1262,215,-631,-527,27744,0.5742,forrageando
29,1705054200,-521620,216347,1571,2192,3958,2730,1347,-464,503,436,373,36913,0.4028,forrageando
29,1705054500,-521676,216290,2734,460,3946,3226,889,-1743,-144,-327,347,54591,0.4914,forrageando
29,1705054800,-521634,216138,1470,2135,3991,-418,359,-668,274,-278,91,25873,0.4831,forrageando
29,1705055100,-521683,216141,1870,2187,3906,630,1040,378,-309,-348,266,4405,0.4785,forrageando
29,1705055400,-521600,216193,2770,495,3996,-176,-2669,-1822,-84,-636,-339,26882,0.6432,forrageando
29,1705055700,-521633,216172,1140,2280,3979,-2566,-5339,-1840,807,179,-131,37896,0.6179,forrageando
29,1705056000,-521596,216250,1424,2240,3936,4163,-3034,-3022,39,442,-462,18316,0.5751,forrageando
29,1705056300,-521583,216264,894,2403,3987,46,-529,-2390,548,-145,-174,17196,0.5251,forrageando
29,1705056600,-521543,216263,1865,2131,3905,-695,2969,-1631,410,1019,27,51745,0.6205,forrageando
29,1705056900,-521530,216237,2087,406,3938,2916,-536,381,-27,-574,16,48404,0.5141,forrageando
29,1705057200,-521503,216224,2217,471,3946,2677,2816,-784,-93,1098,-449,59807,0.6517,forrageando
29,1705057500,-521483,216239,1018,2263,3912,-295,842,-1021,121,110,27,55463,0.7026,forrageando
29,1705057800,-521500,216222,900,2346,3917,-1167,1276,-1507,-556,211,149,38164,0.5267,forrageando
29,1705058100,-521495,216199,955,2342,3993,-2206,-3069,-1414,-450,-33,512,32220,0.565,forrageando
29,1705058400,-521549,216199,2697,527,3982,605,1503,-1592,202,-184,6,16032,0.4274,forrageando
29,1705058700,-521564,216404,2827,438,3910,-682,-1575,-1380,19,-585,-241,6491,0.6063,forrageando
29,1705059000,-521527,216416,3053,531,3937,-99,219,-650,-138,-363,-431,45498,0.5119,forrageando
29,1705059300,-521528,216436,1989,2062,3968,-612,3683,-1039,-41,195,-267,21510,0.4796,forrageando
29,1705059600,-521641,216450,672,2306,3947,77,274,-2228,468,-17,278,20875,0.4348,forrageando
29,1705059900,-521639,216234,1132,2338,3919,373,2409,-1783,526,-682,20,14146,0.4235,forrageando
29,1705060200,-521673,216282,1016,2269,3931,1924,638,-1299,-37,529,263,4471,0.4234,forrageando
29,1705060500,-521751,216363,679,2378,3900,-1658,1726,-650,-687,394,-58,42118,0.4979,forrageando
29,1705060800,-521850,216446,1333,2235,3963,-264,-703,-391,-148,85,751,20011,0.4387,forrageando
29,1705061100,-521779,216459,2557,450,3973,-1238,247,-3043,287,-63,-35,41188,0.4829,forrageando
29,1705061400,-521648,216460,787,2308,3970,-1094,779,-575,-1309,-370,-197,32170,0.3136,forrageando
29,1705061700,-521691,216579,1761,2173,3972,-23,-1014,1272,-414,-166,-34,46154,0.4519,forrageando
29,1705062000,-521578,216698,2349,438,3927,-2550,-2141,-2578,-598,40,-145,2356,0.4848,forrageando
29,1705062300,-521643,216697,1966,2045,3906,1354,-312,-1455,-23,-143,-543,13794,0.469,forrageando
29,1705062600,-521639,216800,2201,435,3965,-1691,-1588,-1925,294,-366,146,44011,0.4977,forrageando
29,1705062900,-521604,216657,2172,395,3910,-2560,1670,-450,-139,443,20,46478,0.3785,forrageando
29,1705063200,-521616,216612,1704,2120,3928,-3163,-3279,-1012,-906,158,420,33598,0.4501,forrageando
29,1705063500,-521513,216611,1442,2213,3951,3453,2863,-1356,323,267,-38,62987,0.5089,forrageando
29,1705063800,-521530,216589,1367,2214,3990,-1883,-894,-851,277,-121,52,26542,0.5506,forrageando
29,1705064100,-521544,216578,2215,415,3949,-3517,-1507,145,-378,320,112,53557,0.3194,forrageando
29,1705064400,-521616,216685,1644,2195,3940,1873,2792,-686,-744,-116,-98,59560,0.4532,forrageando
29,1705064700,-521570,216744,1235,2268,3931,735,-1996,-566,96,957,-572,28531,0.45,forrageando
29,1705065000,-521546,216877,1257,2308,3922,-1956,527,-1822,909,-92,338,48924,0.3746,forrageando
29,1705065300,-521606,216842,688,2396,3954,-50,2148,-1082,508,-208,551,36989,0.4333,forrageando
29,1705065600,-521558,216780,1986,2090,3912,1245,1288,-426,-184,56,63,62171,0.4147,forrageando
29,1705065900,-521678,216791,1678,2103,3958,1098,930,-3011,-289,204,-229,652,0.3964,forrageando
29,1705066200,-521586,216868,1360,2285,3981,-1586,-642,-1025,-738,-401,-148,57868,0.2765,forrageando
29,1705066500,-521554,216977,1276,2219,3958,128,2100,-1933,-2,1243,-120,9962,0.4412,forrageando
29,1705066800,-521539,217038,2048,364,3970,4246,1107,-743,-285,-311,131,52241,0.5501,forrageando
29,1705067100,-521549,217071,569,2365,3954,2768,-1064,-1707,237,456,-172,36849,0.3637,forrageando
29,1705067400,-521497,216939,1046,2213,3995,-447,-345,-3248,-380,-815,131,5954,0.3531,forrageando
29,1705067700,-521509,217047,2622,549,3938,1700,1407,-1125,-625,1123,-101,15980,0.4309,forrageando
29,1705068000,-521578,217050,2382,459,3939,-1250,-884,-481,1371,180,27,37451,0.4345,forrageando
29,1705068300,-521553,217033,2589,2086,3962,-17,763,-1087,-261,-248,140,14690,0.3131,busca
29,1705068600,-521605,216835,1076,2316,3965,-1008,-214,-944,-7,262,177,62497,0.3242,busca
29,1705068900,-521577,216986,1362,2211,3922,-648,1417,-623,249,-152,-23,24142,0.3018,busca
29,1705069200,-521409,217064,4178,1658,3961,789,136,-810,-115,233,75,50324,0.3518,busca
29,1705069500,-521367,217129,3085,1849,3945,483,806,-368,-122,-124,105,4635,0.3488,busca
29,1705069800,-521295,217178,3077,1893,3991,-84,1306,-681,124,-145,-100,53264,0.374,busca
29,1705070100,-521366,217254,2860,1968,3951,998,1185,-681,-29,337,-88,45770,0.4495,busca
29,1705070400,-521324,217243,356,2378,3984,1229,93,-168,50,-11,45,31507,0.3362,transitando
29,1705070700,-521204,217136,504,2436,3993,969,27,151,-143,-107,15,61227,0.2915,transitando
29,1705071000,-521141,216942,401,2432,3897,680,310,389,43,6,-17,14260,0.2775,transitando
29,1705071300,-521235,216978,361,2395,3903,995,98,-196,15,-94,3,23227,0.3213,transitando
29,1705071600,-521330,216880,451,2531,3918,388,728,-415,-66,-61,32,61810,0.2808,transitando
29,1705071900,-521243,216980,265,2392,3936,1591,257,-426,-95,85,-15,13032,0.3868,transitando
29,1705072200,-521295,217123,422,2356,3942,178,-265,-25,146,-63,-88,51033,0.3292,transitando
29,1705072500,-521153,217128,156,2457,3975,551,-125,150,18,-76,-43,10305,0.3555,transitando
29,1705072800,-521188,217004,239,2469,3990,1164,-58,-300,-71,-44,34,60550,0.2787,transitando
29,1705073100,-521090,217065,200,2416,3969,1113,-115,328,-46,-123,18,3478,0.3213,transitando
29,1705073400,-521181,216973,223,2486,3907,911,177,-107,-148,92,0,8551,0.2954,transitando
29,1705073700,-521266,217080,299,2440,3946,670,445,93,-128,-12,-14,47761,0.2089,transitando
29,1705074000,-521411,217051,125,2434,3899,981,20,64,81,90,79,31873,0.3769,transitando
29,1705074300,-521464,217195,172,2502,3948,1061,221,147,25,97,41,16214,0.4274,transitando
29,1705074600,-521527,217116,395,2412,3905,490,462,-334,-19,-217,83,3548,0.3674,transitando
29,1705074900,-521435,217162,101,2431,3950,238,-13,-73,176,-17,-42,12165,0.2948,transitando
29,1705075200,-521571,217112,496,2423,3942,1909,296,168,-7,12,-1,55798,0.4029,transitando
29,1705075500,-521445,217171,264,2448,3939,2019,-13,78,40,9,-40,26835,0.2658,transitando
29,1705075800,-521297,217214,73,2521,3963,944,-475,-111,109,60,43,44983,0.3483,transitando
29,1705076100,-521381,217172,487,2449,3912,796,-351,163,87,-198,79,153,0.374,transitando
29,1705076400,-521472,217193,522,2392,3927,1036,-194,-425,-10,6,101,35270,0.3298,transitando
29,1705076700,-521514,217031,157,2483,3979,1278,-434,197,0,-39,51,16104,0.2913,transitando
29,1705077000,-521404,217053,385,2459,3974,233,-237,36,50,33,-4,39162,0.2884,transitando
29,1705077300,-521333,216856,179,2495,3969,27,369,256,-54,-11,-15,36210,0.3219,transitando
29,1705077600,-521220,216942,277,2455,3906,424,-320,13,69,-7,55,16480,0.2364,transitando
29,1705077900,-521316,216922,483,2364,3972,482,136,-37,74,-157,-26,65175,0.2572,transitando
29,1705078200,-521297,216688,54,2469,3928,1013,-286,232,130,-217,25,46725,0.2405,transitando
29,1705078500,-521200,216721,556,2400,3992,911,-524,110,165,-218,-11,18760,0.2585,transitando
29,1705078800,-521240,216922,144,2502,3908,457,-271,252,40,11,114,65433,0.3057,transitando
29,1705079100,-521347,216962,335,2409,3944,316,-377,-38,-27,29,67,63243,0.3813,transitando
29,1705079400,-521436,216931,56,2415,3971,1456,-38,-172,127,-135,0,19556,0.3661,transitando
29,1705079700,-521501,217004,303,2505,3965,1382,482,-146,40,-38,-18,53897,0.3542,transitando
29,1705080000,-521435,216998,332,2418,3921,568,-236,55,64,-14,20,41214,0.3446,transitando
29,1705080300,-521560,217100,103,2414,3961,284,-207,-147,-4,37,-50,54666,0.5244,transitando
29,1705080600,-521532,217144,55,2540,3935,1095,25,67,37,-28,-5,40060,0.2117,transitando
29,1705080900,-521498,217264,327,2432,3979,1757,258,201,-13,-36,30,40786,0.371,transitando
29,1705081200,-521556,217250,440,2392,3899,709,147,-18,96,3,44,60124,0.3603,transitando
29,1705081500,-521501,217194,326,2493,3942,867,370,-235,-33,106,-5,37044,0.3055,transitando
29,1705081800,-521578,216969,370,2412,3981,727,-147,-270,33,0,31,36307,0.3774,transitando
29,1705082100,-521622,216839,283,2402,3931,379,-269,-211,102,-24,-19,32013,0.379,transitando
29,1705082400,-521656,216979,447,2436,3988,490,631,-343,172,-33,16,34931,0.3555,transitando
29,1705082700,-521691,216843,407,2428,3971,1205,176,-256,-33,-62,-66,49330,0.3156,transitando
29,1705083000,-521762,216931,295,2456,3973,1607,-224,-190,-64,7,-14,44868,0.2788,transitando
29,1705083300,-521857,216844,94,2453,3989,1702,-299,156,-44,-23,9,23031,0.2622,transitando
29,1705083600,-521973,216834,66,2449,3939,733,-483,73,51,47,-21,42901,0.3289,transitando
29,1705083900,-521997,216669,83,2513,3949,1848,-97,-200,-154,-118,4,21725,0.2903,transitando
29,1705084200,-521915,216555,60,2486,3991,1274,49,-147,-126,54,64,33193,0.2881,transitando
29,1705084500,-522004,216491,432,2406,3898,905,5,80,2,-85,53,57508,0.2732,transitando
29,1705084800,-521918,216439,138,2399,3904,294,157,-5,83,-184,19,28994,0.3037,transitando
29,1705085100,-521811,216325,339,2382,3912,1287,-547,-41,171,35,7,34412,0.3222,transitando
29,1705085400,-521921,216252,330,2440,3961,1482,233,145,188,-155,44,37488,0.2283,transitando
29,1705085700,-522018,216252,414,2560,3939,742,-748,236,35,15,38,39941,0.3547,transitando
29,1705086000,-521986,216358,215,2467,3962,1775,-641,-53,-114,68,14,63636,0.2497,transitando
29,1705086300,-521892,216500,534,2391,3953,840,576,21,93,109,36,4052,0.3202,transitando
29,1705086600,-521994,216537,156,2509,3951,1310,278,486,60,32,-4,36333,0.3416,transitando
29,1705086900,-521944,216678,464,2363,3994,903,311,76,73,21,-46,17395,0.3689,transitando
29,1705087200,-522042,216609,472,2387,3931,220,195,19,81,60,-41,4949,0.2537,transitando
29,1705087500,-521959,216721,158,2501,3993,661,-436,167,-49,75,18,60409,0.2891,transitando
29,1705087800,-521837,216645,148,2517,3929,963,130,133,-135,-75,37,5292,0.3288,transitando
29,1705088100,-521735,216788,200,2406,3949,995,-52,91,196,108,-57,3581,0.2497,transitando
29,1705088400,-521865,216820,558,2470,3945,785,-427,-44,-24,50,-68,42185,0.3146,transitando
29,1705088700,-521908,216707,438,2288,3947,532,75,-76,-194,-43,-42,21309,0.186,transitando
29,1705089000,-521801,216656,131,2461,3972,1118,36,-225,-70,-28,-124,49957,0.2948,transitando
29,1705089300,-521953,216556,187,2408,3972,1035,-177,257,-259,3,-33,8648,0.4093,transitando
29,1705089600,-522044,216526,89,2530,3974,1933,-523,26,-4,-69,-38,39500,0.4221,transitando
29,1705089900,-521953,216596,283,2418,3917,1057,-743,-203,-94,137,62,8181,0.2914,transitando
29,1705090200,-521971,216760,335,2392,3956,899,280,80,-90,95,-45,35076,0.2925,transitando
29,1705090500,-521854,216707,380,2538,3906,1093,-314,-15,15,-131,-17,33497,0.4399,transitando
29,1705090800,-521797,216844,88,2466,3971,802,-13,-148,-78,99,67,59184,0.2926,transitando
29,1705091100,-521743,217016,110,2437,3960,1259,79,244,-67,191,-75,2055,0.3775,transitando
29,1705091400,-521742,216909,367,2399,3909,96,261,21,31,84,41,13625,0.3,transitando
29,1705091700,-521875,216963,402,2402,3983,1530,52,-241,-46,-112,-9,26242,0.3088,transitando
29,1705092000,-521880,216807,386,2449,3910,904,207,112,47,-30,25,63515,0.3183,transitando
29,1705092300,-521951,216695,163,2409,3897,613,61,170,-70,-27,45,57813,0.4556,transitando
29,1705092600,-521925,216620,303,2339,3926,1830,-58,-158,7,86,-97,29611,0.3992,transitando
29,1705092900,-521932,216768,511,2276,3940,732,3,87,-7,8,-50,27780,0.3215,transitando
29,1705093200,-521980,216591,393,2405,3952,993,-273,-91,-58,126,-91,6685,0.2551,transitando
29,1705093500,-521852,216658,58,2475,3970,674,399,-185,-51,-137,70,8226,0.2262,transitando
29,1705093800,-521864,216497,331,2432,3938,908,-480,105,20,-149,-73,51633,0.3892,transitando
29,1705094100,-521879,216361,68,2416,3952,581,548,-271,188,-94,-7,60076,0.4091,transitando
29,1705094400,-521813,216323,525,2349,3937,817,260,-518,55,-107,-84,46337,0.313,transitando
29,1705094700,-521815,216143,350,2448,3978,303,165,51,-55,-36,-58,28251,0.3255,transitando
29,1705095000,-521820,215957,93,2433,3907,1207,-464,124,-22,21,29,38507,0.4764,transitando
29,1705095300,-521845,216131,395,2472,3908,1766,562,-142,-42,71,-10,28101,0.3715,transitando
29,1705095600,-521815,216249,441,2438,3970,496,252,-290,141,-269,21,10194,0.4054,transitando
29,1705095900,-521766,216317,147,2493,3955,1206,-237,116,-97,-31,41,5419,0.4145,transitando
29,1705096200,-521780,216455,488,2370,3955,780,517,84,190,55,-15,23608,0.5067,transitando
29,1705096500,-521792,216456,223,2520,3974,533,44,156,-33,163,-145,37662,0.4078,transitando
29,1705096800,-521827,216293,336,2497,3953,1749,-6,23,67,-52,33,19642,0.451,transitando
29,1705097100,-521937,216320,214,2459,3905,791,-281,27,6,73,20,33010,0.2776,transitando
29,1705097400,-521988,216211,102,2448,3974,1359,15,208,-49,77,6,62459,0.3994,transitando
29,1705097700,-521920,216183,211,2443,3976,508,282,-32,-211,170,-46,29238,0.399,transitando
29,1705098000,-521833,216129,264,2364,3947,631,-213,-41,-17,-60,-145,13791,0.5013,transitando
29,1705098300,-521808,216131,337,2397,3947,1058,20,-83,-9,-40,42,36291,0.3568,transitando
29,1705098600,-521859,216225,275,2479,3949,1893,38,-37,-68,40,-1,45834,0.3418,transitando
29,1705098900,-521894,216408,160,2545,3947,1173,441,272,28,-96,-1,44718,0.3716,transitando
29,1705099200,-521843,216334,446,2395,3959,684,175,-191,-19,133,45,28892,0.4003,transitando
29,1705099500,-521749,216422,57,2514,3926,597,157,-22,-75,-201,61,12640,0.3923,transitando
29,1705099800,-521708,216553,117,2421,3950,1343,-136,-45,-122,126,-1,42059,0.326,transitando
29,1705100100,-521767,216425,289,2391,3959,1191,147,65,40,8,-145,36664,0.3666,transitando
29,1705100400,-521729,216366,325,2373,3911,634,-48,228,135,42,1,12438,0.3237,transitando
29,1705100700,-521821,216253,461,2359,3921,839,-285,72,115,164,-156,24622,0.5195,transitando
29,1705101000,-521854,216279,404,2433,3943,1003,-268,-18,-49,167,-113,24098,0.2391,transitando
29,1705101300,-521937,216157,274,2439,3939,1894,486,94,90,-53,99,33978,0.3183,transitando
29,1705101600,-521988,216342,434,2379,3915,900,506,-377,85,-64,-46,18767,0.3941,transitando
29,1705101900,-522069,216400,330,2417,3993,1856,434,-259,-7,-65,34,14548,0.3996,transitando
29,1705102200,-522011,216567,275,2364,3916,1867,385,-206,153,171,-11,26760,0.3669,transitando
29,1705102500,-522010,216380,379,2420,3992,1366,-46,-365,-54,-123,50,15188,0.3178,transitando
29,1705102800,-521948,216571,103,2550,3966,1299,-286,-397,54,95,-37,15597,0.325,transitando
29,1705103100,-522085,216500,126,2374,3978,661,-73,197,99,0,56,31102,0.3648,transitando
29,1705103400,-522146,216460,383,2429,3946,1024,-125,53,158,-79,10,39824,0.3066,transitando
29,1705103700,-522005,216492,103,2512,3953,388,206,-303,-58,-168,19,38534,0.3444,transitando
29,1705104000,-522068,216672,448,2339,3947,1061,-49,-83,-63,-233,-41,30367,0.4383,transitando
29,1705104300,-522159,216779,487,2414,3903,1774,-312,14,58,81,111,58632,0.4268,transitando
29,1705104600,-522131,216658,108,2462,3902,649,65,46,-105,-11,11,52183,0.3457,transitando
29,1705104900,-522119,216877,246,2362,3986,1123,683,-329,-127,68,-57,38494,0.3985,transitando
29,1705105200,-522117,216980,400,2358,3976,461,-474,-64,222,-50,-7,26623,0.2695,transitando
29,1705105500,-522104,217160,451,2340,3994,1239,115,186,35,-17,-36,18839,0.3188,transitando
29,1705105800,-521999,217261,287,2467,3965,1387,429,76,-190,15,-7,29714,0.413,transitando
29,1705106100,-522076,217215,276,2439,3994,1195,-16,-95,105,-47,21,8275,0.3841,transitando
29,1705106400,-522019,217167,516,2421,3909,406,312,55,-52,77,-25,13837,0.4462,transitando
29,1705106700,-521944,217204,104,2557,3919,1535,221,-499,64,88,-72,1226,0.3429,transitando
29,1705107000,-522058,217107,83,2460,3980,1520,64,-82,255,-113,-53,28969,0.4432,transitando
29,1705107300,-522021,217200,170,2488,3957,392,-176,217,-85,38,-16,65287,0.3663,transitando
29,1705107600,-522057,217362,235,2405,3990,501,15,54,13,104,-61,64150,0.4265,transitando
29,1705107900,-522033,217277,431,2386,3917,906,167,196,-64,-45,-85,41199,0.4298,transitando
29,1705108200,-522007,217442,312,2452,3974,788,120,-401,90,-88,-24,24171,0.4813,transitando
29,1705108500,-521944,217285,233,2439,3938,710,-193,-191,95,217,30,16275,0.3893,transitando
29,1705108800,-521981,217363,268,2383,3905,458,-180,-394,108,20,-52,25773,0.4779,transitando
29,1705109100,-522036,217521,287,2349,3912,24,-91,76,40,137,32,26247,0.3654,transitando
29,1705109400,-522027,217437,292,2421,3953,859,442,-152,38,33,4,57905,0.5694,transitando
29,1705109700,-522010,217431,309,2441,3931,1234,-4,-109,-1,-22,147,2179,0.495,transitando
29,1705110000,-521947,217512,194,2467,3966,1344,92,-47,-84,92,-92,10101,0.3651,transitando
29,1705110300,-521900,217507,83,2437,3899,1761,196,437,-15,40,-81,56318,0.4916,transitando
29,1705110600,-521900,217373,209,2461,3940,587,159,-336,-57,-86,14,61233,0.4613,transitando
29,1705110900,-521943,217228,147,2434,3958,1459,368,188,-51,102,-5,9220,0.4856,transitando
29,1705111200,-522022,217338,385,2450,3913,699,276,138,36,288,31,40739,0.3797,transitando
29,1705111500,-522075,217336,164,2433,3976,1031,-113,419,184,-31,17,8178,0.4439,transitando
29,1705111800,-521966,217271,373,2500,3984,1303,16,-250,-1,-237,-5,49736,0.4458,transitando
29,1705112100,-521900,217289,479,2365,3934,923,-164,-304,164,-59,-42,40040,0.5657,transitando
29,1705112400,-521923,217218,298,2494,3919,1325,-591,-389,-66,40,17,5906,0.4082,transitando
29,1705112700,-521899,217272,259,2527,3933,1370,3184,-1169,-7,-742,169,54217,0.4509,forrageando
29,1705113000,-521873,217443,1052,2232,3924,1734,1014,1948,99,-745,-96,8688,0.3129,forrageando
29,1705113300,-521880,217340,290,2443,3992,-1575,-305,-1347,-165,736,341,19576,0.5004,forrageando
29,1705113600,-521843,217322,914,2155,3939,919,-3052,-2446,44,245,-155,61360,0.3546,forrageando
29,1705113900,-521924,217292,227,2507,3942,-179,106,-1357,25,-157,36,22089,0.4665,forrageando
29,1705114200,-521927,217378,544,2374,3910,-2278,-2960,-1316,248,-693,191,15365,0.5055,forrageando
29,1705114500,-521911,217431,1040,2217,3988,-316,853,-838,592,-326,-70,30782,0.5416,forrageando
30,1705028400,-145118,-203910,1152,2209,3945,1572,-1114,-382,-130,-236,-1,63084,0.2832,busca
30,1705028700,-145034,-203984,650,2238,3963,-1110,-2385,-509,-88,79,204,27442,0.4693,busca
30,1705029000,-144956,-204039,507,2454,3900,-278,-885,-440,-230,-26,74,48565,0.4946,busca
30,1705029300,-144886,-204068,1420,2211,3978,1351,234,-165,-267,-157,49,42541,0.454,busca
30,1705029600,-144883,-204035,342,2461,3916,929,-1534,-394,-107,-49,91,15237,0.481,busca
30,1705029900,-144870,-203957,640,2333,3996,-284,-826,-691,-156,78,-75,13077,0.4934,busca
30,1705030200,-144821,-203972,1390,2196,3993,1920,-167,-477,-305,-52,-131,1878,0.4675,busca
30,1705030500,-144837,-204060,2170,2062,3938,1852,305,707,279,166,74,64863,0.6149,busca
30,1705030800,-144842,-204029,1528,2244,3974,167,232,-425,225,-110,-156,31292,0.3345,busca
30,1705031100,-144955,-204044,1569,2223,3984,1287,1538,-24,176,276,84,23523,0.2328,busca
30,1705031400,-144993,-203934,604,2346,3907,-706,-1376,-956,-86,756,227,50687,0.4216,busca
30,1705031700,-144921,-203852,1677,2255,3970,2625,837,-833,-277,129,207,22943,0.2229,busca
30,1705032000,-145076,-203897,700,2374,3902,1800,-440,252,-127,-161,37,18175,0.5282,busca
30,1705032300,-145101,-203907,409,2455,3921,844,741,62,366,361,129,53163,0.44,busca
30,1705032600,-145110,-203971,2076,2117,3972,1141,70,-186,-172,-127,157,8441,0.4761,busca
30,1705032900,-145195,-203996,421,2468,3932,699,186,72,-66,-5,-8,23135,0.4292,busca
30,1705033200,-145168,-203916,1342,2308,3981,502,1038,-455,-78,-18,220,60218,0.4176,busca
30,1705033500,-145129,-203884,1960,2193,3947,1938,459,-61,250,-75,-104,17100,0.5059,busca
30,1705033800,-145146,-203854,1732,2085,3992,1182,-576,-376,-216,-123,15,40183,0.45,busca
30,1705034100,-145140,-203893,1038,2279,3974,685,-414,-1179,30,539,19,10600,0.5348,busca
30,1705034400,-145122,-203873,1371,2257,3963,385,-691,-942,43,255,9,30729,0.4406,busca
30,1705034700,-145135,-203815,1323,2210,3996,2132,663,-38,-132,150,-316,30349,0.4332,busca
30,1705035000,-145087,-203891,1436,2241,3925,576,582,684,15,-162,-154,5934,0.4184,busca
30,1705035300,-145221,-203862,1336,2217,3961,-12,122,-38,-31,209,-6,50071,0.3149,busca
30,1705035600,-145272,-203786,420,2354,3911,425,-709,-771,-20,-74,-168,11265,0.4855,busca
30,1705035900,-145335,-203810,701,2354,3908,25,727,-1504,-22,-120,9,31098,0.4102,busca
30,1705036200,-145451,-203740,859,2296,3994,2159,224,-499,-205,309,512,19539,0.3629,busca
30,1705036500,-145370,-203711,1227,2265,3931,-1243,451,-762,-305,131,8,19085,0.5613,busca
30,1705036800,-145352,-203705,1140,2224,3994,1980,687,-688,-209,29,-235,825,0.4446,busca
30,1705037100,-145411,-203733,1078,2355,3929,-432,-704,-242,-68,-86,-216,16963,0.453,busca
30,1705037400,-145430,-203696,1628,2222,3978,-590,-1423,-942,-204,-345,10,6741,0.5026,busca
30,1705037700,-145414,-203697,581,2412,3996,2187,-245,-855,18,498,142,45615,0.333,busca
30,1705038000,-145479,-203666,960,2267,3947,219,-193,496,-13,8,-32,57139,0.4097,busca
30,1705038300,-145537,-203700,609,2380,3940,1490,563,-501,-199,64,-86,29302,0.5088,busca
30,1705038600,-145504,-203679,443,2405,3914,2561,300,-804,77,356,-5,6307,0.3988,busca
30,1705038900,-145602,-203669,475,2314,3904,1550,-637,-228,316,62,-15,48437,0.4359,busca
30,1705039200,-145523,-203761,2131,2035,3934,1250,-754,-1323,-71,-26,284,44532,0.4558,busca
30,1705039500,-145436,-203747,2026,2194,3912,-287,1858,-803,689,306,61,10981,0.5076,busca
30,1705039800,-145421,-203753,1667,2244,3905,-508,-728,-197,-54,-21,-178,24973,0.527,busca
30,1705040100,-145407,-203770,1702,2138,3998,525,852,-834,-166,-15,-208,9068,0.399,busca
30,1705040400,-145368,-203835,1267,2105,3925,3794,-843,-432,-99,101,21,6037,0.4601,busca
30,1705040700,-145315,-203835,772,2348,3961,1169,1146,-113,30,132,-130,57914,0.5084,busca
30,1705041000,-145331,-203870,947,2245,3914,-177,-188,67,-108,-51,-150,62210,0.4737,busca
30,1705041300,-145276,-203769,751,2406,3942,474,-697,-1485,164,156,87,54443,0.3843,busca
30,1705041600,-145195,-203796,583,2376,3951,-1012,476,-943,-66,202,-273,44649,0.4813,busca
30,1705041900,-145155,-203745,867,2295,3964,1350,124,-535,-114,306,111,26052,0.4751,busca
30,1705042200,-145127,-203814,912,2244,3998,508,-936,-137,-66,56,50,23900,0.5382,busca
30,1705042500,-145134,-203786,1301,2114,3938,794,-274,-921,-73,231,49,7408,0.624,busca
30,1705042800,-145143,-203817,490,2414,3937,1267,473,-696,185,233,72,26928,0.5255,busca
30,1705043100,-145147,-203837,748,2383,3996,1163,-806,-437,-414,488,46,52822,0.4914,busca
30,1705043400,-145107,-203807,914,2305,3921,1038,645,-980,102,-260,-37,39714,0.4034,busca
30,1705043700,-145085,-203724,2279,1955,3912,1629,401,-578,235,-308,198,57671,0.5952,busca
30,1705044000,-145087,-203768,918,2394,3976,230,-721,-482,89,185,14,10225,0.3994,busca
30,1705044300,-145064,-203808,1961,2056,3935,470,-1451,-691,-152,85,-42,55455,0.4994,busca
30,1705044600,-145052,-203936,1876,2127,3961,-932,67,-1316,-108,29,-195,40394,0.504,busca
30,1705044900,-145031,-203954,1470,2227,3919,738,524,-922,51,-236,-279,7675,0.4173,busca
30,1705045200,-145100,-203937,1819,2099,3929,-1339,-2202,-800,-259,275,-10,63331,0.5829,busca
30,1705045500,-145124,-203951,1359,2203,3912,300,44,-1395,314,-94,-97,9542,0.6153,busca
30,1705045800,-145099,-203959,323,2432,3942,1077,444,-312,215,-172,-373,57705,0.4787,busca
30,1705046100,-145061,-203842,1386,2253,3966,-436,1089,177,0,-530,-149,46728,0.4806,busca
30,1705046400,-145113,-203899,2017,2145,3964,2983,1049,-210,259,-173,47,32026,0.4558,busca
30,1705046700,-145158,-203896,1814,2160,3990,0,-773,-355,133,-235,359,36258,0.6494,busca
30,1705047000,-145164,-203904,1838,2139,3997,197,-4,157,-341,-169,103,61420,0.6368,busca
30,1705047300,-145148,-203943,1314,2224,3994,1195,-3694,-1133,-135,-5,490,39001,0.654,forrageando
30,1705047600,-145138,-203953,557,2391,3986,1255,658,-1741,-178,1111,-306,2278,0.6016,forrageando
30,1705047900,-145115,-203960,1192,2237,3981,2222,2141,-1413,-105,-2,58,64146,0.6159,forrageando
30,1705048200,-145134,-203908,395,2493,3944,1939,-1410,-591,594,-729,127,49912,0.5645,forrageando
30,1705048500,-145127,-203918,771,2329,3904,1068,3000,-522,-748,555,-755,31180,0.7032,forrageando
30,1705048800,-145139,-203898,1365,2273,3936,1829,-1414,-1404,597,-298,282,12726,0.5589,forrageando
30,1705049100,-145118,-203881,290,2416,3995,-1029,356,-2266,243,-458,-112,22201,0.6879,forrageando
30,1705049400,-145109,-203858,487,2456,3959,-860,-2384,-1843,-42,510,407,50480,0.5557,forrageando
30,1705049700,-145156,-203837,651,2262,3981,971,-1880,-1722,-468,-344,248,28802,0.5838,forrageando
30,1705050000,-145146,-203836,694,2373,3910,781,161,-525,575,184,-21,36155,0.4622,forrageando
30,1705050300,-145125,-203824,778,2352,3938,417,-325,-1875,730,314,271,53631,0.4578,forrageando
30,1705050600,-145081,-203769,2231,394,3939,-2810,-2239,-997,-268,11,66,55784,0.4566,forrageando
30,1705050900,-145068,-203751,1612,2167,3950,77,1555,-1162,812,561,-313,41558,0.5975,forrageando
30,1705051200,-145085,-203715,1365,2259,3992,1184,1794,814,-244,-270,-100,63543,0.5148,forrageando
30,1705051500,-145105,-203719,2272,510,3963,-1373,-2234,-125,-348,253,-105,11577,0.5438,forrageando
30,1705051800,-145128,-203718,1156,2303,3903,-215,1164,-490,-940,52,-503,22509,0.5583,forrageando
30,1705052100,-145136,-203695,777,2275,3981,1525,-1897,-1667,-3,368,-137,74,0.4992,forrageando
30,1705052400,-145007,-203637,1483,2214,3979,5210,-1252,5,146,-21,-345,11731,0.3797,forrageando
30,1705052700,-145018,-203581,1739,2169,3924,-759,-1689,-2660,808,391,327,25276,0.5136,forrageando
30,1705053000,-145029,-203561,2552,369,3918,-2857,868,70,-742,514,-345,63972,0.548,forrageando
30,1705053300,-145017,-203555,978,2355,3957,-2203,1593,-1094,-743,-95,-120,11145,0.6584,forrageando
30,1705053600,-145032,-203542,1670,2186,3990,-84,-752,-2180,920,128,203,61209,0.5877,forrageando
30,1705053900,-145032,-203558,996,2214,3905,-302,-1840,-1210,-142,741,260,27874,0.5158,forrageando
30,1705054200,-145056,-203566,994,2347,3964,-3570,-2412,202,148,-174,-212,27247,0.5834,forrageando
30,1705054500,-145063,-203539,1809,2121,3954,429,884,-117,-1125,-245,148,2291,0.5804,forrageando
30,1705054800,-145066,-203523,2204,423,3959,2346,1017,1315,131,102,-299,26171,0.3949,forrageando
30,1705055100,-145093,-203517,1919,2120,3951,557,2011,-548,344,199,264,999,0.5439,forrageando
30,1705055400,-145098,-203540,2037,420,3977,-425,-2359,-1067,990,-322,7,10518,0.5858,forrageando
30,1705055700,-145096,-203558,1819,2104,3960,178,490,-2003,-227,-435,-208,13721,0.4121,forrageando
30,1705056000,-145123,-203464,2090,371,3942,490,-2026,-923,394,-723,629,19969,0.603,forrageando
30,1705056300,-145106,-203453,1635,2233,3901,650,3648,-1379,699,721,331,58359,0.4326,forrageando
30,1705056600,-145171,-203443,666,2395,3944,-2650,383,-2522,-324,-162,-251,15782,0.5485,forrageando
30,1705056900,-145169,-203456,1460,2260,3945,510,-1339,521,421,-237,495,62411,0.4394,forrageando
30,1705057200,-145166,-203366,1616,2153,3914,3688,191,-3802,57,504,241,29276,0.5387,forrageando
30,1705057500,-145168,-203378,1940,2108,3932,-1822,1529,-1934,751,-530,79,2441,0.5053,forrageando
30,1705057800,-145187,-203399,1015,2252,3942,-2194,-959,922,207,455,-67,15001,0.6628,forrageando
30,1705058100,-145166,-203372,774,2457,3929,1628,444,-2477,1029,577,-68,47661,0.38,forrageando
30,1705058400,-145197,-203320,1210,2258,3904,5963,781,-1036,-225,-335,-54,28913,0.5162,forrageando
30,1705058700,-145223,-203350,2183,417,3933,1485,1488,-750,740,-50,271,46720,0.4703,forrageando
30,1705059000,-145260,-203360,3280,569,3926,423,-1204,-384,111,-560,290,50319,0.4986,forrageando
30,1705059300,-145257,-203337,1779,2089,3982,4010,855,-2543,491,-366,-254,32684,0.5802,forrageando
30,1705059600,-145278,-203331,3352,517,3917,-53,3769,-652,-646,-528,55,28769,0.4066,forrageando
30,1705059900,-145299,-203357,2392,442,3909,90,-2369,-1857,180,282,424,42944,0.4862,forrageando
30,1705060200,-145296,-203388,1596,2200,3899,414,1211,-1584,-347,403,-91,58169,0.4269,forrageando
30,1705060500,-145261,-203444,1684,2187,3907,-383,1252,-518,-391,509,-105,61,0.3543,forrageando
30,1705060800,-145265,-203539,2376,367,3984,-873,2684,-1376,-395,-731,181,14155,0.47,forrageando
30,1705061100,-145128,-203505,2993,477,3935,1186,-206,-142,-170,-484,-176,11571,0.4001,forrageando
30,1705061400,-145090,-203570,798,2302,3987,3642,-12,42,-338,187,33,2910,0.5808,forrageando
30,1705061700,-145102,-203555,2725,527,3966,5837,-103,-721,720,193,390,36764,0.419,forrageando
30,1705062000,-145141,-203482,1684,2204,3909,-2624,-2144,-726,-108,-155,70,41152,0.4676,forrageando
30,1705062300,-145190,-203476,1872,2048,3977,1771,91,-711,389,-567,733,22265,0.4871,forrageando
30,1705062600,-145280,-203466,1712,2062,3919,-866,866,24,183,-69,-12,64685,0.5021,forrageando
30,1705062900,-145288,-203492,2127,415,3960,-4733,6006,-1448,-199,401,-148,58869,0.4505,forrageando
30,1705063200,-145241,-203471,1261,2242,3917,1256,246,-951,397,316,373,21981,0.4275,forrageando
30,1705063500,-145229,-203439,2472,383,3991,1146,316,-1622,-817,-775,-43,46723,0.4211,forrageando
30,1705063800,-145164,-203442,2403,482,3966,402,-735,-747,650,-115,-569,20769,0.4316,forrageando
30,1705064100,-145131,-203399,1811,2138,3920,466,-1439,-1537,21,-969,105,53486,0.2362,forrageando
30,1705064400,-145237,-203483,1270,2246,3945,363,-2259,-2560,-900,152,317,24471,0.4509,forrageando
30,1705064700,-145341,-203405,2211,399,3957,-3665,1684,-583,673,-174,-97,13614,0.3367,forrageando
30,1705065000,-145372,-203371,756,2403,3968,-1851,-1504,-724,-456,-60,-376,62112,0.3715,forrageando
30,1705065300,-145390,-203364,3380,1801,3906,249,-260,-144,29,148,128,10368,0.2372,busca
30,1705065600,-145316,-203430,1304,2224,3990,-316,-897,-736,248,166,-199,30297,0.4476,busca
30,1705065900,-145394,-203400,1233,2283,3899,-927,250,-964,59,245,-301,10809,0.3316,busca
30,1705066200,-145389,-203277,3350,1842,3967,915,541,-47,163,458,29,47286,0.3521,busca
30,1705066500,-145463,-203284,2579,2003,3899,1251,513,-1049,-247,4,-54,61730,0.3996,busca
30,1705066800,-145436,-203204,2801,1894,3976,217,-195,-625,240,169,-124,58769,0.5457,busca
30,1705067100,-145434,-203218,1299,2190,3951,24,446,-1355,112,48,215,28945,0.2564,busca
30,1705067400,-145327,-203281,4156,1623,3932,341,61,-713,131,-96,-98,61273,0.3276,busca
30,1705067700,-145446,-203219,2663,1969,3915,952,668,200,-216,-31,82,26058,0.3493,busca
30,1705068000,-145380,-203333,1841,2163,3963,1832,403,-625,48,-284,177,8758,0.3739,busca
30,1705068300,-145373,-203449,2397,1952,3910,181,721,151,22,-146,-356,60826,0.4222,busca
30,1705068600,-145410,-203525,3183,1826,3974,-615,483,-1265,288,262,94,6618,0.2552,busca
30,1705068900,-145457,-203599,2677,2023,3964,523,223,-41,-107,134,135,37549,0.2036,busca
30,1705069200,-145454,-203511,3635,1768,3966,78,455,66,30,171,-133,59606,0.3844,busca
30,1705069500,-145492,-203513,2708,1904,3940,612,-1011,-537,-19,-37,138,16355,0.43,busca
30,1705069800,-145406,-203461,4380,1567,3914,1557,-261,-760,-164,349,-29,20177,0.463,busca
30,1705070100,-145467,-203485,2175,2030,3996,-832,-604,-892,98,170,-25,22633,0.369,busca
30,1705070400,-145392,-203501,1564,2119,3930,2864,-1375,-778,-81,92,-162,39503,0.4354,busca
30,1705070700,-145351,-203571,2959,1907,3987,1994,34,-355,101,172,76,56682,0.2979,busca
30,1705071000,-145254,-203559,2706,2000,3927,1152,734,-787,-66,-186,53,29996,0.3477,busca
30,1705071300,-145361,-203500,2620,1991,3963,-372,-81,-1681,-103,8,-193,9720,0.4301,busca
30,1705071600,-145380,-203423,949,2362,3967,126,-614,-12,-447,-50,76,35891,0.2682,busca
30,1705071900,-145407,-203514,1024,2298,3937,126,1343,-356,-116,65,91,20346,0.4506,busca
30,1705072200,-145365,-203534,2765,1921,3930,-176,96,-594,-217,-136,24,37863,0.4374,busca
30,1705072500,-145477,-203571,1352,2299,3920,-410,285,-1305,-50,-13,-334,50516,0.4543,busca
30,1705072800,-145452,-203520,3089,1888,3993,1384,7,-133,-155,271,-6,59549,0.4367,busca
30,1705073100,-145424,-203545,1568,2121,3978,154,-480,177,93,-80,133,49489,0.416,busca
30,1705073400,-145449,-203495,3237,1794,3954,962,754,-571,-82,-133,-36,1638,0.3471,busca
30,1705073700,-145461,-203394,2458,2026,3972,-1525,-816,476,302,327,-78,30752,0.408,busca
30,1705074000,-145506,-203344,2502,2021,3935,351,1392,-996,-100,-170,56,52933,0.3557,busca
30,1705074300,-145524,-203270,2577,2008,3930,511,-1411,-630,248,-378,-234,37744,0.4421,busca
30,1705074600,-145575,-203303,3080,1837,3942,2657,853,92,-393,51,-38,8551,0.2504,busca
30,1705074900,-145690,-203334,2422,2082,3986,1483,1402,-56,-52,-133,-100,48580,0.3864,busca
30,1705075200,-145750,-203341,3964,1662,3966,1185,-234,-1204,131,-67,-94,21310,0.3425,busca
30,1705075500,-145767,-203428,2775,1935,3990,-57,-44,-920,120,98,-64,57286,0.3501,busca
30,1705075800,-145776,-203524,1471,2238,3970,-379,-849,-34,-39,118,-176,25681,0.3898,busca
30,1705076100,-145868,-203571,2891,2002,3949,2901,-980,-272,87,351,18,29716,0.3137,busca
30,1705076400,-145841,-203487,2761,1930,3909,727,-500,-1085,225,171,-65,34539,0.369,busca
30,1705076700,-145862,-203540,1286,2296,3914,2198,393,904,7,-167,103,14773,0.4496,busca
30,1705077000,-145837,-203480,1080,2395,3941,803,-1103,-1423,-125,4,-281,3688,0.3601,busca
30,1705077300,-145835,-203439,3853,1737,3905,746,95,-795,-397,-145,12,21451,0.3747,busca
30,1705077600,-145862,-203325,1333,2318,3912,1192,-409,-835,125,27,6,40865,0.3904,busca
30,1705077900,-145939,-203366,2432,1956,3910,-1288,615,-224,14,-47,196,12113,0.2952,busca
30,1705078200,-145946,-203487,4389,1740,3947,68,38,-213,64,186,261,12459,0.332,busca
30,1705078500,-145827,-203435,3564,1766,3951,218,-764,-1923,-32,-20,139,3349,0.2966,busca
30,1705078800,-145871,-203541,2363,1990,3910,292,661,-337,-45,-274,24,31921,0.2477,busca
30,1705079100,-145877,-203660,1970,2048,3926,1209,-1239,-1258,51,-211,-258,52777,0.455,busca
30,1705079400,-145983,-203724,2180,2050,3956,-1350,1072,-69,-11,273,-42,13869,0.4031,busca
30,1705079700,-145937,-203791,1237,2249,3909,565,8,-984,-232,-125,-337,40121,0.3001,busca
30,1705080000,-145892,-203665,2765,1975,3972,1288,-498,-366,171,-102,-204,38283,0.2277,busca
30,1705080300,-145886,-203740,3508,1836,3948,1514,257,-615,247,-224,-261,62481,0.4451,busca
30,1705080600,-145839,-203766,2248,2086,3941,-298,-869,-1696,-345,407,-109,24469,0.3598,busca
30,1705080900,-145856,-203809,3177,1815,3927,404,-926,-19,-382,-87,210,4002,0.2647,busca
30,1705081200,-145820,-203651,1452,2252,3996,111,-1134,-1180,-64,-55,26,20781,0.3371,busca
30,1705081500,-145813,-203595,3089,1862,3904,-1760,-823,-1062,-30,186,-454,48213,0.3068,busca
30,1705081800,-145919,-203492,3876,1774,3989,1333,-537,-805,218,111,36,26786,0.3259,busca
30,1705082100,-145934,-203620,1208,2204,3930,36,419,-1154,138,99,-42,59173,0.3496,busca
30,1705082400,-145985,-203510,2703,1997,3960,1565,60,187,33,374,-115,30264,0.2851,busca
30,1705082700,-145922,-203647,1514,2197,3954,458,-924,-428,-111,-192,303,19782,0.3482,busca
30,1705083000,-145877,-203616,3128,1857,3939,143,938,-1212,-31,-69,5,50840,0.3904,busca
30,1705083300,-145910,-203623,3295,1917,3914,1906,1488,-165,64,128,144,62884,0.3241,busca
30,1705083600,-145888,-203553,3993,1728,3939,284,244,-884,321,-207,98,42910,0.3344,busca
30,1705083900,-145865,-203661,200,2475,3932,2221,-274,48,-41,55,0,36193,0.323,transitando
30,1705084200,-145888,-203825,138,2476,3947,464,-475,-258,-140,-51,64,3815,0.3175,transitando
30,1705084500,-145997,-203910,252,2421,3957,1159,-594,-202,38,135,-15,17881,0.3432,transitando
30,1705084800,-145911,-204010,547,2485,3903,715,-163,279,55,101,14,28254,0.2811,transitando
30,1705085100,-145898,-203867,192,2483,3930,478,-230,-34,-140,-45,-8,23548,0.3494,transitando
30,1705085400,-146019,-203848,341,2508,3951,1339,23,-334,145,71,1,16680,0.349,transitando
30,1705085700,-145916,-203837,412,2397,3936,391,41,-7,13,-124,-16,37133,0.3333,transitando
30,1705086000,-145987,-203774,279,2413,3936,612,-337,36,-126,-102,-74,3633,0.2458,transitando
30,1705086300,-145902,-203691,498,2458,3935,1010,208,-22,87,-161,6,9369,0.3607,transitando
30,1705086600,-145854,-203725,333,2428,3959,656,130,59,-157,93,-25,34082,0.3341,transitando
30,1705086900,-145712,-203684,87,2461,3995,1118,435,-215,-100,36,60,21311,0.3176,transitando
30,1705087200,-145678,-203797,237,2456,3922,220,-164,368,-64,-94,-27,53031,0.3096,transitando
30,1705087500,-145589,-203835,296,2418,3974,865,93,107,-88,-33,-49,39578,0.2328,transitando
30,1705087800,-145593,-203961,141,2481,3951,1311,207,52,105,128,-27,32157,0.3173,transitando
30,1705088100,-145660,-204070,235,2414,3909,882,-226,-301,160,-40,-22,40887,0.282,transitando
30,1705088400,-145637,-203966,140,2413,3934,763,260,-4,-92,116,1,42726,0.3565,transitando
30,1705088700,-145698,-203948,323,2427,3959,1396,130,143,-49,129,16,43868,0.2805,transitando
30,1705089000,-145596,-203904,555,2364,3990,1783,300,123,67,-57,78,5009,0.2521,transitando
30,1705089300,-145502,-203832,58,2402,3948,1176,-15,-351,-28,62,-13,52825,0.2978,transitando
30,1705089600,-145611,-203892,375,2393,3953,944,61,-195,94,-76,-48,65298,0.487,transitando
30,1705089900,-145549,-203982,78,2476,3960,1141,-384,131,26,-42,1,23020,0.4051,transitando
30,1705090200,-145514,-203952,197,2394,3926,906,-428,-128,191,55,37,33286,0.3702,transitando
30,1705090500,-145588,-203908,144,2439,3960,801,465,46,-198,37,68,15271,0.3756,transitando
30,1705090800,-145622,-203874,419,2445,3983,1928,-98,138,220,104,24,52703,0.4032,transitando
30,1705091100,-145524,-203877,65,2387,3976,996,-497,-37,54,-67,7,45581,0.3391,transitando
30,1705091400,-145594,-203826,255,2424,3928,1315,72,59,26,-48,58,17507,0.4872,transitando
30,1705091700,-145548,-203877,108,2516,3926,1568,51,-166,-156,-121,-60,57331,0.2642,transitando
30,1705092000,-145447,-203820,479,2540,3898,1154,193,-150,-37,-119,36,52821,0.379,transitando
30,1705092300,-145547,-203832,408,2471,3923,1386,-193,9,-127,-195,17,53272,0.4379,transitando
30,1705092600,-145545,-203897,544,2336,3900,1200,-495,-121,-27,16,44,65229,0.4517,transitando
30,1705092900,-145527,-203947,204,2507,3958,873,295,-160,126,-16,-46,28199,0.4288,transitando
30,1705093200,-145471,-203940,376,2497,3968,1126,14,-55,-178,16,-30,6684,0.2224,transitando
30,1705093500,-145485,-204074,349,2418,3901,2140,-383,181,12,-120,13,7712,0.3081,transitando
30,1705093800,-145388,-204111,97,2379,3952,1104,-96,-146,-14,0,-46,32464,0.3818,transitando
30,1705094100,-145445,-204052,305,2407,3915,1432,-256,313,205,25,71,21071,0.3334,transitando
30,1705094400,-145390,-204139,121,2463,3969,809,52,148,22,-212,-28,35955,0.3373,transitando
30,1705094700,-145482,-204104,463,2351,3954,869,-143,-361,27,-38,-30,17170,0.3741,transitando
30,1705095000,-145484,-204022,285,2432,3951,712,88,-30,-19,-20,53,34505,0.3717,transitando
30,1705095300,-145494,-204132,312,2483,3907,1732,-381,184,-19,102,94,15091,0.3452,transitando
30,1705095600,-145606,-204163,550,2394,3996,335,92,-254,-161,-55,-35,2604,0.383,transitando
30,1705095900,-145655,-204237,499,2431,3985,1015,45,-406,-371,-20,-43,24797,0.4063,transitando
30,1705096200,-145648,-204314,440,2416,3967,1282,-289,194,55,2,-5,20213,0.3547,transitando
30,1705096500,-145602,-204312,55,2535,3903,839,-212,-127,-246,76,69,3987,0.3217,transitando
30,1705096800,-145655,-204395,184,2481,3918,405,-235,243,28,-10,-47,3165,0.3747,transitando
30,1705097100,-145700,-204279,335,2432,3901,896,208,70,-29,-151,20,62480,0.275,transitando
30,1705097400,-145814,-204249,195,2454,3986,1164,28,189,-107,128,3,38157,0.3261,transitando
30,1705097700,-145828,-204376,48,2496,3947,1704,52,155,82,-52,-24,59609,0.4106,transitando
30,1705098000,-145789,-204329,138,2456,3963,586,-414,381,34,-92,22,65104,0.3047,transitando
30,1705098300,-145898,-204310,342,2481,3912,1221,61,-256,-74,-94,25,62578,0.4689,transitando
30,1705098600,-145854,-204360,189,2491,3982,291,-471,-56,-64,55,56,52289,0.3075,transitando
30,1705098900,-145845,-204470,517,2433,3980,1020,337,-226,42,-64,75,58486,0.4139,transitando
30,1705099200,-145915,-204368,365,2451,3961,1088,422,-293,36,-58,-41,64026,0.3957,transitando
30,1705099500,-145985,-204349,265,2486,3947,643,53,275,-2,-24,33,26265,0.4031,transitando
30,1705099800,-146083,-204312,536,2365,3899,279,106,-50,-45,198,-33,44390,0.3708,transitando
30,1705100100,-146125,-204340,185,2495,3928,905,227,297,227,22,-18,31576,0.3826,transitando
30,1705100400,-146051,-204428,448,2416,3967,438,-21,-197,147,71,-40,59992,0.5197,transitando
30,1705100700,-146075,-204458,273,2356,3957,155,329,-79,-3,12,-2,32633,0.5358,transitando
30,1705101000,-146066,-204440,182,2560,3941,674,-191,0,-131,-66,-72,31468,0.3089,transitando
30,1705101300,-146062,-204563,233,2399,3919,-224,48,57,34,-39,75,50159,0.3042,transitando
30,1705101600,-146171,-204525,440,2459,3946,1233,-335,-176,5,53,-60,51425,0.3012,transitando
30,1705101900,-146244,-204612,333,2360,3975,1200,209,-131,45,-65,36,30915,0.2679,transitando
30,1705102200,-146310,-204705,240,2428,3975,1256,-46,-147,-16,41,-55,50145,0.4759,transitando
30,1705102500,-146234,-204632,127,2476,3974,390,-645,-243,-138,77,-4,161,0.4417,transitando
30,1705102800,-146260,-204733,455,2475,3966,1276,173,-29,-144,64,-1,30906,0.3681,transitando
30,1705103100,-146341,-204807,282,2349,3966,812,475,-51,-65,228,12,1541,0.4456,transitando
30,1705103400,-146276,-204802,194,2487,3951,1687,237,-220,250,-128,11,60259,0.3428,transitando
30,1705103700,-146150,-204760,504,2340,3963,798,161,-69,152,72,-13,51449,0.3994,transitando
30,1705104000,-146200,-204846,467,2517,3980,817,146,406,106,180,-26,42555,0.3373,transitando
30,1705104300,-146292,-204883,147,2530,3994,1326,-150,283,-56,124,-38,10662,0.3975,transitando
30,1705104600,-146228,-204948,580,2451,3982,1180,-151,249,6,-96,-84,15153,0.3922,transitando
30,1705104900,-146162,-204905,359,2361,3909,606,-236,214,58,-43,65,35618,0.4378,transitando
30,1705105200,-146185,-204791,362,2466,3955,837,-44,200,8,-89,62,7097,0.3407,transitando
30,1705105500,-146073,-204746,474,2402,3996,719,-315,-43,-84,150,51,45213,0.5091,transitando
30,1705105800,-146060,-204732,334,2448,3995,2163,-184,7,43,-19,-61,15599,0.2461,transitando
30,1705106100,-146161,-204708,291,2526,3936,1035,311,-175,-68,94,-8,29093,0.4648,transitando
30,1705106400,-146103,-204639,263,2380,3947,-194,-126,-127,-49,161,-33,48788,0.4352,transitando
30,1705106700,-146112,-204680,366,2371,3899,296,-103,118,-166,-40,118,29857,0.359,transitando
30,1705107000,-146073,-204586,199,2413,3917,872,-165,-18,155,105,6,41021,0.3141,transitando
30,1705107300,-146181,-204602,188,2468,3915,633,-403,-82,124,-27,-2,60046,0.34,transitando
30,1705107600,-146203,-204720,238,2422,3943,704,538,-283,91,-76,30,48476,0.4564,transitando
30,1705107900,-146115,-204649,96,2455,3974,764,48,296,-13,-6,-48,41454,0.4307,transitando
30,1705108200,-146139,-204559,75,2503,3950,742,-250,121,-78,117,-20,10002,0.4637,transitando
30,1705108500,-146187,-204595,459,2433,3936,1606,-178,136,-82,19,-109,51567,0.4793,transitando
30,1705108800,-146227,-204677,349,2384,3917,585,712,-90,80,-140,-19,47803,0.367,transitando
30,1705109100,-146159,-204655,284,2370,3961,866,193,-234,-65,-80,12,62964,0.4368,transitando
30,1705109400,-146247,-204569,521,2482,3930,528,-215,-20,-44,-30,-96,11184,0.4128,transitando
30,1705109700,-146203,-204607,341,2432,3964,881,144,189,54,172,-15,41688,0.4098,transitando
30,1705110000,-146150,-204680,201,2535,3920,893,313,158,-95,195,-26,15388,0.4025,transitando
30,1705110300,-146129,-204718,119,2473,3900,1226,34,416,93,-163,-75,52352,0.3679,transitando
30,1705110600,-146022,-204688,361,2544,3897,915,435,9,263,34,45,3213,0.3243,transitando
30,1705110900,-146133,-204724,163,2478,3906,1762,-60,116,-63,53,-49,3334,0.4029,transitando
30,1705111200,-146180,-204740,79,2427,3917,1265,242,313,-276,-15,-52,45997,0.4459,transitando
30,1705111500,-146186,-204687,376,2435,3949,1391,-137,22,92,-15,84,48491,0.4561,transitando
30,1705111800,-146158,-204742,380,2419,3928,615,-577,174,-115,21,-55,46255,0.4232,transitando
30,1705112100,-146180,-204810,422,2379,3909,1188,-392,178,48,-72,46,57212,0.3285,transitando
30,1705112400,-146290,-204814,1020,2274,3976,-657,-1001,-919,-297,-381,130,26693,0.3875,forrageando
30,1705112700,-146180,-204755,1009,2289,3957,-196,-1659,-1388,-95,104,-1032,30090,0.4855,forrageando
30,1705113000,-146243,-204734,685,2460,3908,-853,1859,92,135,674,-829,5507,0.5007,forrageando
30,1705113300,-146233,-204719,216,2488,3955,-106,370,-823,732,-405,-459,34075,0.4692,forrageando
30,1705113600,-146131,-204694,511,2409,3918,598,-2621,-596,-281,376,-198,24727,0.3965,forrageando
30,1705113900,-146099,-204683,859,2342,3922,-371,-2173,-2092,1155,454,15,48532,0.3391,forrageando
30,1705114200,-145972,-204758,635,2395,3960,-773,1047,-508,-12,-101,-44,50618,0.5362,forrageando
30,1705114500,-145985,-204721,882,2411,3994,-2895,-2071,-2489,22,56,-177,43701,0.4562,forrageando
31,1705028400,-205966,1521878,630,2466,3904,11,229,361,247,342,5,50504,0.4047,busca
31,1705028700,-206010,1521925,1561,2204,3950,1199,655,-220,-259,403,-197,51574,0.5027,busca
31,1705029000,-206033,1521917,488,2378,3946,726,-55,-256,126,142,-83,30818,0.3629,busca
31,1705029300,-206109,1521914,619,2394,3963,1994,-57,-910,-10,205,204,5781,0.3051,busca
31,1705029600,-206049,1521857,922,2216,3928,818,-1389,160,18,374,-391,21886,0.3973,busca
31,1705029900,-205977,1521859,355,2432,3958,1195,-216,-178,-2,370,9,14557,0.2932,transitando
31,1705030200,-206047,1521755,307,2401,3931,1350,-312,-63,-21,196,0,59924,0.3717,transitando
31,1705030500,-206016,1521804,345,2398,3918,700,283,-55,116,-52,-104,9776,0.3248,transitando
31,1705030800,-206084,1521845,372,2366,3917,1512,-601,54,33,17,93,15564,0.38,transitando
31,1705031100,-206115,1521750,109,2430,3941,810,-526,31,-83,55,-4,43144,0.3808,transitando
31,1705031400,-206165,1521623,458,2401,3935,-139,115,-82,129,-32,62,49425,0.4153,transitando
31,1705031700,-206114,1521651,285,2423,3902,789,-3,-118,44,62,-78,42498,0.4543,transitando
31,1705032000,-206165,1521705,397,2518,3931,619,-74,113,2,54,7,48817,0.3939,transitando
31,1705032300,-206160,1521655,175,2460,3959,567,668,-419,-89,66,37,13320,0.4454,transitando
31,1705032600,-206198,1521733,248,2399,3941,1410,-433,-190,109,-41,58,19076,0.3637,transitando
31,1705032900,-206220,1521684,349,2493,3959,1137,-416,407,16,3,-14,41032,0.4606,transitando
31,1705033200,-206279,1521768,384,2466,3915,1097,71,-205,98,8,-3,36563,0.5508,transitando
31,1705033500,-206264,1521805,453,2427,3918,984,214,86,93,64,11,22344,0.5033,transitando
31,1705033800,-206292,1521812,97,2540,3977,1226,288,-109,77,-63,52,55966,0.4172,transitando
31,1705034100,-206343,1521824,315,2384,3912,492,-469,-177,132,125,19,32564,0.4284,transitando
31,1705034400,-206395,1521777,187,2548,3954,1496,-50,53,1,-16,8,50007,0.4083,transitando
31,1705034700,-206469,1521829,318,2438,3952,330,97,-366,-69,22,73,39796,0.4234,transitando
31,1705035000,-206418,1521787,270,2462,3946,916,-43,-315,-101,131,-26,20346,0.4106,transitando
31,1705035300,-206436,1521689,109,2564,3967,1647,232,235,15,-60,32,53300,0.4267,transitando
31,1705035600,-206405,1521753,68,2501,3915,2003,453,341,-98,43,-55,51688,0.4262,transitando
31,1705035900,-206350,1521677,104,2477,3901,1199,-102,-65,41,-173,20,47007,0.4621,transitando
31,1705036200,-206309,1521772,392,2418,3921,1631,192,305,75,219,48,4984,0.3687,transitando
31,1705036500,-206202,1521699,189,2424,3975,419,-418,-165,85,-27,-63,48990,0.3189,transitando
31,1705036800,-206319,1521658,252,2427,3956,1929,400,479,41,-149,-67,47360,0.51,transitando
31,1705037100,-206304,1521699,253,2450,3905,984,25,-248,-73,12,-28,62495,0.3839,transitando
31,1705037400,-206230,1521599,152,2471,3934,1136,-282,166,6,-101,-5,36243,0.3455,transitando
31,1705037700,-206350,1521677,373,2470,3983,328,-37,41,243,-17,-39,1042,0.4052,transitando
31,1705038000,-206302,1521705,295,2335,3930,413,161,405,136,41,-73,55025,0.4704,transitando
31,1705038300,-206294,1521618,433,2486,3951,1644,-137,127,65,-20,83,32252,0.3543,transitando
31,1705038600,-206228,1521672,57,2448,3964,913,166,197,-127,7,-34,21432,0.4916,transitando
31,1705038900,-206142,1521636,223,2447,3898,1458,-155,260,48,-108,32,30952,0.5148,transitando
31,1705039200,-206178,1521643,269,2482,3908,434,-29,103,121,-170,15,7816,0.4437,transitando
31,1705039500,-206261,1521675,284,2519,3935,1715,304,561,-89,-50,-98,21089,0.4278,transitando
31,1705039800,-206284,1521721,376,2443,3913,1291,73,-338,71,-40,-33,30753,0.3152,transitando
31,1705040100,-206285,1521636,386,2342,3903,-67,470,62,41,59,-34,44407,0.5118,transitando
31,1705040400,-206244,1521639,359,2426,3913,813,256,88,155,-204,-25,39070,0.4824,transitando
31,1705040700,-206316,1521644,195,2460,3915,1581,-645,181,76,-125,-51,32800,0.5196,transitando
31,1705041000,-206338,1521652,461,2458,3956,1299,-106,55,9,-192,-72,63482,0.4099,transitando
31,1705041300,-206406,1521552,411,2402,3940,727,647,-359,36,71,-12,7053,0.5181,transitando
31,1705041600,-206389,1521528,53,2537,3994,1432,150,133,9,115,1,50026,0.5399,transitando
31,1705041900,-206379,1521512,206,2397,3979,933,-88,305,127,5,-59,52860,0.4088,transitando
31,1705042200,-206431,1521479,365,2406,3983,901,45,165,42,0,85,12022,0.5407,transitando
31,1705042500,-206440,1521520,213,2465,3926,1882,-243,60,-198,-17,28,568,0.5181,transitando
31,1705042800,-206450,1521535,101,2457,3962,1243,-107,-13,80,-6,-43,64389,0.4078,transitando
31,1705043100,-206370,1521472,359,2324,3938,444,-247,-173,-46,-65,-22,19807,0.3878,transitando
31,1705043400,-206369,1521562,407,2450,3988,2321,525,0,124,3,-25,59539,0.5352,transitando
31,1705043700,-206367,1521601,276,2312,3963,1162,-130,245,34,131,46,42270,0.443,transitando
31,1705044000,-206315,1521592,87,2439,3945,1023,327,-193,46,-172,104,46378,0.4731,transitando
31,1705044300,-206350,1521656,385,2271,3963,1011,-490,44,-153,71,3,8331,0.5111,transitando
31,1705044600,-206385,1521658,423,2465,3959,1480,-29,-87,13,85,-82,54484,0.4607,transitando
31,1705044900,-206390,1521556,257,2467,3990,1449,-187,32,139,-55,-80,39124,0.6024,transitando
31,1705045200,-206393,1521535,310,2431,3978,1473,-41,-172,28,-27,21,51741,0.5048,transitando
31,1705045500,-206386,1521514,67,2446,3921,1002,209,108,25,-169,-7,38553,0.4772,transitando
31,1705045800,-206463,1521409,112,2469,3979,962,-90,28,76,375,-56,51569,0.4792,transitando
31,1705046100,-206468,1521314,251,2472,3914,761,459,90,48,-81,-39,23602,0.5603,transitando
31,1705046400,-206486,1521316,400,2470,3970,222,-78,-119,-122,5,-25,56395,0.435,transitando
31,1705046700,-206475,1521362,187,2538,3932,357,259,-7,-234,-30,-61,46898,0.4834,transitando
31,1705047000,-206425,1521422,376,2496,3931,289,418,312,89,-159,-13,8782,0.4257,transitando
31,1705047300,-206426,1521305,475,2376,3901,1129,386,7,169,-64,29,40336,0.4653,transitando
31,1705047600,-206485,1521355,137,2450,3961,1290,-462,-115,11,70,22,9557,0.5394,transitando
31,1705047900,-206479,1521312,239,2445,3946,1691,417,219,-43,104,-8,4996,0.5446,transitando
31,1705048200,-206478,1521362,471,2326,3934,-268,580,-301,46,-51,58,13967,0.5823,transitando
31,1705048500,-206453,1521349,488,2422,3933,1242,-141,69,0,-101,-63,14111,0.6782,transitando
31,1705048800,-206440,1521395,180,2533,3917,439,-13,367,8,4,-64,36,0.5235,transitando
31,1705049100,-206410,1521411,207,2424,3952,390,364,668,-94,-14,-11,38076,0.6396,transitando
31,1705049400,-206445,1521411,112,2507,3913,-523,-252,177,-37,58,15,39884,0.4942,transitando
31,1705049700,-206461,1521355,305,2442,3951,1405,-21,-83,-111,-14,-2,43565,0.4052,transitando
31,1705050000,-206410,1521432,295,2398,3970,865,204,143,-6,27,-16,55087,0.5229,transitando
31,1705050300,-206394,1521440,231,2435,3958,765,178,238,43,101,37,45631,0.5588,transitando
31,1705050600,-206408,1521462,116,2529,3911,929,174,-113,154,-233,3,26143,0.5699,transitando
31,1705050900,-206387,1521497,77,2433,3943,1776,-325,76,23,-49,71,18596,0.5297,transitando
31,1705051200,-206381,1521474,272,2594,3932,364,-1,111,30,-79,-92,58724,0.5934,transitando
31,1705051500,-206370,1521491,58,2533,3989,1041,-41,-15,191,52,85,59265,0.5973,transitando
31,1705051800,-206383,1521508,102,2488,3960,941,81,-261,209,-88,-10,18256,0.4597,transitando
31,1705052100,-206277,1521512,404,2455,3970,973,-489,205,75,227,62,53340,0.4229,transitando
31,1705052400,-206347,1521561,469,2407,3903,961,487,67,48,-47,-23,14825,0.3991,transitando
31,1705052700,-206288,1521655,208,2513,3918,1757,293,91,98,-158,2,26338,0.5493,transitando
31,1705053000,-206312,1521641,251,2475,3949,980,-91,205,-34,-86,-17,38539,0.6508,transitando
31,1705053300,-206332,1521601,460,2435,3969,983,91,-115,4,13,40,25049,0.5824,transitando
31,1705053600,-206296,1521634,122,2486,3925,1648,783,283,-28,306,17,9886,0.5861,transitando
31,1705053900,-206313,1521585,439,2410,3940,206,468,-223,100,-5,84,364,0.532,transitando
31,1705054200,-206349,1521577,476,2379,3915,620,153,21,115,90,-29,38511,0.5494,transitando
31,1705054500,-206324,1521561,486,2455,3993,911,284,286,106,99,-57,60676,0.6815,transitando
31,1705054800,-206304,1521561,1711,2151,3985,1768,140,-329,184,142,-44,19929,0.5595,busca
31,1705055100,-206303,1521513,1735,2190,3965,1585,-639,-312,-222,227,-166,19129,0.5164,busca
31,1705055400,-206328,1521483,3524,1873,3955,1934,292,-1203,19,-24,-166,51848,0.5485,busca
31,1705055700,-206310,1521448,3023,1799,3933,456,390,-333,31,-297,60,6385,0.4801,busca
31,1705056000,-206252,1521439,1379,2232,3950,2088,-144,-1261,-5,273,-49,38600,0.451,busca
31,1705056300,-206188,1521427,1782,2149,3954,2294,-723,-817,-206,93,69,63910,0.4505,busca
31,1705056600,-206228,1521394,3560,1877,3934,665,280,-861,34,262,-249,34976,0.4792,busca
31,1705056900,-206265,1521382,3585,1822,3938,1241,-330,-490,-243,-66,-165,19020,0.5142,busca
31,1705057200,-206277,1521358,1321,2255,3969,658,1071,-954,276,141,-189,61342,0.4324,busca
31,1705057500,-206300,1521306,1675,2177,3942,177,907,380,242,551,-296,25796,0.4897,busca
31,1705057800,-206373,1521274,1793,2163,3902,-277,181,97,-273,-44,126,42567,0.5654,busca
31,1705058100,-206358,1521301,2540,1974,3929,1408,127,569,182,96,-2,47684,0.5219,busca
31,1705058400,-206389,1521323,1815,2236,3918,2040,742,-788,520,-255,277,54110,0.485,busca
31,1705058700,-206382,1521399,2415,1951,3936,1158,-543,-909,-186,70,256,24777,0.461,busca
31,1705059000,-206354,1521354,3977,1732,3911,914,-555,-489,514,205,278,34892,0.5214,busca
31,1705059300,-206342,1521388,1932,2158,3921,1341,423,-326,44,-103,57,53963,0.4977,busca
31,1705059600,-206446,1521417,2232,1987,3972,170,-698,-901,-201,-80,123,40002,0.4357,busca
31,1705059900,-206496,1521362,1940,2140,3994,2838,267,-894,239,96,-74,49768,0.4699,busca
31,1705060200,-206463,1521274,3871,1754,3912,1447,299,-843,151,55,206,57437,0.6126,busca
31,1705060500,-206450,1521259,2531,2041,3899,1008,-708,-827,-107,254,-214,6215,0.5676,busca
31,1705060800,-206491,1521235,1144,2299,3994,-1093,-228,-1677,-237,198,5,14207,0.4885,busca
31,1705061100,-206511,1521194,3576,1816,3924,461,-135,-1783,-326,-131,-77,25693,0.41,busca
31,1705061400,-206498,1521135,1684,2125,3923,-80,-84,-223,148,-13,-205,4551,0.5235,busca
31,1705061700,-206537,1521113,3757,1798,3937,-829,-330,-805,61,289,96,17432,0.4794,busca
31,1705062000,-206584,1521092,3863,1605,3936,53,154,-555,-186,63,-4,53293,0.599,busca
31,1705062300,-206619,1521130,3805,1731,3991,-795,-468,71,-318,-265,-188,32062,0.5194,busca
31,1705062600,-206589,1521113,3765,1770,3973,303,-709,-547,69,-54,-71,4882,0.5707,busca
31,1705062900,-206569,1521112,2870,1902,3914,-921,-1008,-802,85,63,-513,21249,0.5893,busca
31,1705063200,-206569,1521135,2380,2036,3986,1714,942,85,168,86,-102,55698,0.5662,busca
31,1705063500,-206587,1521148,1476,2204,3990,725,104,-433,-17,70,-91,12630,0.3867,busca
31,1705063800,-206556,1521153,1249,2267,3932,-2140,436,-426,360,156,20,15410,0.4432,busca
31,1705064100,-206591,1521221,3612,1879,3918,1571,-248,-1235,-49,-31,168,16316,0.5693,busca
31,1705064400,-206592,1521205,2532,2018,3985,703,71,-614,442,46,-75,12437,0.4869,busca
31,1705064700,-206613,1521231,3441,1833,3922,-898,-1079,-318,-188,112,-89,47306,0.4994,busca
31,1705065000,-206571,1521278,3752,1706,3927,-370,1368,-459,290,-35,-178,27126,0.4682,busca
31,1705065300,-206622,1521188,2992,1960,3960,-583,19,-169,76,-422,299,38316,0.4774,busca
31,1705065600,-206633,1521225,1800,2158,3996,374,-916,-1576,7,394,-290,60216,0.5723,busca
31,1705065900,-206657,1521203,1172,2315,3930,598,1199,-779,-163,209,144,52913,0.4052,busca
31,1705066200,-206749,1521220,3370,1853,3982,-128,-1067,-39,-42,-240,470,61867,0.4888,busca
31,1705066500,-206821,1521325,2662,2013,3985,429,169,-230,318,113,-14,37641,0.4982,busca
31,1705066800,-206856,1521388,2225,2022,3926,1479,34,-936,-37,-24,-94,32118,0.5427,busca
31,1705067100,-206855,1521365,2248,2025,3910,903,320,348,169,-267,-342,12596,0.5902,busca
31,1705067400,-206838,1521341,1775,2130,3939,4,-683,-250,-231,-378,-117,61288,0.3207,busca
31,1705067700,-206701,1521298,1875,2159,3932,-29,7,-890,-340,264,165,4755,0.367,busca
31,1705068000,-206768,1521278,2504,1993,3916,31,-798,-1055,-240,0,60,30660,0.2328,busca
31,1705068300,-206856,1521357,3961,1676,3909,-668,-91,-259,121,72,-146,34035,0.3682,busca
31,1705068600,-206808,1521362,2372,1998,3912,967,2000,-1044,69,140,-51,5663,0.2817,busca
31,1705068900,-206950,1521275,3835,1708,3923,1845,-150,207,437,518,-127,11863,0.4777,busca
31,1705069200,-206928,1521316,3513,1791,3944,125,-655,-461,-247,184,48,38713,0.3771,busca
31,1705069500,-206840,1521404,2999,1837,3911,563,-136,-837,324,-318,-77,41450,0.4716,busca
31,1705069800,-206789,1521475,2752,1941,3914,-696,-509,-111,148,-11,-112,12367,0.3285,busca
31,1705070100,-206776,1521533,2339,2093,3930,-727,-170,-436,-106,298,14,65287,0.434,busca
31,1705070400,-206786,1521590,2768,1934,3978,-133,1350,-1632,-326,-179,58,35465,0.4373,busca
31,1705070700,-206716,1521507,3401,1772,3956,758,19,138,470,-98,53,41865,0.3275,busca
31,1705071000,-206807,1521619,2455,1933,3925,841,159,-551,-242,-265,136,46188,0.5501,busca
31,1705071300,-206781,1521634,1674,2132,3983,-2233,-138,-50,142,-38,-28,47982,0.4532,busca
31,1705071600,-206801,1521771,3488,1840,3992,1509,-1132,-650,46,299,154,18104,0.4198,busca
31,1705071900,-206852,1521734,1001,2279,3983,-742,-400,383,134,-224,-190,40652,0.256,busca
31,1705072200,-206766,1521574,3327,1904,3983,-1038,235,-377,-52,163,-78,24793,0.3872,busca
31,1705072500,-206778,1521475,3598,1883,3935,-281,111,-1278,143,-166,-140,61753,0.4108,busca
31,1705072800,-206770,1521547,3701,1652,3946,-146,-8,-1259,-136,42,-169,7783,0.4161,busca
31,1705073100,-206745,1521504,2388,1981,3901,746,1555,-425,-524,504,252,32747,0.4847,busca
31,1705073400,-206818,1521492,3234,1747,3956,3931,3063,-410,-333,-33,-191,20571,0.4387,busca
31,1705073700,-206756,1521464,2350,1946,3899,822,-315,-422,-8,175,-220,65286,0.3885,busca
31,1705074000,-206728,1521460,3794,1810,3995,1541,-636,-107,-34,48,-190,56453,0.375,busca
31,1705074300,-206670,1521517,1679,2088,3978,2803,524,-207,175,-106,293,8415,0.4168,busca
31,1705074600,-206702,1521508,1397,2205,3988,-736,1028,96,220,181,11,58174,0.4913,busca
31,1705074900,-206690,1521470,1901,2139,3923,160,-373,65,-280,257,-80,44354,0.4154,busca
31,1705075200,-206743,1521420,7365,922,3909,2467,-2092,-1310,470,-351,429,26347,0.3499,forrageando
31,1705075500,-206773,1521472,6422,928,3940,1655,-755,-369,-743,-180,21,3286,0.4063,forrageando
31,1705075800,-206782,1521503,3073,516,3941,-1420,1206,125,-500,279,-286,60478,0.4017,forrageando
31,1705076100,-206829,1521615,6200,903,3983,-2096,312,-1897,292,540,2,34028,0.3962,forrageando
31,1705076400,-206916,1521620,7408,959,3966,-1813,497,-2497,-144,-427,342,34170,0.3053,forrageando
31,1705076700,-206777,1521637,3893,590,3953,-420,-2251,-2599,150,-179,136,58073,0.3338,forrageando
31,1705077000,-206747,1521467,7971,1043,3969,1198,685,62,-255,-381,67,16644,0.2591,forrageando
31,1705077300,-206813,1521344,5589,750,3950,5492,598,-147,-830,-649,304,39014,0.3813,forrageando
31,1705077600,-206765,1521384,7462,976,3949,-484,1653,-2394,992,227,1,40048,0.3768,forrageando
31,1705077900,-206683,1521282,5510,751,3994,1100,175,-1101,-207,-314,367,50729,0.2991,forrageando
31,1705078200,-206570,1521109,3604,503,3976,169,112,423,-314,-81,-85,40940,0.485,forrageando
31,1705078500,-206660,1521022,7866,967,3950,-429,-1505,-2152,-810,-402,16,874,0.2905,forrageando
31,1705078800,-206513,1521061,6348,925,3906,2528,-2635,-1402,-314,-939,462,32410,0.4077,forrageando
31,1705079100,-206508,1521163,6132,827,3957,-1054,183,170,518,-482,101,57472,0.3913,forrageando
31,1705079400,-206488,1521298,2260,2058,3906,630,687,-605,60,-76,64,38974,0.2644,busca
31,1705079700,-206460,1521372,1858,2024,3985,-725,-255,-1291,0,-209,-4,48778,0.4369,busca
31,1705080000,-206492,1521328,3971,1726,3912,973,554,-527,-30,91,-149,10418,0.4155,busca
31,1705080300,-206456,1521253,3793,1785,3988,856,-889,-844,-198,318,-62,18027,0.4562,busca
31,1705080600,-206419,1521220,2295,2029,3906,2358,-489,375,258,-78,-144,4811,0.3756,busca
31,1705080900,-206462,1521215,2379,1998,3972,651,-391,-150,49,115,161,26201,0.3157,busca
31,1705081200,-206467,1521109,3629,1812,3976,-18,-131,-342,-6,540,247,45457,0.4115,busca
31,1705081500,-206429,1521206,2614,1968,3925,691,-704,-743,178,44,-130,29924,0.2031,busca
31,1705081800,-206464,1521139,2975,2012,3936,471,-1418,-967,54,187,-41,26018,0.2346,busca
31,1705082100,-206555,1521049,66,2564,3963,1187,-223,-267,-70,-80,28,58095,0.2603,transitando
31,1705082400,-206405,1521049,187,2467,3901,1858,-570,300,73,-190,-45,56783,0.3332,transitando
31,1705082700,-206465,1521195,145,2366,3900,872,438,169,49,-207,-11,36912,0.4364,transitando
31,1705083000,-206538,1521136,248,2415,3923,1053,-226,-169,81,-191,34,48626,0.3124,transitando
31,1705083300,-206417,1521156,241,2452,3955,1624,-190,179,100,-67,1,53460,0.189,transitando
31,1705083600,-206425,1521032,88,2386,3934,1039,-114,-355,-41,-7,3,16203,0.3062,transitando
31,1705083900,-206521,1520946,218,2419,3931,1268,61,-195,-39,-178,63,54350,0.4082,transitando
31,1705084200,-206427,1520910,260,2388,3929,926,-40,241,54,-20,74,58732,0.3714,transitando
31,1705084500,-206518,1520946,95,2481,3933,1528,-521,-480,-189,80,7,38031,0.376,transitando
31,1705084800,-206563,1520969,401,2367,3970,-85,174,65,280,-50,-20,61080,0.3255,transitando
31,1705085100,-206686,1520942,105,2506,3971,1443,-248,129,200,-2,56,49065,0.3653,transitando
31,1705085400,-206637,1520927,170,2515,3986,932,-302,-254,29,-65,-52,65161,0.384,transitando
31,1705085700,-206674,1520990,255,2538,3943,822,-178,738,-180,97,48,57334,0.2652,transitando
31,1705086000,-206740,1520898,431,2370,3915,1836,-247,-586,-3,104,-55,10783,0.2908,transitando
31,1705086300,-206644,1520854,127,2488,3942,834,-498,-13,172,-45,-72,22941,0.3653,transitando
31,1705086600,-206603,1520851,340,2459,3933,580,491,194,181,235,-53,34709,0.3137,transitando
31,1705086900,-206592,1520999,296,2501,3973,1034,-101,-767,75,168,-58,14568,0.2459,transitando
31,1705087200,-206625,1520878,68,2405,3932,1002,274,-208,42,-49,-70,21404,0.4052,transitando
31,1705087500,-206689,1520913,362,2491,3922,587,-249,-71,138,-31,-158,4315,0.2961,transitando
31,1705087800,-206777,1520855,296,2391,3966,1328,-21,-25,-145,130,-16,38966,0.316,transitando
31,1705088100,-206726,1520763,460,2380,3982,962,176,80,-77,92,24,27681,0.4418,transitando
31,1705088400,-206753,1520828,345,2423,3990,773,26,123,48,-66,-45,25970,0.3845,transitando
31,1705088700,-206803,1520851,226,2412,3992,1316,201,-495,30,-75,0,20042,0.2775,transitando
31,1705089000,-206758,1520965,277,2430,3995,227,-99,135,-145,86,28,28500,0.3841,transitando
31,1705089300,-206772,1520901,131,2495,3964,1572,131,-318,33,117,19,50771,0.3359,transitando
31,1705089600,-206875,1520837,157,2472,3913,1128,-28,-210,110,-14,-16,34733,0.3552,transitando
31,1705089900,-206943,1520795,450,2431,3928,1021,319,27,-28,-67,-50,4632,0.3291,transitando
31,1705090200,-206965,1520706,304,2439,3910,1119,-383,112,113,31,20,11019,0.3,transitando
31,1705090500,-206948,1520851,118,2492,3963,1193,-366,-29,43,95,63,4999,0.314,transitando
31,1705090800,-207048,1520954,90,2537,3966,612,-84,-127,130,172,-22,32248,0.2873,transitando
31,1705091100,-207094,1520841,338,2435,3963,1047,285,134,44,80,-9,17925,0.4198,transitando
31,1705091400,-207051,1520781,84,2445,3983,647,58,-227,-56,60,-37,15121,0.4129,transitando
31,1705091700,-207058,1520732,185,2501,3962,1678,-307,-51,-94,-121,-99,19143,0.4978,transitando
31,1705092000,-206964,1520737,378,2338,3905,1080,250,-439,76,159,63,18056,0.334,transitando
31,1705092300,-206892,1520796,2845,1874,3949,-1128,26,145,237,-638,13,1561,0.595,busca
31,1705092600,-206908,1520782,2170,2113,3935,-800,974,-242,62,-156,-105,63671,0.4281,busca
31,1705092900,-206888,1520815,3607,1790,3970,119,1496,171,195,-7,11,15101,0.5121,busca
31,1705093200,-206856,1520829,3047,1932,3916,-50,-1275,80,172,-50,272,1047,0.4466,busca
31,1705093500,-206897,1520731,1446,2205,3947,896,658,-67,-179,-161,31,8260,0.3021,busca
31,1705093800,-206867,1520670,363,2480,3898,972,500,220,67,-4,-54,53489,0.2942,transitando
31,1705094100,-206941,1520613,222,2442,3929,1305,-72,29,-41,121,105,39,0.4096,transitando
31,1705094400,-206974,1520558,411,2394,3897,871,-17,-117,32,-54,33,4865,0.3878,transitando
31,1705094700,-207017,1520586,342,2476,3992,1236,-399,264,68,-15,-17,2268,0.4601,transitando
31,1705095000,-206980,1520685,268,2419,3971,1685,-312,424,33,165,74,23597,0.3611,transitando
31,1705095300,-206960,1520735,112,2431,3905,1201,306,-113,-103,76,13,7097,0.4659,transitando
31,1705095600,-206922,1520678,378,2434,3948,656,250,-132,54,55,-64,51999,0.3436,transitando
31,1705095900,-207002,1520750,473,2363,3925,929,-233,47,62,-31,-27,26069,0.3544,transitando
31,1705096200,-206935,1520791,488,2506,3989,1826,-564,-156,113,-16,0,39481,0.3401,transitando
31,1705096500,-206955,1520678,279,2403,3992,277,105,-60,45,131,-30,14611,0.5232,transitando
31,1705096800,-206930,1520720,360,2394,3912,531,-327,194,52,-11,-2,50968,0.3659,transitando
31,1705097100,-207021,1520693,142,2507,3991,1389,340,-19,-102,-64,43,46289,0.4073,transitando
31,1705097400,-206976,1520754,452,2387,3932,313,181,-106,-206,-5,36,53898,0.4093,transitando
31,1705097700,-207041,1520699,140,2462,3965,396,-60,344,19,8,-40,51258,0.3139,transitando
31,1705098000,-206920,1520611,85,2538,3988,599,52,47,-34,72,0,53948,0.2654,transitando
31,1705098300,-207000,1520699,237,2440,3992,1229,-222,-109,145,106,-36,55093,0.3841,transitando
31,1705098600,-206932,1520623,417,2410,3930,-79,-60,-58,64,-145,53,16798,0.4727,transitando
31,1705098900,-206851,1520677,220,2516,3970,244,609,147,25,-169,5,59137,0.4519,transitando
31,1705099200,-206774,1520686,479,2466,3920,602,257,-306,-121,-92,47,26610,0.4549,transitando
31,1705099500,-206696,1520639,437,2488,3938,2165,-171,-43,78,-142,-124,63506,0.3179,transitando
31,1705099800,-206591,1520540,470,2428,3921,1543,-77,170,-139,93,58,20894,0.4307,transitando
31,1705100100,-206671,1520528,389,2506,3992,1121,53,-241,199,117,37,48690,0.4362,transitando
31,1705100400,-206586,1520482,369,2382,3977,1079,74,-17,78,-34,113,32577,0.5743,transitando
31,1705100700,-206589,1520458,246,2489,3934,1547,52,-59,48,-59,-2,48523,0.5451,transitando
31,1705101000,-206549,1520435,360,2448,3986,1807,239,48,-142,75,-9,4663,0.378,transitando
31,1705101300,-206558,1520546,490,2421,3988,1097,-173,-125,-112,-185,24,36303,0.3496,transitando
31,1705101600,-206498,1520611,360,2400,3933,1027,-102,-87,-12,-63,-9,52162,0.5138,transitando
31,1705101900,-206479,1520603,62,2507,3938,1578,33,-155,22,-91,-24,50630,0.4468,transitando
31,1705102200,-206364,1520553,349,2437,3900,303,199,-203,14,-22,-69,3599,0.4686,transitando
31,1705102500,-206445,1520509,365,2504,3979,775,376,607,-128,-154,17,46367,0.3398,transitando
31,1705102800,-206511,1520643,431,2447,3977,985,89,-162,-108,113,-22,57893,0.2781,transitando
31,1705103100,-206513,1520509,231,2390,3981,933,515,226,103,44,30,4034,0.3066,transitando
31,1705103400,-206544,1520614,420,2389,3897,1228,-353,462,-17,-74,8,25207,0.4789,transitando
31,1705103700,-206512,1520581,438,2389,3912,1047,-469,480,-149,18,-87,57012,0.4057,transitando
31,1705104000,-206413,1520620,71,2541,3924,-106,282,47,-26,-39,-19,51060,0.3828,transitando
31,1705104300,-206402,1520524,230,2380,3926,1773,-350,42,-143,-103,104,60489,0.4311,transitando
31,1705104600,-206402,1520597,333,2449,3920,1871,271,141,-206,116,-6,50445,0.5009,transitando
31,1705104900,-206396,1520614,263,2409,3932,580,-418,-231,-142,-21,-9,39707,0.471,transitando
31,1705105200,-206429,1520564,482,2414,3930,1559,-100,170,-54,-14,41,46380,0.4044,transitando
31,1705105500,-206376,1520440,359,2411,3942,1221,181,186,-231,218,29,27068,0.3402,transitando
31,1705105800,-206298,1520343,75,2510,3963,486,432,-226,-52,1,35,23430,0.3863,transitando
31,1705106100,-206362,1520337,60,2450,3968,927,487,444,41,117,13,56772,0.3222,transitando
31,1705106400,-206403,1520221,260,2479,3933,1391,-374,29,124,134,0,31291,0.2346,transitando
31,1705106700,-206370,1520337,270,2437,3993,1573,-234,-104,50,33,-18,7407,0.3829,transitando
31,1705107000,-206368,1520285,57,2499,3974,1191,186,-507,-73,42,-105,8609,0.402,transitando
31,1705107300,-206432,1520292,386,2438,3950,926,-121,-217,18,-227,-8,46073,0.4097,transitando
31,1705107600,-206391,1520166,113,2372,3920,845,-297,-181,22,94,-27,46449,0.5254,transitando
31,1705107900,-206381,1520202,303,2510,3904,446,-181,-38,148,-10,4,46732,0.4843,transitando
31,1705108200,-206336,1520248,282,2472,3957,668,179,43,-71,25,-6,38828,0.4611,transitando
31,1705108500,-206291,1520340,477,2349,3978,227,372,-176,249,122,31,63604,0.4423,transitando
31,1705108800,-206287,1520266,410,2373,3931,1328,-124,-182,-117,118,51,24807,0.4536,transitando
31,1705109100,-206405,1520249,125,2394,3979,-234,-102,69,-115,7,85,65309,0.4223,transitando
31,1705109400,-206505,1520264,460,2397,3929,1410,-42,-103,12,-22,-6,12670,0.5601,transitando
31,1705109700,-206477,1520243,497,2423,3915,1761,57,0,36,-124,22,3833,0.3446,transitando
31,1705110000,-206570,1520187,203,2399,3967,1379,-114,276,-102,-164,-26,50124,0.3794,transitando
31,1705110300,-206485,1520227,343,2347,3969,1800,305,-220,9,27,-83,50771,0.3444,transitando
31,1705110600,-206576,1520093,203,2423,3963,919,19,114,-76,33,86,6958,0.4301,transitando
31,1705110900,-206656,1520135,161,2463,3930,1176,-13,-249,-12,24,43,19729,0.3381,transitando
31,1705111200,-206789,1520060,265,2391,3929,937,133,43,149,146,125,15414,0.4355,transitando
31,1705111500,-206763,1520004,247,2494,3952,1819,461,184,123,78,-54,40542,0.5181,transitando
31,1705111800,-206726,1520018,143,2484,3986,452,118,-186,-78,-98,-75,17429,0.3478,transitando
31,1705112100,-206841,1519935,399,2429,3973,1873,-265,-5,-6,-8,-95,27850,0.3471,transitando
31,1705112400,-206701,1519924,381,2385,3951,466,139,158,30,194,76,5662,0.4358,transitando
31,1705112700,-206743,1520041,377,2335,3907,1748,-80,55,237,77,-19,38774,0.5261,transitando
31,1705113000,-206782,1520069,101,2472,3938,525,-78,79,61,-144,-55,28810,0.5468,transitando
31,1705113300,-206782,1520038,143,2516,3923,2181,186,75,-25,18,-14,35252,0.3656,transitando
31,1705113600,-206771,1519933,194,2508,3966,1187,287,-29,83,-3,-39,19873,0.4382,transitando
31,1705113900,-206724,1519917,68,2497,3962,866,165,-196,-16,-72,26,17348,0.5086,transitando
31,1705114200,-206752,1519931,313,2458,3961,635,-152,418,35,-17,-51,4073,0.5147,transitando
31,1705114500,-206775,1519902,62,2502,3923,-74,349,-11,-145,20,17,47305,0.5588,transitando
32,1705028400,-128612,-1577351,1176,2338,3978,1676,-425,-458,-249,67,19,44921,0.2912,busca
32,1705028700,-128656,-1577312,1159,2273,3993,-1329,-1935,13,-116,-7,42,3900,0.4256,busca
32,1705029000,-128687,-1577347,913,2284,3961,944,1393,418,60,281,-61,1265,0.4577,busca
32,1705029300,-128781,-1577330,286,2418,3944,-460,-668,-638,21,26,-242,15997,0.5076,busca
32,1705029600,-128776,-1577320,439,2379,3925,-91,-1576,-818,109,83,-79,64497,0.3244,busca
32,1705029900,-128838,-1577278,1571,2189,3981,-408,-144,-315,58,-57,141,40293,0.3246,busca
32,1705030200,-128746,-1577330,848,2363,3946,-1040,1085,-1439,7,189,-85,6360,0.5396,busca
32,1705030500,-128768,-1577337,2157,2043,3946,974,-432,-637,28,-12,61,1005,0.4177,busca
32,1705030800,-128801,-1577297,1308,2215,3977,1597,252,86,-242,-449,45,40158,0.3543,busca
32,1705031100,-128870,-1577266,1191,2189,3968,117,-962,-1118,3,-92,3,27968,0.4364,busca
32,1705031400,-128868,-1577221,751,2349,3909,-1309,1561,-557,-163,-166,184,2947,0.4675,busca
32,1705031700,-128882,-1577128,721,2361,3937,1019,425,-1104,31,-358,-113,63434,0.4217,busca
32,1705032000,-128893,-1577075,1613,2152,3948,768,454,-553,250,-553,-75,21095,0.4797,busca
32,1705032300,-128898,-1577134,2208,2043,3994,615,309,-492,-138,-161,71,61667,0.5129,busca
32,1705032600,-128896,-1577168,607,2417,3912,720,-164,-1128,-38,332,-189,33107,0.3923,busca
32,1705032900,-128867,-1577203,1894,2123,3943,648,-901,-57,-144,89,37,31377,0.5461,busca
32,1705033200,-128846,-1577207,1497,2202,3973,1185,141,-1204,-185,124,198,64867,0.4557,busca
32,1705033500,-128749,-1577221,850,2335,3914,1375,377,-632,319,30,-210,60732,0.4243,busca
32,1705033800,-128680,-1577212,1781,2074,3911,-648,-325,-666,-241,72,260,42918,0.2708,busca
32,1705034100,-128783,-1577282,363,2452,3906,-498,-1577,-80,-132,164,194,2654,0.4241,busca
32,1705034400,-128853,-1577310,1424,2268,3991,-461,-265,-955,-73,67,-53,12013,0.3583,busca
32,1705034700,-128878,-1577386,1355,2209,3924,-1231,-1004,-953,-127,-32,106,10040,0.4611,busca
32,1705035000,-128937,-1577318,2057,2023,3940,306,-1382,-1447,-146,235,-103,2137,0.517,busca
32,1705035300,-128956,-1577320,339,2321,3963,2912,-320,-939,158,85,-31,47982,0.5837,forrageando
32,1705035600,-128945,-1577295,395,2443,3929,2481,699,-1117,-531,735,-67,34955,0.365,forrageando
32,1705035900,-128988,-1577231,1410,2306,3955,-800,-193,510,83,96,-516,59485,0.3957,forrageando
32,1705036200,-129098,-1577192,1301,2246,3901,1022,997,-635,637,527,-170,3204,0.4575,forrageando
32,1705036500,-129193,-1577151,1265,2295,3936,-2937,-1198,1660,-1289,-401,216,14703,0.4146,forrageando
32,1705036800,-129155,-1577243,1110,2243,3948,-2760,4105,-1846,417,-447,-89,28133,0.589,forrageando
32,1705037100,-129183,-1577240,335,2378,3904,1072,-547,447,409,461,-226,13203,0.4429,forrageando
32,1705037400,-129108,-1577385,1485,2163,3989,27,1417,-1055,-385,947,207,42962,0.51,forrageando
32,1705037700,-129116,-1577372,894,2410,3927,-977,-2265,-2341,-581,397,403,13422,0.4422,forrageando
32,1705038000,-129130,-1577351,706,2309,3955,1722,-187,57,246,-153,-16,23924,0.4562,forrageando
32,1705038300,-129187,-1577363,1042,2311,3926,712,-2072,-67,-796,-853,233,40406,0.4796,forrageando
32,1705038600,-129238,-1577355,1125,2220,3908,-1080,963,-1256,-198,301,-537,63060,0.5851,forrageando
32,1705038900,-129242,-1577384,521,2429,3960,-2015,-329,-902,-252,49,-205,24156,0.5848,forrageando
32,1705039200,-129230,-1577391,803,2309,3926,-878,-2209,-2258,58,688,246,32996,0.4535,forrageando
32,1705039500,-129112,-1577391,976,2336,3969,-996,2323,-1799,688,172,-278,3877,0.4614,forrageando
32,1705039800,-129012,-1577357,692,2431,3969,-1886,4327,-52,-57,-531,295,6506,0.4181,forrageando
32,1705040100,-128983,-1577373,242,2440,3920,-1546,-3754,549,522,265,84,9228,0.4136,forrageando
32,1705040400,-129027,-1577325,742,2415,3969,-3897,639,-2097,791,534,347,20713,0.5154,forrageando
32,1705040700,-128999,-1577324,1007,2304,3931,-1193,1067,-532,1360,508,-352,49269,0.4749,forrageando
32,1705041000,-129022,-1577343,515,2415,3981,41,-300,-255,-171,411,-285,65150,0.4727,forrageando
32,1705041300,-129019,-1577275,1657,2230,3909,1714,-3210,-2702,-284,-755,109,43153,0.5309,forrageando
32,1705041600,-128991,-1577278,729,2242,3946,-168,-756,-2026,-2,75,269,8329,0.7265,forrageando
32,1705041900,-128980,-1577273,1164,2231,3953,4294,1317,-1473,399,475,-162,12352,0.5599,forrageando
32,1705042200,-128981,-1577265,954,2326,3995,-93,1220,-1820,444,-74,-129,19515,0.5333,forrageando
32,1705042500,-128989,-1577263,819,2385,3920,-1988,948,-2124,404,-200,235,58062,0.5133,forrageando
32,1705042800,-129011,-1577245,266,2470,3997,-1765,-102,-2448,-1023,-455,400,64456,0.592,forrageando
32,1705043100,-128988,-1577208,1029,2299,3971,-2001,-2276,-630,231,-415,40,33116,0.5018,forrageando
32,1705043400,-128938,-1577206,223,2505,3961,712,-764,-827,-389,-132,-346,33126,0.5207,forrageando
32,1705043700,-128904,-1577168,1137,2305,3992,3615,20,413,-615,405,359,15420,0.4619,forrageando
32,1705044000,-128900,-1577219,823,2419,3969,2715,-547,-746,298,379,62,23068,0.5302,forrageando
32,1705044300,-128895,-1577210,969,2291,3942,1980,-520,-811,275,16,424,8194,0.5934,forrageando
32,1705044600,-128912,-1577204,759,2338,3933,-518,-360,-1492,683,-592,341,30197,0.511,forrageando
32,1705044900,-128873,-1577216,726,2363,3911,3498,562,-816,31,-432,495,12346,0.5979,forrageando
32,1705045200,-128839,-1577222,1623,2140,3935,-1116,-2977,-2640,85,238,-772,37459,0.6562,forrageando
32,1705045500,-128850,-1577219,905,2321,3927,-2167,-2342,-291,144,204,-249,33217,0.5107,forrageando
32,1705045800,-128820,-1577208,1260,2195,3981,-1183,-45,-512,-530,-225,-26,34687,0.4597,forrageando
32,1705046100,-128743,-1577166,468,2464,3925,-516,592,-171,768,695,-177,19174,0.5628,forrageando
32,1705046400,-128746,-1577108,1729,2144,3926,-2921,-1690,-2978,-74,-196,439,45403,0.6498,forrageando
32,1705046700,-128732,-1577094,506,2402,3910,-2218,-2627,-403,134,-137,-371,22412,0.5939,forrageando
32,1705047000,-128722,-1577086,1159,2285,3950,962,417,-1332,471,-4,172,14999,0.6415,forrageando
32,1705047300,-128741,-1577054,1099,2205,3969,-1565,-1715,-1769,780,987,187,26715,0.5042,forrageando
32,1705047600,-128727,-1577030,248,2435,3922,-412,-3458,198,-951,128,-342,16031,0.3751,forrageando
32,1705047900,-128735,-1576946,1003,2283,3950,-3241,-2347,-2709,237,1647,-576,27215,0.5627,forrageando
32,1705048200,-128755,-1576931,245,2453,3939,-669,-113,-110,377,3,271,61736,0.4747,forrageando
32,1705048500,-128830,-1576925,799,2336,3987,416,-4323,1841,-258,450,-173,53175,0.4245,forrageando
32,1705048800,-128866,-1576907,970,2324,3984,-1107,3917,589,999,-776,-64,8082,0.559,forrageando
32,1705049100,-128856,-1576930,1234,2160,3977,-2726,2704,-389,229,-183,-539,40386,0.5292,forrageando
32,1705049400,-128859,-1576907,1300,2231,3901,3033,1428,-964,-784,-820,-168,12859,0.6217,forrageando
32,1705049700,-128900,-1576931,1089,2231,3980,1045,79,-913,-476,-1300,-303,31548,0.5936,forrageando
32,1705050000,-128901,-1576945,2134,412,3932,-412,-1684,-1847,30,32,-262,28711,0.666,forrageando
32,1705050300,-128925,-1576946,2897,453,3910,-2657,-625,891,-73,86,159,36089,0.4519,forrageando
32,1705050600,-129026,-1576969,2982,464,3958,3544,1196,-2331,-474,-789,287,6582,0.534,forrageando
32,1705050900,-129016,-1576986,1282,2278,3961,-1773,5699,1414,-175,268,-459,43191,0.5593,forrageando
32,1705051200,-129005,-1577023,1417,2191,3960,-3440,-2578,-780,386,-235,-71,37128,0.5416,forrageando
32,1705051500,-129002,-1577017,833,2362,3908,822,-3081,223,38,141,947,57471,0.4624,forrageando
32,1705051800,-129031,-1576964,911,2381,3998,1588,-1527,-643,465,444,-65,40006,0.4395,forrageando
32,1705052100,-129064,-1577000,1519,2182,3953,915,-404,-537,-252,-87,71,33245,0.6042,forrageando
32,1705052400,-129064,-1577011,2133,418,3980,1124,-1858,-2012,308,-566,170,838,0.5919,forrageando
32,1705052700,-129095,-1577071,1654,2170,3990,2733,-474,-1289,251,-744,-9,28417,0.5262,forrageando
32,1705053000,-129105,-1577104,1408,2288,3931,575,428,-861,355,1214,620,27591,0.5468,forrageando
32,1705053300,-129113,-1577059,1712,2119,3921,-2560,-108,-662,-186,-221,244,31138,0.4532,forrageando
32,1705053600,-129033,-1577095,2109,504,3905,-931,-2868,373,-185,-520,-821,37858,0.4854,forrageando
32,1705053900,-129080,-1577203,845,2404,3945,3652,-947,400,762,17,101,27907,0.5298,forrageando
32,1705054200,-129095,-1577227,3030,555,3995,2291,-489,-604,-594,552,136,42550,0.6757,forrageando
32,1705054500,-129118,-1577240,3009,554,3924,512,-208,-515,-146,268,-467,18166,0.4314,forrageando
32,1705054800,-129179,-1577227,1877,2032,3919,-73,-655,-2193,544,-79,28,22202,0.5082,forrageando
32,1705055100,-129125,-1577238,781,2348,3912,55,-725,-492,-1515,631,325,63550,0.5245,forrageando
32,1705055400,-129092,-1577257,1042,2304,3989,1704,-14,-1947,-283,-638,433,7684,0.5076,forrageando
32,1705055700,-129051,-1577243,1559,2216,3917,1745,697,-1394,85,102,-423,9588,0.4456,forrageando
32,1705056000,-129119,-1577216,2225,444,3919,5724,-1623,-1345,-417,700,184,47291,0.4744,forrageando
32,1705056300,-129148,-1577257,1037,2301,3902,1533,1615,-508,-488,853,-175,24314,0.5079,forrageando
32,1705056600,-129190,-1577270,2720,505,3953,-190,-4534,-1837,-115,-662,-366,60364,0.5853,forrageando
32,1705056900,-129169,-1577272,992,2289,3949,1925,861,-505,312,-599,73,56677,0.5599,forrageando
32,1705057200,-129147,-1577274,2711,493,3975,788,3965,-906,1172,-210,-368,44801,0.5014,forrageando
32,1705057500,-129140,-1577295,1992,2115,3942,-446,-359,-1273,99,577,14,50966,0.5359,forrageando
32,1705057800,-129133,-1577290,1263,2255,3978,-775,2687,-1088,526,-1102,-211,48490,0.6274,forrageando
32,1705058100,-129157,-1577233,1538,2239,3906,-1071,2983,-290,-160,-99,112,1760,0.3858,forrageando
32,1705058400,-129231,-1577191,2304,481,3955,797,-148,-1406,-293,277,607,15875,0.6337,forrageando
32,1705058700,-129258,-1577210,1414,2181,3943,2661,-1874,-1048,-86,6,50,37507,0.482,forrageando
32,1705059000,-129372,-1577156,757,2281,3948,1351,679,-30,-312,-417,-203,43344,0.5688,forrageando
32,1705059300,-129384,-1577165,936,2354,3942,413,-117,-999,928,-36,-368,64796,0.4218,forrageando
32,1705059600,-129397,-1577222,2869,521,3941,1247,155,-1298,-449,735,402,21690,0.5061,forrageando
32,1705059900,-129419,-1577220,597,2327,3971,179,-1073,-722,-958,887,-211,65051,0.5091,forrageando
32,1705060200,-129434,-1577201,1799,2118,3934,-1998,543,-688,689,1089,-755,9194,0.4431,forrageando
32,1705060500,-129397,-1577204,1621,2191,3900,2115,-134,292,142,39,-589,33360,0.544,forrageando
32,1705060800,-129384,-1577201,2460,511,3969,-782,264,-896,-706,-156,-21,28,0.5191,forrageando
32,1705061100,-129374,-1577200,2433,437,3911,540,-2398,-1605,-907,567,-173,17848,0.5017,forrageando
32,1705061400,-129341,-1577232,1393,2295,3961,-588,-2235,-916,545,-408,-448,4697,0.4381,forrageando
32,1705061700,-129388,-1577242,2189,2062,3990,2543,-874,-800,19,32,-44,6699,0.3495,busca
32,1705062000,-129484,-1577173,1888,2106,3990,220,-544,-1025,148,-56,96,54677,0.4233,busca
32,1705062300,-129491,-1577129,2866,1949,3961,28,948,-645,255,-175,-166,35959,0.4952,busca
32,1705062600,-129398,-1577076,3903,1720,3992,1112,-754,-13,-299,5,147,59417,0.5186,busca
32,1705062900,-129388,-1577072,1159,2212,3981,2444,226,160,236,-367,-74,42356,0.432,busca
32,1705063200,-129297,-1577062,2205,1999,3994,-818,842,-590,8,-312,-273,31342,0.3418,busca
32,1705063500,-129459,-1577103,2391,1914,3930,1237,235,-851,-233,28,64,49868,0.4948,busca
32,1705063800,-129404,-1577195,1227,2261,3938,888,-399,-753,94,-6,-3,55284,0.4012,busca
32,1705064100,-129432,-1577253,4479,1686,3931,-39,420,-599,-257,109,105,39773,0.3958,busca
32,1705064400,-129462,-1577294,2393,1976,3944,-858,206,-884,28,61,261,22666,0.3518,busca
32,1705064700,-129426,-1577337,4094,1590,3988,-1289,-363,-1065,-27,-10,67,43793,0.3478,busca
32,1705065000,-129432,-1577415,957,2322,3939,1498,-540,-1800,-281,-215,67,34103,0.4985,busca
32,1705065300,-129421,-1577442,1761,2141,3915,1523,126,-465,194,45,-146,54366,0.3036,busca
32,1705065600,-129516,-1577489,1719,2129,3993,-905,292,-1172,492,130,-62,41873,0.3996,busca
32,1705065900,-129589,-1577507,297,2419,3971,1061,-46,104,-55,-9,-32,15853,0.3432,transitando
32,1705066200,-129587,-1577648,361,2475,3975,535,-139,-394,-1,-27,32,802,0.4232,transitando
32,1705066500,-129523,-1577587,279,2517,3924,1276,97,-223,24,63,-7,20485,0.4229,transitando
32,1705066800,-129539,-1577486,56,2462,3899,654,-701,-4,-60,124,75,56031,0.3277,transitando
32,1705067100,-129502,-1577363,177,2509,3989,827,74,185,-8,-209,90,33061,0.4201,transitando
32,1705067400,-129446,-1577380,194,2473,3954,890,102,-286,-94,-5,43,25631,0.3707,transitando
32,1705067700,-129494,-1577394,204,2419,3972,1391,-88,138,1,-18,90,49267,0.3173,transitando
32,1705068000,-129557,-1577494,532,2452,3899,1570,486,-120,-27,-20,-1,48256,0.3948,transitando
32,1705068300,-129660,-1577430,500,2362,3898,925,285,-117,-105,-140,43,30302,0.3709,transitando
32,1705068600,-129579,-1577366,432,2352,3986,1670,-865,-486,-110,42,-13,20490,0.4345,transitando
32,1705068900,-129527,-1577331,364,2423,3954,1941,-39,63,-65,-12,5,750,0.5089,transitando
32,1705069200,-129502,-1577360,272,2440,3991,-198,-274,14,141,-116,27,56355,0.3409,transitando
32,1705069500,-129379,-1577379,251,2403,3938,1123,-23,41,-152,-78,22,63509,0.3516,transitando
32,1705069800,-129434,-1577397,257,2424,3960,1031,94,32,163,-45,-12,24805,0.3752,transitando
32,1705070100,-129459,-1577488,472,2303,3906,1052,-170,210,-123,-119,-12,61852,0.3845,transitando
32,1705070400,-129449,-1577369,275,2376,3938,357,339,139,3,145,-1,17788,0.3715,transitando
32,1705070700,-129371,-1577437,211,2488,3923,367,246,105,-103,87,31,15691,0.3975,transitando
32,1705071000,-129361,-1577384,81,2486,3898,1052,364,-8,-27,-65,-13,8013,0.379,transitando
32,1705071300,-129329,-1577422,333,2406,3897,1774,-62,201,-274,-113,57,60469,0.3328,transitando
32,1705071600,-129250,-1577294,332,2475,3949,1092,-157,340,-8,-18,13,42115,0.3837,transitando
32,1705071900,-129289,-1577384,141,2365,3900,1227,-191,-195,-87,-87,44,14919,0.3498,transitando
32,1705072200,-129308,-1577279,306,2436,3966,1106,617,154,45,74,28,60157,0.2675,transitando
32,1705072500,-129463,-1577333,268,2420,3955,475,-332,-421,-51,19,-120,18365,0.4344,transitando
32,1705072800,-129502,-1577243,348,2464,3968,928,-271,94,-23,-12,-27,20011,0.3484,transitando
32,1705073100,-129580,-1577147,483,2429,3900,909,148,-96,96,146,-2,577,0.2948,transitando
32,1705073400,-129595,-1577056,330,2406,3942,1959,217,-370,-26,145,20,43000,0.3192,transitando
32,1705073700,-129477,-1576971,143,2465,3995,375,-330,-99,125,-96,10,45822,0.3518,transitando
32,1705074000,-129560,-1576942,276,2436,3911,1108,-376,-298,162,-110,10,17368,0.3404,transitando
32,1705074300,-129406,-1576968,119,2551,3927,1608,388,182,59,48,25,64141,0.2125,transitando
32,1705074600,-129492,-1576919,475,2439,3939,1282,87,42,-33,25,-34,64630,0.2785,transitando
32,1705074900,-129408,-1577025,123,2462,3939,702,70,-93,-156,-117,-26,38947,0.2781,transitando
32,1705075200,-129429,-1577136,59,2428,3967,770,-238,-97,76,155,-86,26894,0.3753,transitando
32,1705075500,-129465,-1577037,169,2376,3948,901,396,-119,187,85,-50,38697,0.4145,transitando
32,1705075800,-129448,-1577121,259,2561,3934,852,-393,108,-24,48,20,41208,0.2892,transitando
32,1705076100,-129358,-1577195,303,2391,3903,1642,-43,34,158,-30,17,10340,0.4993,transitando
32,1705076400,-129285,-1577165,466,2365,3946,946,-207,-25,-12,-106,-71,26478,0.3713,transitando
32,1705076700,-129243,-1577096,226,2496,3905,1878,166,-126,110,-157,3,21162,0.3069,transitando
32,1705077000,-129193,-1576993,248,2505,3906,1514,-137,-39,-82,57,-26,63384,0.2919,transitando
32,1705077300,-129141,-1576906,164,2463,3948,1684,-25,-195,72,23,-1,57632,0.3101,transitando
32,1705077600,-129194,-1576784,346,2362,3900,653,-44,105,-135,-48,-31,44317,0.2648,transitando
32,1705077900,-129130,-1576909,398,2429,3902,1554,-395,-28,91,93,-26,40458,0.2679,transitando
32,1705078200,-129027,-1576976,341,2474,3942,767,416,-207,-135,-106,37,41119,0.2797,transitando
32,1705078500,-128991,-1577063,268,2433,3899,1253,121,61,-195,-17,20,8085,0.3648,transitando
32,1705078800,-129039,-1577035,61,2463,3903,668,90,72,57,68,28,53056,0.2735,transitando
32,1705079100,-128928,-1576985,405,2434,3913,1322,-112,-441,-51,40,49,8091,0.3113,transitando
32,1705079400,-128863,-1576841,71,2466,3959,1289,48,-246,112,91,-23,22171,0.4316,transitando
32,1705079700,-128833,-1576720,523,2400,3982,487,254,280,-32,-58,-89,15000,0.3517,transitando
32,1705080000,-128902,-1576667,455,2425,3944,276,-413,346,38,86,-74,17057,0.4014,transitando
32,1705080300,-128844,-1576719,334,2364,3900,688,55,-44,-30,-62,45,12260,0.3224,transitando
32,1705080600,-128902,-1576620,129,2464,3927,1144,406,-160,295,-68,-9,6168,0.3253,transitando
32,1705080900,-128979,-1576593,287,2436,3967,387,672,-76,34,-127,-57,40826,0.2816,transitando
32,1705081200,-129052,-1576657,67,2603,3917,949,40,-210,112,163,52,11015,0.1922,transitando
32,1705081500,-129164,-1576685,234,2431,3932,1226,271,204,52,-26,77,46577,0.3494,transitando
32,1705081800,-129147,-1576600,330,2394,3972,651,-356,-22,85,79,73,20622,0.2773,transitando
32,1705082100,-129031,-1576654,317,2271,3958,-9,170,-57,-177,-80,-51,36985,0.2999,transitando
32,1705082400,-129082,-1576568,74,2547,3930,1388,-69,-122,-113,-254,77,54405,0.3402,transitando
32,1705082700,-129130,-1576429,77,2515,3975,354,-165,-505,-123,164,4,38472,0.2319,transitando
32,1705083000,-129133,-1576518,144,2428,3909,364,-577,-5,86,-11,58,23012,0.3001,transitando
32,1705083300,-129010,-1576614,551,2405,3936,1070,271,147,-173,22,-25,10389,0.2489,transitando
32,1705083600,-128902,-1576645,92,2421,3992,1215,152,-36,69,75,-51,12148,0.3251,transitando
32,1705083900,-129027,-1576670,305,2435,3958,729,230,-284,131,-171,20,61826,0.2025,transitando
32,1705084200,-128950,-1576573,232,2411,3992,1337,61,65,72,42,29,53951,0.3281,transitando
32,1705084500,-128838,-1576669,183,2499,3939,1398,594,202,6,20,-42,41977,0.3454,transitando
32,1705084800,-128774,-1576542,166,2444,3935,1948,104,-335,66,40,46,35664,0.31,transitando
32,1705085100,-128815,-1576653,515,2346,3940,350,123,65,-93,7,9,24446,0.1687,transitando
32,1705085400,-128805,-1576559,559,2425,3950,837,387,219,7,134,14,44161,0.2037,transitando
32,1705085700,-128919,-1576586,520,2476,3980,438,-133,-128,114,94,39,63577,0.2802,transitando
32,1705086000,-129007,-1576657,153,2437,3915,1319,46,-60,-63,98,-18,5893,0.45,transitando
32,1705086300,-129012,-1576713,162,2534,3996,974,789,-33,-66,22,-71,35140,0.2851,transitando
32,1705086600,-129086,-1576649,270,2396,3907,285,21,49,-34,4,-44,37939,0.3861,transitando
32,1705086900,-128987,-1576609,84,2506,3964,1294,5,301,4,108,-7,48344,0.4119,transitando
32,1705087200,-128925,-1576646,81,2445,3957,993,328,355,84,-251,21,15379,0.3517,transitando
32,1705087500,-128947,-1576605,109,2493,3987,645,-58,193,2,101,28,32682,0.499,transitando
32,1705087800,-129014,-1576661,445,2430,3934,833,60,-342,-111,33,41,10948,0.3972,transitando
32,1705088100,-129104,-1576666,343,2481,3899,940,-115,-39,-22,-143,48,1140,0.3619,transitando
32,1705088400,-129031,-1576566,105,2448,3940,91,-257,26,-108,-23,-62,40820,0.3541,transitando
32,1705088700,-129073,-1576547,170,2445,3906,915,105,348,-98,-26,-9,18437,0.3224,transitando
32,1705089000,-129192,-1576586,65,2451,3934,1180,-96,-117,-86,-4,11,40710,0.2795,transitando
32,1705089300,-129145,-1576689,95,2444,3955,1240,-193,54,-100,135,60,9367,0.4202,transitando
32,1705089600,-129195,-1576656,379,2387,3910,486,23,-359,-102,-159,-39,15623,0.4638,transitando
32,1705089900,-129251,-1576627,326,2530,3965,1131,609,237,11,-43,-51,11268,0.2362,transitando
32,1705090200,-129370,-1576578,186,2468,3973,1367,-379,12,-76,-204,-26,2076,0.3618,transitando
32,1705090500,-129279,-1576544,140,2449,3995,368,148,-276,32,193,60,29294,0.383,transitando
32,1705090800,-129261,-1576455,262,2419,3994,1652,538,-271,128,-107,8,11227,0.3623,transitando
32,1705091100,-129191,-1576362,61,2462,3933,266,85,69,163,-53,7,18540,0.4157,transitando
32,1705091400,-129094,-1576291,484,2378,3900,1045,33,156,-19,112,-45,13946,0.3574,transitando
32,1705091700,-129112,-1576369,237,2467,3921,986,104,101,4,-178,-25,40638,0.4545,transitando
32,1705092000,-129117,-1576420,534,2506,3904,606,121,-81,-49,-45,76,45198,0.2612,transitando
32,1705092300,-129186,-1576279,446,2499,3924,1310,-779,-131,-77,79,-5,32854,0.4313,transitando
32,1705092600,-129211,-1576219,377,2330,3971,571,381,-39,-87,49,34,59511,0.3849,transitando
32,1705092900,-129278,-1576283,319,2411,3928,1230,149,-61,-148,75,18,14345,0.4047,transitando
32,1705093200,-129343,-1576263,344,2481,3923,1525,-12,-397,37,-130,2,45128,0.3528,transitando
32,1705093500,-129400,-1576286,373,2371,3956,1367,326,154,40,55,17,56389,0.3269,transitando
32,1705093800,-129321,-1576414,215,2468,3988,1191,-257,58,219,-163,-2,48251,0.3474,transitando
32,1705094100,-129465,-1576369,298,2424,3942,997,112,-158,-137,-148,-20,46551,0.4474,transitando
32,1705094400,-129418,-1576350,86,2481,3904,1296,344,174,63,103,78,44239,0.3943,transitando
32,1705094700,-129376,-1576320,278,2419,3912,1416,-26,131,238,-52,17,1311,0.4361,transitando
32,1705095000,-129448,-1576341,248,2408,3939,96,41,80,77,23,79,65477,0.4907,transitando
32,1705095300,-129342,-1576338,93,2432,3986,220,396,-136,110,-10,8,20388,0.3852,transitando
32,1705095600,-129256,-1576373,191,2586,3908,-33,409,-1,-18,-88,-43,36727,0.4318,transitando
32,1705095900,-129202,-1576437,339,2365,3975,1241,-29,173,49,87,-39,39512,0.4536,transitando
32,1705096200,-129180,-1576379,354,2454,3955,443,-191,52,153,110,8,55566,0.3893,transitando
32,1705096500,-129261,-1576417,398,2410,3929,489,-312,-167,-40,5,-24,21842,0.4853,transitando
32,1705096800,-129190,-1576484,306,2402,3969,999,-153,244,-19,-88,88,42882,0.4123,transitando
32,1705097100,-129143,-1576589,449,2398,3914,915,-297,12,32,44,71,7867,0.4641,transitando
32,1705097400,-129201,-1576500,386,2420,3912,747,263,-124,16,-37,20,7752,0.3185,transitando
32,1705097700,-129262,-1576394,368,2545,3979,1712,-77,255,-38,-43,69,41487,0.3489,transitando
32,1705098000,-129183,-1576472,136,2462,3977,855,3,124,-71,-33,-60,38107,0.3394,transitando
32,1705098300,-129066,-1576526,275,2348,3996,1330,-22,-117,68,-85,-103,47930,0.3843,transitando
32,1705098600,-128985,-1576436,367,2487,3989,1065,-321,271,91,145,-15,33225,0.4062,transitando
32,1705098900,-128962,-1576520,195,2407,3970,1238,227,84,-64,-8,-10,63761,0.3445,transitando
32,1705099200,-128923,-1576430,297,2343,3958,1101,244,-52,-61,118,-50,25409,0.3385,transitando
32,1705099500,-129020,-1576473,402,2394,3989,847,549,-53,-54,159,-20,852,0.452,transitando
32,1705099800,-128945,-1576479,257,2480,3932,996,-165,-352,263,-7,15,31801,0.3209,transitando
32,1705100100,-129021,-1576414,132,2569,3931,-536,183,-215,-46,140,33,44570,0.3958,transitando
32,1705100400,-129094,-1576330,337,2372,3919,1098,-470,92,-66,-128,78,36511,0.3166,transitando
32,1705100700,-129102,-1576235,314,2450,3922,757,485,404,-60,-61,-20,61533,0.2544,transitando
32,1705101000,-129036,-1576144,316,2412,3943,967,-237,-70,-84,23,178,54289,0.4301,transitando
32,1705101300,-128988,-1576112,445,2381,3932,1892,-119,133,184,-36,57,17862,0.4011,transitando
32,1705101600,-129086,-1576122,254,2427,3980,459,283,27,-18,64,-42,14588,0.2526,transitando
32,1705101900,-128990,-1576139,465,2367,3970,1245,44,-75,17,5,86,57182,0.3804,transitando
32,1705102200,-129054,-1576134,470,2422,3941,1411,-221,-155,-84,125,16,33216,0.4165,transitando
32,1705102500,-129048,-1576067,113,2454,3917,505,-294,300,87,130,82,43127,0.3652,transitando
32,1705102800,-129064,-1575961,537,2402,3977,395,323,-204,40,124,94,35077,0.3647,transitando
32,1705103100,-129071,-1575904,65,2511,3969,1642,138,279,66,-134,39,37903,0.3327,transitando
32,1705103400,-128987,-1575941,136,2455,3912,867,-185,111,81,111,59,16384,0.4011,transitando
32,1705103700,-128929,-1575987,367,2347,3983,24,-3,17,116,-65,54,7480,0.3037,transitando
32,1705104000,-128935,-1575898,235,2466,3967,892,49,-35,160,-6,-7,27396,0.3432,transitando
32,1705104300,-129023,-1575928,283,2419,3920,1332,81,160,24,78,-42,36554,0.3885,transitando
32,1705104600,-129100,-1575971,97,2464,3939,202,518,326,38,119,-26,8424,0.4032,transitando
32,1705104900,-129164,-1575959,197,2416,3906,729,-164,35,103,-141,-37,21525,0.2819,transitando
32,1705105200,-129238,-1575862,242,2367,3989,1200,-316,90,-70,116,1,63878,0.349,transitando
32,1705105500,-129288,-1575768,284,2391,3974,908,-297,208,90,167,-55,56800,0.3725,transitando
32,1705105800,-129347,-1575824,486,2408,3948,1083,691,401,61,-48,8,40303,0.5247,transitando
32,1705106100,-129386,-1575821,192,2537,3966,1219,-720,166,3,-29,-3,60831,0.3644,transitando
32,1705106400,-129376,-1575720,424,2487,3908,8,-47,-147,160,99,-34,62876,0.3911,transitando
32,1705106700,-129366,-1575771,95,2613,3989,1454,313,-24,-102,-37,-55,54331,0.4229,transitando
32,1705107000,-129295,-1575772,148,2489,3982,1371,-185,338,-22,-98,66,54191,0.3379,transitando
32,1705107300,-129407,-1575746,315,2433,3974,434,95,-93,115,1,-10,23284,0.4047,transitando
32,1705107600,-129338,-1575773,352,2477,3898,955,55,164,57,189,35,51638,0.4542,transitando
32,1705107900,-129372,-1575702,121,2434,3991,153,-348,259,-93,110,25,4807,0.3705,transitando
32,1705108200,-129428,-1575629,153,2535,3963,1191,281,-110,-132,-176,50,11208,0.521,transitando
32,1705108500,-129445,-1575586,113,2340,3902,1872,-108,-107,-78,-98,-63,18549,0.4506,transitando
32,1705108800,-129379,-1575621,257,2399,3911,-175,-81,-2,12,19,-37,56243,0.4574,transitando
32,1705109100,-129348,-1575715,172,2527,3993,836,122,263,74,-6,23,4055,0.5337,transitando
32,1705109400,-129385,-1575718,168,2483,3972,1045,-608,14,-59,22,-34,4489,0.5068,transitando
32,1705109700,-129405,-1575745,343,2441,3989,704,516,371,4,-29,70,5453,0.4322,transitando
32,1705110000,-129440,-1575846,512,2433,3936,745,256,-224,21,7,-30,20926,0.5479,transitando
32,1705110300,-129445,-1575809,148,2425,3920,793,524,-152,23,1,-58,22692,0.4872,transitando
32,1705110600,-129525,-1575747,337,2411,3945,1014,-735,-7,-26,-35,-60,29480,0.4298,transitando
32,1705110900,-129629,-1575737,386,2395,3933,1086,-571,214,-6,-191,6,35500,0.6363,transitando
32,1705111200,-129603,-1575737,228,2543,3989,1974,332,-18,88,-171,-4,19056,0.4441,transitando
32,1705111500,-129626,-1575692,217,2499,3939,846,331,-192,-43,-5,-3,29770,0.4386,transitando
32,1705111800,-129706,-1575716,322,2452,3984,1592,37,-466,97,82,-40,4488,0.5654,transitando
32,1705112100,-129709,-1575667,62,2465,3937,713,30,-62,57,132,6,20680,0.462,transitando
32,1705112400,-129644,-1575642,333,2518,3967,1534,173,-182,50,-175,28,55201,0.3833,transitando
32,1705112700,-129679,-1575560,341,2454,3901,734,332,248,-46,113,34,42447,0.3779,transitando
32,1705113000,-129762,-1575545,540,2385,3992,284,95,11,226,153,-7,27453,0.4738,transitando
32,1705113300,-129816,-1575536,1057,2324,3960,1490,327,-1717,285,-669,-201,44422,0.5242,forrageando
32,1705113600,-129838,-1575528,590,2378,3983,-1192,2803,-1200,-593,-41,-225,58238,0.4148,forrageando
32,1705113900,-129849,-1575458,802,2415,3906,911,-425,-1310,810,618,-103,58798,0.5091,forrageando
32,1705114200,-129842,-1575477,1025,2288,3996,-854,-865,-1503,57,365,-112,45263,0.4259,forrageando
32,1705114500,-129826,-1575534,1077,2284,3960,-421,1792,-547,-113,-1361,-399,43490,0.4984,forrageando
33,1705028400,309493,1432306,1148,2295,3972,1521,-99,-490,292,215,-58,12353,0.4865,busca
33,1705028700,309556,1432231,1171,2279,3919,-71,-924,-271,-61,247,11,16836,0.2366,busca
33,1705029000,309431,1432230,2175,2054,3930,683,506,-958,-152,5,-326,6000,0.451,busca
33,1705029300,309469,1432167,815,2348,3926,508,-848,-1610,-124,-377,-156,64709,0.4796,busca
33,1705029600,309444,1432105,2106,1999,3934,-667,-828,-179,-153,-90,-121,60778,0.3996,busca
33,1705029900,309388,1432039,756,2323,3921,-498,-982,-368,-114,-189,-20,933,0.3427,busca
33,1705030200,309344,1431958,496,2268,3957,78,-111,-575,125,-68,163,29405,0.474,busca
33,1705030500,309399,1432041,556,2356,3973,-1497,-905,-223,104,182,0,27561,0.3356,busca
33,1705030800,309512,1432096,1967,2153,3905,-966,269,-162,-28,361,-72,29965,0.3784,busca
33,1705031100,309513,1432153,1194,2320,3909,1503,-408,82,135,72,-21,11081,0.4559,busca
33,1705031400,309565,1432142,1364,2182,3973,266,616,-356,-97,-152,159,1744,0.3184,busca
33,1705031700,309593,1432226,1008,2312,3996,411,-908,-1410,-136,274,146,27619,0.3434,busca
33,1705032000,309647,1432349,1916,2142,3916,-696,-553,-174,159,23,-46,18941,0.3802,busca
33,1705032300,309700,1432394,1961,2142,3919,1499,-683,-685,207,-343,119,39212,0.5148,busca
33,1705032600,309655,1432400,667,2327,3903,1869,229,-334,-92,-15,-121,25318,0.3611,busca
33,1705032900,309735,1432396,1681,2286,3975,1446,-691,521,-51,176,-208,1666,0.3662,busca
33,1705033200,309700,1432319,2152,2190,3914,1035,-428,-344,-188,77,53,29920,0.3095,busca
33,1705033500,309600,1432386,519,2388,3900,-678,560,-107,156,412,53,28144,0.4233,busca
33,1705033800,309563,1432281,1485,2225,3991,-59,-1078,-1303,-143,-56,-143,42197,0.5078,busca
33,1705034100,309554,1432287,793,2336,3980,70,869,-368,-98,480,116,24995,0.3854,busca
33,1705034400,309499,1432219,971,2264,3906,125,534,-301,331,-152,-44,45640,0.4219,busca
33,1705034700,309456,1432206,761,2306,3967,789,-195,-753,9,266,72,916,0.5562,busca
33,1705035000,309469,1432186,1785,2112,3938,411,-61,-247,9,61,55,52543,0.328,busca
33,1705035300,309553,1432179,1075,2320,3967,1110,843,-1392,-215,-51,404,41959,0.3601,busca
33,1705035600,309518,1432199,695,2277,3977,-1554,-140,-176,168,48,233,35483,0.4015,busca
33,1705035900,309515,1432166,347,2423,3918,526,367,-480,283,26,-8,31136,0.4137,busca
33,1705036200,309441,1432125,556,2397,3945,212,-1107,-397,-393,-255,-111,14649,0.4561,busca
33,1705036500,309335,1432119,1777,2192,3953,2294,-342,-312,-19,-41,20,21118,0.5733,busca
33,1705036800,309305,1432103,1575,2266,3985,903,-399,-1342,276,-14,233,7994,0.4589,busca
33,1705037100,309378,1431981,629,2365,3923,2063,935,-205,-35,184,20,36421,0.4699,busca
33,1705037400,309291,1431940,418,2370,3945,-2027,-261,-377,1,297,160,11067,0.3488,busca
33,1705037700,309300,1431843,1191,2237,3912,-530,132,-396,12,164,-100,34629,0.4962,busca
33,1705038000,309370,1431865,1026,2241,3939,-279,-789,-347,29,-105,-183,53178,0.4685,busca
33,1705038300,309342,1431811,1460,2174,3942,1688,839,388,82,-180,195,20405,0.4919,busca
33,1705038600,309366,1431912,448,2474,3982,870,-988,148,-34,330,154,57793,0.4957,busca
33,1705038900,309377,1431850,929,2350,3937,317,781,386,-346,37,-20,36197,0.5673,busca
33,1705039200,309359,1431842,1061,2297,3937,2231,-659,-530,539,-179,-25,52772,0.5135,busca
33,1705039500,309346,1431820,1224,2195,3997,528,-821,-525,23,-209,15,11641,0.5114,busca
33,1705039800,309305,1431844,343,2499,3935,-2062,16,74,-1320,332,-83,4080,0.5549,forrageando
33,1705040100,309296,1431854,1214,2239,3899,-836,887,642,843,353,829,7932,0.4987,forrageando
33,1705040400,309361,1431967,1044,2242,3974,-1169,-1194,-649,-20,-163,389,8356,0.5114,forrageando
33,1705040700,309334,1431998,1206,2329,3914,-5430,-1357,-1540,94,110,-780,59842,0.4365,forrageando
33,1705041000,309280,1432020,196,2505,3951,29,-1656,-1735,176,-73,-278,61944,0.5344,forrageando
33,1705041300,309254,1432009,302,2445,3912,-634,-2069,-403,238,381,58,40918,0.428,forrageando
33,1705041600,309306,1432093,893,2297,3973,-2838,1351,-2153,700,-392,8,16225,0.5074,forrageando
33,1705041900,309292,1432066,444,2352,3920,1223,1800,-1486,-446,-589,-178,10967,0.4836,forrageando
33,1705042200,309272,1432024,913,2384,3928,-2087,-2334,-974,287,-1094,622,60931,0.4905,forrageando
33,1705042500,309228,1431972,586,2378,3992,-1996,212,-2289,101,203,568,40393,0.4065,forrageando
33,1705042800,309159,1431983,799,2265,3966,-1033,-1554,-1940,-443,480,-263,40070,0.4218,forrageando
33,1705043100,309170,1432011,257,2427,3943,849,3017,-516,392,-72,843,11207,0.4541,forrageando
33,1705043400,309131,1432033,1176,2398,3952,2330,-971,-943,581,-308,-130,45828,0.5603,forrageando
33,1705043700,309110,1432045,892,2318,3993,-929,534,-26,-480,851,246,27816,0.5957,forrageando
33,1705044000,309115,1432020,311,2414,3975,-847,-2210,-393,-875,-407,187,55411,0.5129,forrageando
33,1705044300,309104,1432011,497,2433,3972,1006,-1610,-1622,15,-111,-443,43260,0.5062,forrageando
33,1705044600,309131,1432004,635,2365,3997,-783,678,-1486,477,54,112,3434,0.5555,forrageando
33,1705044900,309178,1432006,1095,2376,3960,3638,-2234,-368,-334,161,589,13045,0.5075,forrageando
33,1705045200,309183,1432022,1191,2253,3926,-2094,-1697,-2481,25,-1280,89,47455,0.5879,forrageando
33,1705045500,309190,1432022,600,2419,3932,1012,238,-1392,261,170,-8,37785,0.4818,forrageando
33,1705045800,309106,1432054,629,2337,3919,751,158,349,301,569,124,61816,0.5121,forrageando
33,1705046100,309137,1432070,894,2348,3945,-4250,499,-1635,-940,654,-92,52186,0.3988,forrageando
33,1705046400,309146,1431939,736,2311,3951,-1938,3537,-1240,615,713,825,9393,0.4007,forrageando
33,1705046700,309115,1432021,840,2385,3912,-2851,1483,-1809,343,-354,-234,27892,0.3733,forrageando
33,1705047000,309051,1432067,1651,2086,3944,869,4540,-632,568,-595,165,2841,0.4749,forrageando
33,1705047300,309082,1432041,872,2327,3939,314,-290,-2664,-201,225,-7,55256,0.5675,forrageando
33,1705047600,309096,1431997,1286,2333,3930,-3002,6242,-2421,-549,-287,209,57331,0.5745,forrageando
33,1705047900,309108,1432007,404,2392,3919,355,13,-4895,548,396,817,55896,0.6223,forrageando
33,1705048200,309108,1431979,1050,2258,3989,469,1600,-2072,15,43,98,39302,0.4751,forrageando
33,1705048500,309103,1432078,773,2385,3949,753,365,533,-284,343,-204,22999,0.4975,forrageando
33,1705048800,309104,1432180,375,2357,3916,2159,-2131,-390,-227,570,332,24336,0.5317,forrageando
33,1705049100,309103,1432164,412,2378,3903,465,-1254,-817,-88,193,291,35178,0.522,forrageando
33,1705049400,309138,1432119,590,2400,3992,-2253,412,-937,-98,1189,62,43286,0.4879,forrageando
33,1705049700,309135,1432143,1104,2349,3911,2821,1433,-1605,986,534,54,3249,0.5509,forrageando
33,1705050000,309161,1432127,2475,424,3913,782,-2284,-1095,143,662,-125,47299,0.5055,forrageando
33,1705050300,309160,1432101,2695,542,3977,-1505,1213,416,-555,-673,-92,13920,0.4996,forrageando
33,1705050600,309159,1432081,2601,475,3911,-2118,-1563,3,682,117,-759,58543,0.485,forrageando
33,1705050900,309228,1432214,1549,2225,3903,-877,4939,-1618,315,-61,-49,57519,0.6495,forrageando
33,1705051200,309216,1432188,762,2337,3998,-3251,2600,567,488,237,-354,45284,0.4559,forrageando
33,1705051500,309260,1432236,2559,386,3967,-1583,1614,-645,-29,220,96,53138,0.5632,forrageando
33,1705051800,309281,1432276,1154,2226,3926,3923,908,-354,322,-51,-476,61026,0.3765,forrageando
33,1705052100,309259,1432338,3358,536,3915,-4990,-1791,1122,198,488,195,25759,0.5771,forrageando
33,1705052400,309273,1432375,751,2417,3953,870,734,290,-458,-907,702,26380,0.6424,forrageando
33,1705052700,309311,1432342,1695,2210,3920,-22,3236,79,-435,109,-267,63035,0.5614,forrageando
33,1705053000,309301,1432340,2453,435,3985,5686,-386,-658,29,426,-77,33103,0.6786,forrageando
33,1705053300,309289,1432366,835,2366,3926,1727,1570,937,372,69,-110,63089,0.5518,forrageando
33,1705053600,309256,1432345,1897,2169,3970,-3513,-2158,-1690,-706,-679,290,45377,0.5746,forrageando
33,1705053900,309245,1432378,2749,432,3986,649,-3644,730,-659,-253,-238,3724,0.5322,forrageando
33,1705054200,309270,1432405,2281,412,3915,-2478,1299,-970,-99,80,141,64310,0.6891,forrageando
33,1705054500,309238,1432436,1926,2056,3959,-723,-2474,-1237,343,-234,-230,1243,0.5743,forrageando
33,1705054800,309249,1432440,1188,2262,3966,-3829,-944,-535,55,937,423,30770,0.619,forrageando
33,1705055100,309256,1432409,1579,2119,3933,-562,3042,-497,146,-2,-28,1303,0.547,forrageando
33,1705055400,309255,1432402,1706,2117,3968,-3579,1661,-631,314,-343,143,19154,0.5429,forrageando
33,1705055700,309244,1432420,1233,2248,3924,-129,1651,-724,494,-1083,48,1595,0.5708,forrageando
33,1705056000,309233,1432391,961,2265,3916,1343,-3750,-1950,-578,-266,441,31087,0.5522,forrageando
33,1705056300,309272,1432396,2084,339,3997,509,1435,-1169,406,82,-108,8131,0.4859,forrageando
33,1705056600,309159,1432462,3083,435,3921,-2904,2452,31,-981,446,-132,62631,0.4575,forrageando
33,1705056900,309166,1432415,1972,2036,3978,-4809,1831,16,200,382,-34,6126,0.5507,forrageando
33,1705057200,309136,1432418,1223,2223,3900,1209,-482,-2185,272,-69,499,6003,0.5135,forrageando
33,1705057500,309110,1432436,1121,2219,3910,-1555,-4304,-662,-42,-151,925,24104,0.6107,forrageando
33,1705057800,309087,1432390,1316,2246,3922,2414,-1393,-169,93,-451,-34,21747,0.4061,forrageando
33,1705058100,309072,1432294,1081,2257,3984,-2075,-745,-1294,103,741,538,54335,0.5744,forrageando
33,1705058400,309049,1432319,1053,2282,3955,-891,2170,-1552,37,1188,-72,28963,0.4328,forrageando
33,1705058700,309087,1432391,794,2315,3922,-1411,1832,-1643,-340,309,253,17742,0.5823,forrageando
33,1705059000,309080,1432424,1586,2121,3966,586,1455,-1317,166,469,143,47800,0.4801,forrageando
33,1705059300,309009,1432475,594,2419,3909,-776,-2912,-1077,252,391,476,51841,0.508,forrageando
33,1705059600,309000,1432461,2790,528,3951,-1819,-4947,-2541,232,1026,222,13889,0.4035,forrageando
33,1705059900,308981,1432473,1107,2271,3946,-569,-291,-2331,-618,-588,-168,11033,0.4549,forrageando
33,1705060200,309026,1432416,2171,402,3899,607,-177,-2038,694,110,-151,22666,0.3831,forrageando
33,1705060500,309109,1432304,2446,396,3963,-2892,-375,-479,780,-158,-675,24979,0.6027,forrageando
33,1705060800,309107,1432272,1314,2309,3960,4299,975,-718,463,40,358,2651,0.4216,forrageando
33,1705061100,309017,1432254,3469,599,3970,-1368,-695,-346,753,-264,-39,41964,0.4974,forrageando
33,1705061400,308983,1432203,2618,483,3945,452,4005,-2691,365,-346,61,47537,0.4327,forrageando
33,1705061700,309019,1432185,2543,434,3961,1238,569,-70,-27,-569,239,31800,0.5401,forrageando
33,1705062000,309057,1432201,920,2255,3903,-310,76,-986,-276,-602,434,39449,0.5443,forrageando
33,1705062300,309063,1432246,1733,2157,3979,1415,1469,-900,-809,-1093,98,20005,0.5428,forrageando
33,1705062600,309050,1432214,1808,2072,3954,-1247,2150,-329,-371,-754,-113,11396,0.477,forrageando
33,1705062900,309074,1432145,2390,450,3957,-1756,-1129,-3173,563,637,-245,7480,0.6453,forrageando
33,1705063200,309098,1432154,2079,439,3989,-682,2858,1507,388,-308,-19,25269,0.4303,forrageando
33,1705063500,309150,1432316,955,2283,3973,3275,1234,401,93,-723,-535,60972,0.4535,forrageando
33,1705063800,309186,1432201,1606,2188,3981,1941,1265,-1827,-349,-728,117,9225,0.4679,forrageando
33,1705064100,309219,1432085,2025,392,3960,2388,-1879,-1216,-379,66,90,52171,0.5357,forrageando
33,1705064400,309230,1432106,1038,2313,3995,1575,694,-374,-402,-276,-912,35506,0.4078,forrageando
33,1705064700,309247,1432063,666,2426,3998,2986,-1105,431,515,-367,307,57932,0.441,forrageando
33,1705065000,309242,1431961,1751,2147,3970,948,1582,-2595,-102,-685,-223,32285,0.3028,forrageando
33,1705065300,309296,1431736,1390,2258,3986,-3860,949,725,-367,-441,-631,58986,0.4527,forrageando
33,1705065600,309317,1431689,1249,2285,3967,2167,-851,-1031,496,-442,-58,35505,0.3112,forrageando
33,1705065900,309439,1431644,2822,505,3934,1081,-1690,-2852,20,-737,-307,54919,0.3,forrageando
33,1705066200,309421,1431708,1688,2262,3929,2121,668,-1274,-70,6,365,34995,0.3494,forrageando
33,1705066500,309388,1431677,3677,1783,3984,477,-170,-628,-82,-107,-329,7122,0.3332,busca
33,1705066800,309492,1431779,3147,1847,3922,1437,-993,-863,431,336,98,28317,0.4846,busca
33,1705067100,309454,1431748,1383,2122,3909,613,1420,12,-113,-300,108,1562,0.3693,busca
33,1705067400,309410,1431803,1209,2162,3968,-29,849,-1176,1,-37,84,528,0.3711,busca
33,1705067700,309362,1431720,4014,1631,3909,1322,-1168,-1368,169,31,7,5825,0.4603,busca
33,1705068000,309374,1431796,2753,1924,3965,681,-113,-80,-13,-222,-319,45913,0.5363,busca
33,1705068300,309385,1431749,4252,1660,3933,90,227,-261,142,-54,151,51683,0.3445,busca
33,1705068600,309459,1431855,2949,1950,3922,1613,-235,-581,-122,-136,-127,51547,0.3544,busca
33,1705068900,309422,1431901,1786,2105,3979,-69,673,-296,187,-19,61,11706,0.2929,busca
33,1705069200,309563,1431886,3600,1693,3959,1720,454,-1394,-98,-206,71,6465,0.4317,busca
33,1705069500,309616,1431820,2919,1877,3905,1451,-1755,-515,-71,41,110,15911,0.3745,busca
33,1705069800,309551,1431853,4219,1654,3935,371,1178,-41,-3,-17,76,15176,0.1599,busca
33,1705070100,309604,1431752,1832,2133,3912,-62,666,-1387,-386,-33,-4,36949,0.3233,busca
33,1705070400,309530,1431644,2314,2135,3959,957,-423,-396,-5,-204,-170,27107,0.3544,busca
33,1705070700,309527,1431711,1275,2306,3988,1448,-608,-495,17,-137,153,17018,0.4743,busca
33,1705071000,309572,1431811,2064,2169,3986,2169,-693,-630,124,118,-143,53174,0.3964,busca
33,1705071300,309578,1431880,2191,2054,3976,-327,-1228,-403,-389,-70,-487,44770,0.3257,busca
33,1705071600,309433,1431838,384,2391,3989,784,195,275,55,-83,-39,8003,0.2993,transitando
33,1705071900,309361,1431883,136,2472,3921,621,-23,17,96,-26,-54,24316,0.3879,transitando
33,1705072200,309261,1431864,316,2464,3958,127,468,-7,4,-178,41,32588,0.3979,transitando
33,1705072500,309301,1431991,135,2440,3972,515,-256,-35,-226,141,-17,24933,0.4153,transitando
33,1705072800,309280,1432122,180,2501,3908,583,-91,-368,-63,71,36,8435,0.3536,transitando
33,1705073100,309235,1432203,169,2455,3924,592,518,-126,102,159,-23,21788,0.4041,transitando
33,1705073400,309282,1432112,261,2468,3919,982,-144,5,39,-44,34,17408,0.2991,transitando
33,1705073700,309326,1432242,214,2462,3929,1163,39,122,-114,-2,-64,38614,0.3301,transitando
33,1705074000,309407,1432091,104,2466,3919,1094,-215,282,-186,164,-86,40808,0.4496,transitando
33,1705074300,309359,1432220,72,2555,3916,132,113,70,16,153,0,33366,0.2209,transitando
33,1705074600,309288,1432131,217,2475,3990,1039,326,-102,9,28,-93,25830,0.2959,transitando
33,1705074900,309212,1432251,68,2463,3935,1998,-208,13,44,-67,-16,56794,0.2872,transitando
33,1705075200,309071,1432201,253,2462,3954,721,560,-43,-130,-6,2,36282,0.4504,transitando
33,1705075500,309085,1432154,211,2483,3953,256,460,20,186,-187,-26,32305,0.4222,transitando
33,1705075800,309032,1432134,161,2395,3960,1272,73,210,151,163,96,62317,0.3108,transitando
33,1705076100,308903,1432193,245,2466,3926,845,252,421,-30,74,23,58409,0.3606,transitando
33,1705076400,308970,1432100,478,2449,3931,1675,-69,136,-86,-33,109,26798,0.3439,transitando
33,1705076700,308862,1432142,390,2373,3906,980,86,-175,23,73,-27,28427,0.5317,transitando
33,1705077000,308826,1432139,254,2461,3936,343,264,-261,-132,48,42,46418,0.3181,transitando
33,1705077300,308867,1432262,305,2497,3981,405,-49,49,-224,81,109,48410,0.3191,transitando
33,1705077600,308783,1432259,395,2372,3898,790,-90,319,25,-57,-25,30529,0.417,transitando
33,1705077900,308723,1432353,80,2392,3933,1728,-609,219,-106,3,8,33341,0.4763,transitando
33,1705078200,308680,1432303,381,2424,3914,1053,-355,-171,53,-82,-4,14253,0.3413,transitando
33,1705078500,308587,1432213,349,2484,3958,908,-362,-228,62,-10,14,34291,0.4653,transitando
33,1705078800,308590,1432267,508,2337,3988,1144,366,146,179,-178,-8,35208,0.5477,transitando
33,1705079100,308578,1432284,346,2363,3945,769,152,-345,-50,-94,-66,29095,0.2747,transitando
33,1705079400,308679,1432161,257,2448,3985,1643,62,93,-72,31,-11,18956,0.2144,transitando
33,1705079700,308764,1432056,301,2431,3915,665,270,7,-69,-106,18,63599,0.3384,transitando
33,1705080000,308755,1432155,273,2501,3981,1356,-118,134,-184,-90,103,5154,0.3106,transitando
33,1705080300,308701,1432016,49,2422,3904,2834,-198,232,-8,64,50,41342,0.2769,transitando
33,1705080600,308805,1431942,309,2412,3949,1128,-421,-111,-9,-2,-26,52808,0.2996,transitando
33,1705080900,308736,1432074,473,2357,3945,1163,-579,68,-71,42,12,2204,0.2971,transitando
33,1705081200,308731,1432207,76,2403,3920,1796,-113,23,-8,72,-16,17798,0.2072,transitando
33,1705081500,308790,1432106,257,2381,3973,605,-208,-126,-33,32,-52,63550,0.269,transitando
33,1705081800,308907,1432028,185,2366,3996,1104,133,-63,151,19,115,4453,0.258,transitando
33,1705082100,309009,1431983,283,2445,3921,722,272,-51,22,-198,-41,22868,0.3561,transitando
33,1705082400,309080,1432003,436,2432,3974,879,442,-310,53,-76,-71,34307,0.3671,transitando
33,1705082700,309041,1432088,245,2423,3909,1578,-27,149,28,-100,-15,59319,0.4202,transitando
33,1705083000,308977,1432156,253,2431,3903,1124,331,-74,-38,220,-31,53798,0.3286,transitando
33,1705083300,309081,1432108,394,2422,3921,1564,318,290,53,19,-56,65525,0.3394,transitando
33,1705083600,309163,1432047,351,2393,3942,1679,-651,-109,-27,146,-30,58369,0.311,transitando
33,1705083900,309053,1432113,229,2502,3975,1316,-60,-28,22,28,-40,11635,0.1974,transitando
33,1705084200,309035,1432281,382,2458,3904,1364,-49,297,-34,-81,60,43014,0.1723,transitando
33,1705084500,308984,1432401,318,2481,3932,1050,147,-87,86,104,-41,24806,0.2796,transitando
33,1705084800,308927,1432538,201,2442,3917,1675,81,152,-105,22,-46,47070,0.2096,transitando
33,1705085100,308858,1432632,96,2524,3990,1856,-388,427,78,-49,56,42720,0.3623,transitando
33,1705085400,308905,1432546,400,2516,3933,523,-185,194,200,12,-4,15230,0.3251,transitando
33,1705085700,308902,1432443,368,2428,3951,1123,245,23,67,148,27,38038,0.263,transitando
33,1705086000,308797,1432325,133,2407,3939,688,-28,-225,0,19,-22,51359,0.35,transitando
33,1705086300,308896,1432384,247,2454,3983,1135,-113,16,-168,108,26,59059,0.2999,transitando
33,1705086600,308910,1432269,146,2482,3899,1304,30,150,-46,-110,-35,15118,0.2296,transitando
33,1705086900,308944,1432370,326,2425,3913,1147,-114,37,126,106,-99,64228,0.2737,transitando
33,1705087200,308859,1432366,357,2457,3916,686,478,-76,-206,-53,10,36082,0.3402,transitando
33,1705087500,308959,1432316,562,2443,3905,1135,-103,48,8,23,-71,17716,0.3473,transitando
33,1705087800,308846,1432287,590,2374,3964,1843,407,141,32,-45,-89,38199,0.2758,transitando
33,1705088100,308791,1432464,67,2484,3993,959,-153,304,-85,20,-18,18701,0.3734,transitando
33,1705088400,308803,1432569,69,2541,3938,214,525,-72,67,46,-29,52096,0.3878,transitando
33,1705088700,308790,1432682,223,2476,3991,-23,-658,-32,-7,-64,-50,27356,0.3229,transitando
33,1705089000,308887,1432604,307,2452,3989,1128,186,-245,-99,-45,0,40248,0.373,transitando
33,1705089300,308865,1432540,63,2418,3931,877,137,212,-1,-198,45,187,0.2549,transitando
33,1705089600,308821,1432680,140,2421,3948,893,-15,176,223,2,7,48599,0.4056,transitando
33,1705089900,308849,1432614,287,2464,3921,1055,-280,-157,-34,1,71,21995,0.2826,transitando
33,1705090200,308838,1432745,411,2463,3961,586,259,-78,103,18,0,33353,0.3585,transitando
33,1705090500,308905,1432681,470,2406,3918,1663,-321,-140,0,13,36,4404,0.4355,transitando
33,1705090800,308848,1432684,448,2462,3908,1278,-76,57,-1,244,42,53931,0.2864,transitando
33,1705091100,308797,1432797,170,2462,3951,1836,-24,174,3,218,-15,48944,0.3461,transitando
33,1705091400,308831,1432696,367,2371,3980,344,212,360,-59,84,14,45048,0.3684,transitando
33,1705091700,308787,1432731,128,2517,3950,1334,336,-98,-21,75,0,46627,0.4125,transitando
33,1705092000,308884,1432830,156,2475,3930,1528,570,49,57,-277,-31,1714,0.3325,transitando
33,1705092300,308876,1432979,242,2449,3977,1018,-28,-172,112,-61,-30,10581,0.2599,transitando
33,1705092600,308998,1432962,303,2499,3960,1199,274,-229,172,82,-26,25210,0.4853,transitando
33,1705092900,308951,1432984,434,2451,3906,897,-780,-355,107,-72,-23,8941,0.3376,transitando
33,1705093200,308841,1432985,375,2427,3918,441,-295,136,60,-108,8,12246,0.3197,transitando
33,1705093500,308698,1433065,205,2566,3969,877,-129,18,-18,201,39,56166,0.445,transitando
33,1705093800,308691,1433008,344,2332,3990,1031,-450,2,90,-38,-37,50497,0.3805,transitando
33,1705094100,308740,1433039,116,2432,3994,1408,372,-182,-126,-90,-108,1864,0.3354,transitando
33,1705094400,308654,1433033,142,2448,3971,1794,184,-62,53,-24,-1,40239,0.3816,transitando
33,1705094700,308705,1433102,441,2467,3912,-340,7,84,-62,-100,10,56291,0.3415,transitando
33,1705095000,308715,1433239,90,2468,3946,1376,-470,-127,136,-108,-64,30992,0.4095,transitando
33,1705095300,308741,1433274,208,2428,3958,1405,-25,-322,37,55,-54,28810,0.4801,transitando
33,1705095600,308672,1433210,211,2500,3976,1461,-467,289,-49,-6,77,1849,0.3445,transitando
33,1705095900,308618,1433358,310,2435,3936,1344,501,-381,27,-115,-81,37988,0.4227,transitando
33,1705096200,308687,1433393,145,2358,3937,1783,81,0,-47,50,-20,27866,0.3714,transitando
33,1705096500,308754,1433384,143,2508,3917,621,-95,241,-39,-41,-8,765,0.4226,transitando
33,1705096800,308752,1433323,378,2396,3918,684,-725,-198,-35,31,2,46391,0.4142,transitando
33,1705097100,308688,1433236,66,2523,3947,1214,-52,499,-1,43,46,37731,0.3156,transitando
33,1705097400,308722,1433335,452,2370,3985,1533,-807,72,-236,-89,-7,1953,0.3604,transitando
33,1705097700,308737,1433267,297,2327,3960,901,-243,-27,-210,-11,44,38065,0.3834,transitando
33,1705098000,308751,1433315,479,2535,3949,887,-529,-5,-42,-113,-18,46937,0.3427,transitando
33,1705098300,308862,1433296,453,2418,3913,1430,-121,203,-41,-10,-20,46756,0.3408,transitando
33,1705098600,308987,1433215,156,2515,3911,732,44,249,103,65,-41,27130,0.3744,transitando
33,1705098900,308985,1433291,227,2539,3916,1572,-525,-734,-143,91,21,8893,0.2866,transitando
33,1705099200,308986,1433156,333,2419,3905,1602,-242,139,-9,-87,2,59620,0.4715,transitando
33,1705099500,309055,1433075,93,2569,3937,576,101,20,-6,-62,39,31783,0.3704,transitando
33,1705099800,309006,1433015,241,2452,3944,485,457,154,-120,-313,-14,37417,0.3291,transitando
33,1705100100,308904,1433064,367,2485,3959,403,-439,-94,-24,-93,0,61169,0.3089,transitando
33,1705100400,308850,1433210,460,2382,3926,1103,609,-136,129,-158,33,3927,0.3544,transitando
33,1705100700,308887,1433141,129,2457,3952,1155,129,-125,105,91,0,58000,0.2836,transitando
33,1705101000,308914,1433279,102,2463,3984,1438,-115,2,96,-100,-29,1081,0.2884,transitando
33,1705101300,308987,1433350,397,2432,3958,754,31,268,-2,11,-77,2179,0.3298,transitando
33,1705101600,308908,1433485,122,2554,3972,1840,156,-343,94,74,21,63956,0.2252,transitando
33,1705101900,309018,1433503,75,2534,3899,365,-397,98,79,3,-13,39163,0.3497,transitando
33,1705102200,308968,1433411,77,2487,3987,1369,3,-312,-84,-124,119,53680,0.4278,transitando
33,1705102500,308941,1433301,304,2444,3948,1257,-58,205,9,-120,58,16072,0.331,transitando
33,1705102800,309050,1433283,468,2441,3946,1506,-116,-110,-43,78,51,47398,0.3662,transitando
33,1705103100,309118,1433218,498,2380,3975,1161,-261,285,144,-28,36,5479,0.3182,transitando
33,1705103400,309084,1433105,412,2339,3976,884,-248,122,-48,-62,67,6680,0.4429,transitando
33,1705103700,309202,1433091,499,2410,3915,739,203,327,-21,-156,0,64964,0.3553,transitando
33,1705104000,309214,1433146,454,2487,3923,381,-258,70,-34,-112,-52,58145,0.2961,transitando
33,1705104300,309330,1433115,369,2390,3953,1072,-454,184,68,126,-10,42155,0.4038,transitando
33,1705104600,309374,1433037,269,2389,3971,716,-534,199,91,36,-88,30818,0.3966,transitando
33,1705104900,309325,1433122,313,2396,3970,1680,83,220,0,53,-28,14290,0.2931,transitando
33,1705105200,309396,1433216,408,2413,3921,961,-313,-82,47,82,-14,23829,0.4546,transitando
33,1705105500,309302,1433211,330,2393,3933,975,-247,-21,-159,-127,128,63699,0.3691,transitando
33,1705105800,309368,1433273,426,2493,3936,1116,221,87,-91,-92,-32,11839,0.5008,transitando
33,1705106100,309356,1433242,352,2427,3951,2036,-86,-121,112,-72,-41,46221,0.4655,transitando
33,1705106400,309309,1433221,175,2395,3897,231,-38,-215,79,-184,-19,16997,0.4513,transitando
33,1705106700,309411,1433192,238,2437,3899,916,133,-334,52,-73,-28,9473,0.3991,transitando
33,1705107000,309331,1433137,486,2446,3958,373,475,-196,8,129,-54,18377,0.4247,transitando
33,1705107300,309299,1433190,254,2441,3953,1396,-27,212,-84,92,-20,57349,0.324,transitando
33,1705107600,309284,1433075,181,2377,3943,644,69,-1,2,-94,56,3965,0.4025,transitando
33,1705107900,309238,1433145,244,2473,3929,1514,454,-180,-114,63,-6,46205,0.4516,transitando
33,1705108200,309288,1433105,261,2476,3978,-86,-135,-24,234,-35,-47,11817,0.4001,transitando
33,1705108500,309358,1433215,244,2489,3904,1110,402,389,0,95,33,63265,0.5081,transitando
33,1705108800,309324,1433167,245,2442,3928,1670,-124,-136,27,-212,-56,15135,0.4066,transitando
33,1705109100,309323,1433265,408,2399,3972,471,-501,-269,-108,144,33,34293,0.3962,transitando
33,1705109400,309394,1433355,303,2455,3969,1087,129,-72,-169,71,-23,4070,0.4414,transitando
33,1705109700,309382,1433447,406,2380,3925,387,327,-85,-50,56,2,40174,0.4487,transitando
33,1705110000,309390,1433375,938,2399,3935,1363,-989,-563,229,433,3,54070,0.4858,forrageando
33,1705110300,309513,1433406,1358,2250,3958,497,-1960,1410,600,-1079,543,19081,0.5507,forrageando
33,1705110600,309494,1433366,393,2425,3947,2579,3506,-1902,300,-201,-502,27714,0.4348,forrageando
33,1705110900,309448,1433267,245,2497,3944,861,908,-188,-877,1136,-213,24130,0.4234,forrageando
33,1705111200,309378,1433250,805,2348,3974,2115,2612,-1798,-226,-298,-419,51641,0.4988,forrageando
33,1705111500,309352,1433185,612,2371,3949,5041,-395,-1288,-357,-316,-138,22703,0.3444,forrageando
33,1705111800,309389,1433142,1376,2354,3975,-2281,1316,-466,-1273,984,346,21813,0.4143,forrageando
33,1705112100,309422,1433143,1295,2251,3956,-521,-464,-1534,-399,302,-117,6879,0.4513,forrageando
33,1705112400,309394,1433193,314,2455,3976,-1238,-1046,-1340,-10,-1019,716,3999,0.5153,forrageando
33,1705112700,309348,1433162,943,2347,3969,-2054,-3732,-2305,678,829,-373,55160,0.4865,forrageando
33,1705113000,309386,1433079,1361,2274,3907,229,-1414,-711,54,-431,-408,15377,0.4092,forrageando
33,1705113300,309407,1433091,940,2400,3914,-1677,-1931,-1302,-531,-275,28,61936,0.4529,forrageando
33,1705113600,309539,1432977,610,2366,3920,-2773,1010,-1239,-340,-149,442,26540,0.4519,forrageando
33,1705113900,309508,1432939,447,2505,3943,875,-782,-589,303,442,110,31061,0.4033,forrageando
33,1705114200,309506,1433030,381,2486,3938,-571,23,-857,336,1146,76,60091,0.307,forrageando
33,1705114500,309478,1433040,732,2332,3982,1107,2982,-1991,-507,456,117,20226,0.4903,forrageando
34,1705028400,-308016,-487378,323,2411,3937,-85,668,569,-70,-418,11,46583,0.3436,busca
34,1705028700,-308080,-487566,1381,2288,3905,-1059,751,-171,-357,-143,27,54854,0.5381,busca
34,1705029000,-308092,-487583,634,2363,3968,-1088,6,-241,-102,-329,-34,38655,0.5407,busca
34,1705029300,-308066,-487624,1507,2117,3994,-622,356,158,-79,123,-270,27455,0.4881,busca
34,1705029600,-308122,-487612,1157,2250,3919,-271,384,-854,-41,-95,-81,30714,0.4954,busca
34,1705029900,-308045,-487596,459,2403,3899,-787,-616,-545,-10,23,-78,38014,0.3263,busca
34,1705030200,-308177,-487574,786,2332,3959,286,-934,-685,157,182,-66,43210,0.4988,busca
34,1705030500,-308209,-487601,1075,2215,3974,1005,112,-282,59,2,-74,40638,0.2832,busca
34,1705030800,-308282,-487545,1626,2152,3930,-1412,-92,-1298,-194,95,3,16967,0.4112,busca
34,1705031100,-308258,-487628,911,2331,3990,-217,162,-581,248,197,112,60033,0.4248,busca
34,1705031400,-308231,-487602,506,2285,3996,361,917,-345,-155,338,-12,31714,0.3361,busca
34,1705031700,-308220,-487679,539,2377,3953,-423,31,-522,32,76,-30,16302,0.4212,busca
34,1705032000,-308249,-487689,1976,2056,3929,786,-1901,-256,131,310,-88,51195,0.4508,busca
34,1705032300,-308275,-487546,563,2360,3915,-770,94,-389,219,101,-29,23196,0.4935,busca
34,1705032600,-308307,-487525,1063,2333,3906,53,474,-672,-74,-95,-58,8703,0.3138,busca
34,1705032900,-308432,-487618,1356,2090,3940,44,-356,-390,-225,63,-121,50752,0.319,busca
34,1705033200,-308390,-487741,1041,2301,3968,-673,271,324,305,-103,-139,29093,0.3905,busca
34,1705033500,-308400,-487794,1737,2165,3927,2234,-1399,-269,292,0,-90,45734,0.352,busca
34,1705033800,-308419,-487750,1447,2152,3922,383,-81,566,286,188,-97,31259,0.5337,busca
34,1705034100,-308433,-487737,1871,2101,3914,1336,-189,-1356,-286,-146,-67,1670,0.4716,busca
34,1705034400,-308403,-487794,918,2345,3984,1077,875,-421,96,71,103,56416,0.4671,busca
34,1705034700,-308342,-487804,1387,2213,3940,1130,1028,-362,-4,-74,147,15639,0.502,busca
34,1705035000,-308323,-487835,1901,2140,3997,-394,-753,411,84,111,43,5214,0.5648,busca
34,1705035300,-308286,-487875,586,2383,3905,635,297,-1466,342,-190,-18,332,0.4851,busca
34,1705035600,-308302,-487926,1404,2203,3989,-1340,-1122,-209,171,69,79,45526,0.5196,busca
34,1705035900,-308279,-487946,1676,2123,3955,1291,-811,-618,278,286,-81,30057,0.3643,busca
34,1705036200,-308199,-487977,1311,2217,3977,19,36,-295,-319,-161,342,3730,0.3887,busca
34,1705036500,-308256,-488084,1014,2255,3961,-439,141,-1122,-233,10,-59,3418,0.4936,busca
34,1705036800,-308381,-488041,791,2314,3932,711,-407,-338,175,-377,-97,21088,0.4754,busca
34,1705037100,-308364,-487943,1245,2331,3996,1125,-1180,120,226,166,102,36093,0.4467,busca
34,1705037400,-308366,-488022,1192,2250,3924,-55,-786,-736,0,-25,-12,31117,0.5187,busca
34,1705037700,-308397,-488067,1142,2290,3971,2290,423,-448,-8,-212,141,39881,0.5542,busca
34,1705038000,-308404,-488083,953,2265,3950,116,-951,-1223,81,167,-77,36495,0.4551,busca
34,1705038300,-308348,-488179,575,2365,3930,-90,-1979,368,-34,-101,142,22109,0.4642,busca
34,1705038600,-308286,-488173,1108,2234,3925,899,382,-570,188,11,347,32951,0.4618,busca
34,1705038900,-308321,-488168,1960,2142,3943,1822,-496,-865,204,-104,55,6332,0.3568,busca
34,1705039200,-308361,-488138,1099,2317,3925,2064,1206,-365,26,25,-93,40949,0.5109,busca
34,1705039500,-308388,-488151,1422,2288,3935,629,-483,226,-191,-321,20,16067,0.4002,busca
34,1705039800,-308326,-488084,1611,2202,3899,-621,-2106,-1764,-156,-225,238,5884,0.4094,busca
34,1705040100,-308395,-488051,1912,2090,3923,-632,-41,-765,-203,-245,229,42110,0.5974,busca
34,1705040400,-308363,-488036,1638,2240,3953,680,-270,-473,-119,-454,173,29166,0.5782,busca
34,1705040700,-308390,-488031,873,2302,3924,904,342,575,224,20,67,51645,0.567,busca
34,1705041000,-308415,-488051,902,2306,3961,2046,-1323,126,-187,-36,178,9417,0.517,busca
34,1705041300,-308441,-488002,445,2492,3936,1075,-33,-557,150,-76,193,48810,0.6731,busca
34,1705041600,-308455,-487966,373,2436,3911,444,112,-975,-111,-131,-113,5910,0.4245,busca
34,1705041900,-308532,-488009,1196,2208,3995,-679,-173,-1057,-20,-55,-179,65122,0.4407,busca
34,1705042200,-308527,-487960,311,2358,3956,910,-808,-678,181,-88,-7,7703,0.5897,busca
34,1705042500,-308547,-487948,561,2346,3917,1415,-563,-696,257,86,-166,30570,0.6408,busca
34,1705042800,-308530,-487978,1619,2181,3931,682,73,-710,84,45,-17,59938,0.6792,busca
34,1705043100,-308518,-487954,1578,2127,3973,1827,-227,-846,148,-42,-54,3180,0.4736,busca
34,1705043400,-308543,-488035,1746,2222,3960,1389,-1589,-103,142,-228,-311,23865,0.3883,busca
34,1705043700,-308587,-487913,658,2407,3921,-1337,436,-1047,85,45,168,61168,0.4417,busca
34,1705044000,-308563,-487987,1019,2285,3910,582,-938,-552,124,23,-245,23083,0.4551,busca
34,1705044300,-308573,-488096,1272,2300,3988,-1449,-921,-301,-162,-20,193,16030,0.4423,busca
34,1705044600,-308620,-488007,972,2234,3958,3958,-2,-409,-61,-228,-231,26724,0.472,busca
34,1705044900,-308715,-488127,644,2420,3968,244,261,-147,-293,-107,-123,28551,0.5561,busca
34,1705045200,-308708,-488111,1733,2150,3953,904,-277,-850,68,218,-101,22495,0.3961,busca
34,1705045500,-308671,-488087,1190,2278,3960,752,-2160,-19,52,116,-106,21304,0.4087,busca
34,1705045800,-308667,-488188,663,2332,3945,2331,678,-401,-7,63,6,59943,0.4387,busca
34,1705046100,-308622,-488137,351,2449,3939,2789,-158,-497,-166,70,-14,39315,0.5281,busca
34,1705046400,-308609,-488164,1652,2158,3957,505,141,-138,-97,-31,65,9081,0.6303,busca
34,1705046700,-308607,-488182,1102,2285,3940,523,671,-773,-415,81,-51,9031,0.6382,busca
34,1705047000,-308612,-488173,1436,2234,3911,265,299,-591,-382,187,188,21602,0.4597,busca
34,1705047300,-308659,-488127,1136,2299,3950,1377,-1219,-957,50,230,-5,23451,0.6276,busca
34,1705047600,-308636,-488146,1505,2211,3966,1861,-464,-537,117,55,95,27698,0.5704,busca
34,1705047900,-308611,-488183,519,2331,3972,1203,-1279,-697,50,-115,-148,58345,0.6019,busca
34,1705048200,-308612,-488140,1916,2162,3926,387,233,167,-38,9,-96,48883,0.5823,busca
34,1705048500,-308652,-488145,1294,2251,3899,-51,-788,-20,-179,-84,-143,27991,0.3876,busca
34,1705048800,-308689,-488096,1180,2233,3971,2565,150,-1300,-173,-27,-102,61367,0.4473,busca
34,1705049100,-308670,-488051,802,2339,3982,-449,-755,-11,-120,-172,-85,5268,0.5449,busca
34,1705049400,-308664,-488081,1382,2231,3979,-645,931,-285,-349,202,183,11041,0.3885,busca
34,1705049700,-308625,-488078,1716,2149,3938,420,1190,-772,-304,473,-91,26384,0.6874,busca
34,1705050000,-308622,-488105,2943,1837,3950,384,-136,-579,45,-139,321,37973,0.4477,busca
34,1705050300,-308580,-488076,3184,1840,3980,2671,433,417,50,-480,135,12964,0.5151,busca
34,1705050600,-308570,-488077,3780,1777,3998,2046,-742,-891,60,202,-231,36993,0.427,busca
34,1705050900,-308625,-488156,3228,1802,3907,497,135,-1076,-47,-196,74,13949,0.545,busca
34,1705051200,-308647,-488120,1790,2189,3907,1776,-343,-639,116,45,36,35945,0.575,busca
34,1705051500,-308658,-488137,2580,1923,3958,607,-2109,-382,204,-183,-33,37273,0.4903,busca
34,1705051800,-308614,-488149,3413,1775,3943,835,222,-1058,353,335,5,51690,0.5836,busca
34,1705052100,-308623,-488167,2729,1936,3900,2284,-924,-834,-177,-46,-104,11365,0.4334,busca
34,1705052400,-308565,-488156,1894,2096,3930,-256,241,-468,-181,-149,215,20560,0.4978,busca
34,1705052700,-308638,-488145,2999,1894,3973,776,750,-1094,-362,202,-59,1712,0.4597,busca
34,1705053000,-308660,-488063,3526,1781,3904,1243,177,-476,37,586,113,1471,0.5589,busca
34,1705053300,-308647,-488093,2735,1920,3967,128,803,-151,-113,-200,198,53314,0.608,busca
34,1705053600,-308632,-488103,2174,2081,3986,-896,1251,-1082,52,91,9,21537,0.4368,busca
34,1705053900,-308551,-488144,2659,2034,3978,-865,947,-269,-363,30,-77,64176,0.5426,busca
34,1705054200,-308532,-488172,3530,1755,3960,-424,405,-786,3,-40,111,27332,0.5728,busca
34,1705054500,-308548,-488173,1117,2296,3934,1063,-1776,-595,-268,-49,277,30183,0.5722,busca
34,1705054800,-308564,-488169,3497,1876,3925,1485,179,-638,-47,75,-94,36151,0.585,busca
34,1705055100,-308588,-488145,1261,2184,3983,2330,-302,-782,83,-224,187,1262,0.5219,busca
34,1705055400,-308592,-488114,2203,2080,3912,1398,-563,-631,-358,-93,285,169,0.5747,busca
34,1705055700,-308589,-488143,3315,1819,3957,1229,-440,229,292,35,34,23000,0.5854,busca
34,1705056000,-308581,-488121,1626,2198,3926,92,-677,-154,-38,-302,-17,13269,0.5083,busca
34,1705056300,-308573,-488144,3680,1798,3969,1587,-534,-245,298,-389,194,8896,0.5789,busca
34,1705056600,-308544,-488152,3239,1856,3900,1774,-699,-740,-57,127,147,25520,0.5328,busca
34,1705056900,-308508,-488111,2305,1989,3934,-114,1161,-73,27,-43,-39,42917,0.5941,busca
34,1705057200,-308485,-488097,1049,2322,3981,-158,-285,-688,-154,3,-11,54020,0.4664,busca
34,1705057500,-308598,-488124,1808,2139,3928,1841,1523,-1000,-90,88,223,45177,0.4707,busca
34,1705057800,-308553,-488161,1094,2342,3931,-791,-1311,-1065,1,520,57,29357,0.5293,busca
34,1705058100,-308538,-488198,2459,2023,3979,171,177,-1171,-50,167,96,34392,0.5128,busca
34,1705058400,-308565,-488179,2417,2031,3929,-2481,-259,-1187,-144,99,-49,34031,0.4678,busca
34,1705058700,-308484,-488194,1356,2244,3978,568,-1177,-799,-27,-273,122,60542,0.631,busca
34,1705059000,-308512,-488193,2778,2007,3923,-570,-290,-569,46,209,-311,1756,0.437,busca
34,1705059300,-308535,-488150,2030,2131,3952,1499,-167,-308,-122,-460,-217,1033,0.4965,busca
34,1705059600,-308491,-488135,1872,2154,3927,1049,-153,-548,-192,89,-165,4908,0.4607,busca
34,1705059900,-308558,-488178,1250,2197,3906,-1228,-562,300,187,-107,-297,1418,0.4998,busca
34,1705060200,-308605,-488242,2242,2038,3901,2733,-2391,-409,57,-64,-210,4765,0.3782,busca
34,1705060500,-308676,-488281,2549,1958,3923,-1876,-803,32,-189,96,-57,59722,0.5111,busca
34,1705060800,-308676,-488311,2769,1881,3966,456,-41,-338,-32,226,230,62327,0.5327,busca
34,1705061100,-308681,-488341,1022,2303,3917,-292,-294,-112,272,-45,149,64498,0.5027,busca
34,1705061400,-308651,-488366,1002,2261,3921,362,-1646,-501,-85,-75,118,1672,0.5355,busca
34,1705061700,-308644,-488345,1273,2238,3977,529,-54,-1013,-261,-236,30,62603,0.5167,busca
34,1705062000,-308670,-488356,1227,2207,3936,-945,162,568,-5,-50,270,65498,0.2944,busca
34,1705062300,-308673,-488469,3311,1870,3972,-903,2221,-331,116,-163,61,20495,0.4965,busca
34,1705062600,-308598,-488504,2096,2029,3961,-262,1491,95,209,-301,-181,19877,0.4396,busca
34,1705062900,-308588,-488441,2140,2002,3921,1662,1155,203,218,86,31,51540,0.5622,busca
34,1705063200,-308574,-488408,3228,1839,3970,284,1354,285,-139,-17,91,10725,0.5571,busca
34,1705063500,-308567,-488375,1684,2123,3998,384,1080,-494,95,88,341,39021,0.5088,busca
34,1705063800,-308523,-488361,2057,2077,3998,-658,714,-646,292,-336,26,38836,0.5192,busca
34,1705064100,-308546,-488375,1018,2283,3988,1214,-797,-1051,-80,0,-65,38220,0.4939,busca
34,1705064400,-308484,-488404,1225,2301,3918,1505,-108,-329,-306,-270,-46,11414,0.3323,busca
34,1705064700,-308613,-488525,2089,2057,3977,-589,499,-305,-94,-496,8,29522,0.4075,busca
34,1705065000,-308618,-488641,3267,1809,3900,1132,1257,-818,91,236,-124,8794,0.451,busca
34,1705065300,-308675,-488635,1960,2167,3917,431,628,-1326,272,-193,-32,5428,0.4671,busca
34,1705065600,-308705,-488696,4189,1736,3954,454,-820,-1026,-2,271,97,41716,0.4114,busca
34,1705065900,-308707,-488783,3117,1851,3961,1496,165,-693,75,46,-149,465,0.4502,busca
34,1705066200,-308749,-488729,4199,1659,3997,-899,-804,-317,-77,-103,-189,28696,0.5062,busca
34,1705066500,-308784,-488732,2490,2028,3974,-213,-1754,-539,-275,-230,-125,59259,0.4021,busca
34,1705066800,-308813,-488674,3462,1812,3941,1586,-500,-109,-45,175,-289,25849,0.4165,busca
34,1705067100,-308785,-488599,1434,2154,3924,805,37,107,-45,-113,216,6067,0.4388,busca
34,1705067400,-308812,-488587,2164,2105,3996,448,-1557,334,-196,-333,42,46314,0.3644,busca
34,1705067700,-308785,-488624,3803,1771,3963,1328,-320,-328,224,-27,60,65023,0.4334,busca
34,1705068000,-308863,-488638,1543,2124,3949,868,672,-851,-141,202,222,7329,0.4034,busca
34,1705068300,-308826,-488747,1203,2243,3996,473,-243,-368,198,267,0,29401,0.3596,busca
34,1705068600,-308892,-488774,2093,2070,3925,652,-717,-526,64,-62,110,14160,0.3779,busca
34,1705068900,-308821,-488862,2764,1954,3972,-297,-982,-488,254,276,-72,14334,0.3831,busca
34,1705069200,-308794,-488892,2248,491,3940,-2511,317,484,-371,-659,-476,50633,0.5519,forrageando
34,1705069500,-308801,-488930,2584,367,3963,-760,-92,-1868,-594,83,362,25744,0.534,forrageando
34,1705069800,-308792,-488924,1232,2323,3973,-83,-2277,-2172,-344,178,26,35414,0.4402,forrageando
34,1705070100,-308761,-488941,1437,2218,3942,54,-2824,103,-146,383,191,2783,0.4076,forrageando
34,1705070400,-308768,-488914,1380,2160,3951,-1349,2543,-675,-272,-168,-46,59165,0.5543,forrageando
34,1705070700,-308774,-488895,1424,2069,3936,-2015,-797,-2756,180,1042,-17,48417,0.3366,forrageando
34,1705071000,-308771,-488809,2993,506,3921,469,-492,-717,401,146,331,23084,0.3966,forrageando
34,1705071300,-308759,-488786,456,2385,3995,444,-318,-11,-1017,577,-452,56547,0.4287,forrageando
34,1705071600,-308799,-488869,2059,418,3997,1689,399,-894,-407,-377,94,58598,0.4159,forrageando
34,1705071900,-308730,-488894,1189,2198,3947,-1704,-2339,927,-993,179,-697,34938,0.4583,forrageando
34,1705072200,-308656,-488873,1343,2213,3946,2082,-579,-574,-60,-834,-131,21402,0.2891,forrageando
34,1705072500,-308507,-488949,1705,2163,3926,-1257,75,-610,11,624,47,27310,0.3017,forrageando
34,1705072800,-308391,-489013,1432,2214,3978,-1306,3349,-1805,5,-770,380,14400,0.3792,forrageando
34,1705073100,-308340,-489000,1378,2279,3951,-210,-481,-1699,-503,521,95,50472,0.4557,forrageando
34,1705073400,-308317,-488979,1879,2147,3987,1646,2206,-2307,93,234,186,15072,0.3641,forrageando
34,1705073700,-308315,-489029,2543,530,3992,358,3191,-625,445,-500,446,57115,0.3668,forrageando
34,1705074000,-308319,-488902,472,2306,3942,-656,-3107,-781,-345,-539,508,35222,0.3955,forrageando
34,1705074300,-308274,-489025,1062,2327,3981,501,44,-758,-219,-356,387,46776,0.4431,forrageando
34,1705074600,-308235,-489030,2938,416,3992,2371,965,-1321,444,-856,-520,12994,0.4394,forrageando
34,1705074900,-308158,-489087,3228,501,3926,1985,-384,-419,405,9,-311,4347,0.4506,forrageando
34,1705075200,-308180,-489004,1019,2295,3910,868,-49,-1523,49,-487,41,25633,0.3493,forrageando
34,1705075500,-308245,-488812,934,2254,3958,800,1974,-2348,-46,81,-143,19214,0.4171,forrageando
34,1705075800,-308251,-488891,1839,2116,3952,-675,-1119,-1590,-70,-261,102,45914,0.2292,forrageando
34,1705076100,-308167,-488773,1555,2219,3963,-1303,-683,-245,-416,-403,-284,16989,0.2556,forrageando
34,1705076400,-308120,-488816,1745,2107,3969,-2914,-2214,540,126,-33,-65,45777,0.3682,forrageando
34,1705076700,-308134,-488843,1395,2262,3946,-83,-1522,-1332,351,-325,-141,41954,0.3233,forrageando
34,1705077000,-308232,-488955,2579,511,3963,761,2091,670,-228,-259,412,1343,0.2979,forrageando
34,1705077300,-308243,-488917,1585,2092,3904,-591,-189,-2834,753,-750,81,41247,0.3671,forrageando
34,1705077600,-308217,-488900,2333,421,3950,963,426,811,312,1153,-581,60430,0.4088,forrageando
34,1705077900,-308168,-488887,3137,544,3936,202,4680,-1312,-337,-48,-375,26744,0.3094,forrageando
34,1705078200,-308190,-488917,516,2327,3907,1450,977,328,226,695,-478,54456,0.3575,forrageando
34,1705078500,-308220,-488781,1394,2281,3967,-1634,-1757,-82,-730,210,-368,40023,0.2536,forrageando
34,1705078800,-308238,-488940,1288,2208,3973,2603,-1060,-2270,215,442,107,42588,0.3045,forrageando
34,1705079100,-308218,-489043,1150,2267,3912,1161,1261,-1284,150,-139,15,58872,0.2818,busca
34,1705079400,-308254,-488837,1980,2128,3900,1051,164,341,-115,-308,290,11259,0.1848,busca
34,1705079700,-308206,-488798,1471,2219,3981,24,-169,-1036,80,-86,16,29823,0.3697,busca
34,1705080000,-308244,-488856,3843,1709,3931,1608,0,-369,-348,97,-260,45193,0.3772,busca
34,1705080300,-308248,-488980,3235,1838,3913,1579,428,-181,-61,78,-144,6668,0.3703,busca
34,1705080600,-308303,-488968,1919,2137,3954,957,-58,-614,-110,-27,-160,42493,0.282,busca
34,1705080900,-308204,-488902,1229,2254,3945,1592,464,-786,-31,25,-154,1704,0.3121,busca
34,1705081200,-308250,-488772,2409,2067,3979,14,-177,-768,49,-72,177,44637,0.3665,busca
34,1705081500,-308193,-488644,3082,1855,3940,-483,114,116,451,-175,287,959,0.2857,busca
34,1705081800,-308232,-488791,3104,1835,3953,1441,-158,-1334,-39,-167,27,58393,0.2931,busca
34,1705082100,-308247,-488865,288,2506,3989,1641,-355,-68,-15,-66,1,21480,0.2581,transitando
34,1705082400,-308150,-488884,222,2499,3944,907,111,33,89,-84,51,44427,0.3083,transitando
34,1705082700,-308274,-488927,243,2453,3958,1819,80,-21,-17,106,-29,1843,0.3441,transitando
34,1705083000,-308350,-488867,297,2406,3921,1206,-18,281,63,-127,16,10503,0.2566,transitando
34,1705083300,-308311,-488737,135,2623,3956,1672,-318,-23,2,-18,-67,65419,0.3696,transitando
34,1705083600,-308259,-488705,403,2482,3925,1119,-210,-322,-147,83,-18,56287,0.3564,transitando
34,1705083900,-308208,-488769,434,2412,3909,658,310,475,-97,120,-7,1304,0.2698,transitando
34,1705084200,-308209,-488640,219,2403,3967,1257,19,-91,68,-47,-66,47004,0.2666,transitando
34,1705084500,-308181,-488744,46,2436,3950,1031,281,-358,-126,-116,-9,44907,0.3636,transitando
34,1705084800,-308241,-488787,128,2463,3926,91,-408,-164,-34,-48,22,53652,0.3057,transitando
34,1705085100,-308113,-488769,341,2358,3990,1275,-455,-130,46,205,26,7001,0.331,transitando
34,1705085400,-308229,-488694,89,2430,3929,874,219,-248,-20,-121,13,30128,0.2427,transitando
34,1705085700,-308272,-488844,311,2422,3976,1405,-251,-282,-119,-33,-85,43154,0.3598,transitando
34,1705086000,-308278,-488967,128,2447,3945,373,-142,146,-142,-98,10,35550,0.3328,transitando
34,1705086300,-308242,-489081,180,2486,3905,1093,206,-1,-85,53,38,37704,0.2739,transitando
34,1705086600,-308173,-489183,203,2491,3918,2093,-30,463,29,67,21,43207,0.3372,transitando
34,1705086900,-308294,-489182,226,2381,3996,814,529,-602,-24,47,-14,20507,0.3582,transitando
34,1705087200,-308315,-489245,365,2473,3940,1222,-161,-110,138,129,-29,62460,0.2567,transitando
34,1705087500,-308252,-489106,589,2459,3933,633,-444,67,-77,-3,-5,57054,0.2724,transitando
34,1705087800,-308314,-488970,231,2530,3951,2351,-742,86,58,-50,-31,45086,0.3113,transitando
34,1705088100,-308197,-488954,350,2397,3960,167,-121,354,182,28,50,5557,0.2402,transitando
34,1705088400,-308165,-489123,150,2487,3992,1374,192,50,134,108,83,29085,0.2862,transitando
34,1705088700,-308222,-488974,189,2469,3938,1209,238,-300,-48,58,-77,42170,0.2866,transitando
34,1705089000,-308315,-489020,233,2471,3969,1183,94,208,122,38,19,64503,0.37,transitando
34,1705089300,-308218,-489012,184,2485,3922,1404,-140,225,-50,23,-26,31978,0.2729,transitando
34,1705089600,-308248,-488903,415,2355,3933,1427,-655,-141,-83,-79,39,33801,0.3519,transitando
34,1705089900,-308154,-488970,196,2510,3985,771,501,-10,-114,-128,-40,59222,0.4014,transitando
34,1705090200,-308100,-489091,122,2495,3959,1611,-30,102,-5,-62,-54,31123,0.4539,transitando
34,1705090500,-308121,-489150,103,2437,3901,1153,-409,-155,172,97,-22,8769,0.4452,transitando
34,1705090800,-308198,-489083,404,2406,3935,498,344,356,-121,67,31,50794,0.4363,transitando
34,1705091100,-308134,-489087,446,2394,3950,1803,-226,109,122,34,51,13578,0.2385,transitando
34,1705091400,-308211,-488957,146,2425,3925,1198,260,99,-100,-97,-75,65445,0.2851,transitando
34,1705091700,-308162,-489085,515,2374,3975,17,-640,-60,-10,-83,-33,7874,0.431,transitando
34,1705092000,-308144,-489029,415,2351,3915,692,-252,298,117,-25,21,10022,0.3188,transitando
34,1705092300,-308072,-489130,69,2473,3968,1071,325,-43,-132,-48,79,58976,0.2039,transitando
34,1705092600,-308139,-489220,114,2478,3973,649,-149,7,-3,-58,-28,52338,0.2777,transitando
34,1705092900,-308051,-489331,43,2585,3983,1536,-131,5,-160,74,61,10159,0.3498,transitando
34,1705093200,-307902,-489282,193,2419,3960,1176,-17,192,-50,180,90,19689,0.4203,transitando
34,1705093500,-307813,-489286,77,2499,3937,510,57,-133,100,27,-45,35870,0.2905,transitando
34,1705093800,-307871,-489374,332,2443,3994,593,279,-6,-194,-51,67,59748,0.4826,transitando
34,1705094100,-307808,-489417,128,2470,3964,1447,29,326,15,200,-42,44244,0.3056,transitando
34,1705094400,-307799,-489593,302,2416,3943,1178,277,82,158,3,36,18126,0.3214,transitando
34,1705094700,-307686,-489553,217,2472,3952,349,-39,11,-88,26,34,44354,0.3213,transitando
34,1705095000,-307662,-489714,222,2510,3931,383,-35,-19,28,-12,10,47986,0.2754,transitando
34,1705095300,-307528,-489660,94,2493,3963,181,-106,-362,129,157,35,56589,0.3788,transitando
34,1705095600,-307492,-489708,176,2459,3967,882,-69,207,40,187,-73,53543,0.3938,transitando
34,1705095900,-307416,-489768,60,2535,3949,1610,171,79,-206,-38,44,18712,0.3988,transitando
34,1705096200,-307400,-489684,108,2377,3913,374,186,160,84,-25,53,9080,0.3828,transitando
34,1705096500,-307348,-489720,81,2448,3989,540,73,-335,85,152,-2,1385,0.4077,transitando
34,1705096800,-307367,-489652,364,2410,3953,1229,-166,-232,1,-150,42,8715,0.4062,transitando
34,1705097100,-307421,-489660,236,2467,3947,1734,163,-259,-22,-124,-6,50600,0.306,transitando
34,1705097400,-307495,-489812,197,2403,3935,1064,94,345,-106,41,-98,27256,0.3993,transitando
34,1705097700,-307586,-489868,221,2477,3942,1192,480,-16,-67,232,92,1242,0.2364,transitando
34,1705098000,-307739,-489903,150,2492,3925,1150,53,178,-12,-73,41,65190,0.414,transitando
34,1705098300,-307653,-489863,282,2458,3942,1597,-55,-111,-174,66,23,50274,0.3466,transitando
34,1705098600,-307529,-489885,196,2420,3902,1026,0,20,-3,132,52,14245,0.3769,transitando
34,1705098900,-307482,-489806,334,2423,3910,853,403,107,68,-121,-8,39175,0.486,transitando
34,1705099200,-307474,-489748,514,2428,3904,680,69,-519,-80,110,40,20321,0.2935,transitando
34,1705099500,-307388,-489858,383,2437,3990,1114,171,187,-17,-131,19,24147,0.4458,transitando
34,1705099800,-307470,-489812,187,2449,3902,1305,21,222,-45,-28,-28,31507,0.3736,transitando
34,1705100100,-307427,-489846,150,2385,3975,919,110,200,75,-37,-95,15607,0.5188,transitando
34,1705100400,-307431,-489863,117,2499,3899,1503,658,-167,10,172,-42,26303,0.4199,transitando
34,1705100700,-307366,-489805,294,2321,3905,367,-145,-516,23,-70,6,38704,0.3048,transitando
34,1705101000,-307438,-489726,409,2417,3979,2294,507,-246,-91,86,-77,50348,0.262,transitando
34,1705101300,-307479,-489844,57,2371,3903,622,-177,-152,-79,37,-161,54661,0.4361,transitando
34,1705101600,-307431,-489869,402,2347,3943,794,-154,-323,-39,189,80,29140,0.2547,transitando
34,1705101900,-307395,-489719,355,2480,3900,522,6,-17,71,91,-81,50035,0.4492,transitando
34,1705102200,-307350,-489672,53,2421,3967,1448,-42,122,67,-78,-8,27390,0.4215,transitando
34,1705102500,-307366,-489592,449,2403,3936,2026,374,163,-265,139,-126,5733,0.2628,transitando
34,1705102800,-307313,-489461,118,2427,3903,1745,-545,301,-60,3,12,16094,0.2995,transitando
34,1705103100,-307426,-489464,515,2403,3951,1727,113,-64,-46,77,28,47900,0.5209,transitando
34,1705103400,-307404,-489465,167,2409,3938,133,-388,157,88,105,-9,39428,0.4349,transitando
34,1705103700,-307385,-489382,281,2509,3940,824,-659,363,-101,-195,-68,1540,0.2614,transitando
34,1705104000,-307432,-489532,315,2448,3923,336,79,242,180,144,-40,55672,0.4027,transitando
34,1705104300,-307378,-489484,119,2546,3956,1323,-82,55,-105,-25,-43,35838,0.3503,transitando
34,1705104600,-307455,-489464,323,2488,3983,1577,-116,-8,66,138,-54,37673,0.4458,transitando
34,1705104900,-307562,-489418,563,2302,3951,768,-318,374,-46,39,-81,34767,0.4261,transitando
34,1705105200,-307586,-489359,132,2570,3959,1097,-386,-11,127,7,-23,916,0.4139,transitando
34,1705105500,-307502,-489356,157,2567,3944,1621,484,164,-31,15,-18,35230,0.3508,transitando
34,1705105800,-307480,-489411,375,2366,3940,1423,-148,-290,45,72,43,23417,0.402,transitando
34,1705106100,-307408,-489338,305,2494,3960,686,162,-85,-83,-53,-4,56922,0.4645,transitando
34,1705106400,-307349,-489355,195,2373,3927,685,227,255,-95,176,16,43908,0.4713,transitando
34,1705106700,-307263,-489376,59,2552,3933,750,138,284,-289,5,30,55123,0.2583,transitando
34,1705107000,-307391,-489434,145,2440,3990,1008,690,-146,-136,136,17,36836,0.4341,transitando
34,1705107300,-307477,-489436,140,2464,3975,701,-150,-507,121,-68,18,34281,0.3761,transitando
34,1705107600,-307566,-489412,54,2503,3978,782,-386,-243,73,72,-90,30012,0.34,transitando
34,1705107900,-307526,-489268,374,2526,3907,777,-396,190,-70,13,28,12873,0.3651,transitando
34,1705108200,-307430,-489290,515,2441,3967,1255,-430,183,17,92,-55,5438,0.4193,transitando
34,1705108500,-307354,-489259,252,2468,3987,309,-347,-177,25,-44,-34,40096,0.3972,transitando
34,1705108800,-307386,-489141,245,2496,3990,1730,-202,204,-9,-24,-22,3196,0.2935,transitando
34,1705109100,-307273,-489127,404,2415,3993,1158,346,-17,-161,8,20,56906,0.4547,transitando
34,1705109400,-307225,-489015,165,2529,3945,1261,563,-65,15,24,-29,23549,0.511,transitando
34,1705109700,-307217,-489002,199,2439,3914,371,-49,11,190,24,98,29194,0.4442,transitando
34,1705110000,-307265,-489056,120,2497,3969,1703,-413,17,40,-113,-39,38443,0.4593,transitando
34,1705110300,-307207,-489078,487,2310,3974,1333,308,162,31,57,13,58964,0.3283,transitando
34,1705110600,-307305,-489001,234,2464,3991,582,-699,32,63,-30,75,33036,0.3726,transitando
34,1705110900,-307218,-489058,384,2388,3950,966,-122,323,-63,282,55,54115,0.458,transitando
34,1705111200,-307136,-489004,514,2382,3915,1547,315,500,-65,-21,3,22184,0.3341,transitando
34,1705111500,-307160,-489121,77,2540,3941,901,-270,-145,-106,-94,-13,14457,0.4165,transitando
34,1705111800,-307072,-489121,168,2438,3930,103,410,-72,8,-64,-10,17257,0.4007,transitando
34,1705112100,-307124,-489031,264,2346,3981,1053,-118,-211,209,172,-89,57667,0.4273,transitando
34,1705112400,-307128,-489116,336,2365,3921,809,-352,-193,66,81,37,59319,0.3461,transitando
34,1705112700,-307129,-489245,356,2401,3958,1081,-187,245,74,-166,-2,61938,0.4835,transitando
34,1705113000,-307072,-489219,309,2413,3940,1922,-43,235,-156,3,-2,50583,0.3598,transitando
34,1705113300,-307024,-489338,462,2363,3984,1233,300,-26,-50,-154,-17,8466,0.3551,transitando
34,1705113600,-307064,-489459,404,2389,3934,990,-273,-239,-41,22,71,28316,0.5306,transitando
34,1705113900,-307039,-489504,472,2378,3909,1232,2,-129,97,35,29,31502,0.5124,transitando
34,1705114200,-307021,-489516,315,2411,3918,1494,161,-143,151,-22,-4,52469,0.4215,transitando
34,1705114500,-307082,-489526,260,2520,3928,1619,214,-331,130,132,11,38149,0.4413,transitando
35,1705028400,27233,-1600292,1387,2085,3911,10,408,-192,2,-86,46,10397,0.4129,busca
35,1705028700,27197,-1600279,819,2263,3997,1770,-822,-464,-21,240,-161,36563,0.4073,busca
35,1705029000,27167,-1600275,1117,2227,3915,700,-1213,154,-10,38,-30,37337,0.3906,busca
35,1705029300,27130,-1600351,1338,2200,3933,448,-98,-411,-99,38,30,36464,0.4849,busca
35,1705029600,27162,-1600369,1485,2188,3990,588,1390,-277,95,12,165,57722,0.3739,busca
35,1705029900,27168,-1600445,1036,2268,3988,462,501,-773,112,-259,-155,12783,0.339,busca
35,1705030200,27211,-1600369,1597,2169,3900,2884,652,-627,-236,10,65,23083,0.3448,busca
35,1705030500,27151,-1600481,1484,2157,3916,926,-28,-284,93,-47,-274,41775,0.409,busca
35,1705030800,27106,-1600505,1379,2203,3970,2505,-303,-678,197,-100,-226,40123,0.4387,busca
35,1705031100,27048,-1600498,832,2430,3972,1546,-882,-1171,-26,42,-64,24044,0.4811,busca
35,1705031400,27004,-1600414,901,2297,3903,100,956,-707,142,61,-30,56419,0.3691,busca
35,1705031700,27047,-1600469,941,2201,3941,351,1745,-248,-440,-295,-148,59210,0.4569,busca
35,1705032000,27029,-1600419,1360,2260,3931,-1065,267,-361,96,-82,-30,61548,0.4151,busca
35,1705032300,26939,-1600474,1124,2313,3973,-511,182,-1029,-76,-74,-104,42009,0.4752,busca
35,1705032600,26873,-1600428,1507,2174,3994,-2734,-121,280,135,-116,-96,59764,0.4179,busca
35,1705032900,26783,-1600439,1992,2200,3981,-602,363,-878,320,-17,-76,53040,0.3888,busca
35,1705033200,26716,-1600476,1432,2169,3971,461,-19,220,-19,401,74,55709,0.4231,busca
35,1705033500,26673,-1600448,1783,2205,3941,-253,-535,-280,271,246,208,55249,0.5551,busca
35,1705033800,26669,-1600462,800,2357,3941,205,-30,-751,364,432,-155,29457,0.2902,busca
35,1705034100,26577,-1600501,1082,2284,3967,-449,936,-763,-453,109,179,45943,0.4596,busca
35,1705034400,26549,-1600466,492,2315,3899,1387,-656,-842,-549,10,134,34188,0.6087,busca
35,1705034700,26564,-1600466,1148,2318,3990,-895,1245,-1499,-19,107,105,14538,0.4135,busca
35,1705035000,26564,-1600412,1837,2177,3933,892,-1981,-53,154,83,-146,20486,0.5368,busca
35,1705035300,26592,-1600415,1246,2181,3966,-42,1651,-288,117,-90,109,41835,0.3783,busca
35,1705035600,26583,-1600477,522,2438,3927,1090,-760,159,148,122,-93,58106,0.405,busca
35,1705035900,26557,-1600488,1340,2159,3938,599,1585,47,-191,620,163,38247,0.5112,busca
35,1705036200,26583,-1600500,352,2365,3903,133,1636,-642,-22,261,-75,9803,0.3679,busca
35,1705036500,26686,-1600492,1004,2353,3923,716,1570,-1073,-11,236,-215,45641,0.504,busca
35,1705036800,26696,-1600494,1380,2216,3932,2589,-218,-949,110,256,3,8107,0.5157,busca
35,1705037100,26688,-1600507,1539,2106,3950,591,-351,220,-402,-59,-69,56641,0.6055,busca
35,1705037400,26669,-1600527,1905,2130,3920,-470,-635,311,20,140,252,18627,0.4954,busca
35,1705037700,26599,-1600500,822,2385,3987,607,716,-27,-13,-39,-91,46638,0.4418,busca
35,1705038000,26642,-1600563,1742,2214,3932,152,242,-265,-294,-73,-87,34946,0.4772,busca
35,1705038300,26739,-1600563,1361,2306,3923,-1141,472,-753,-214,255,-230,55585,0.3435,busca
35,1705038600,26820,-1600604,1835,2169,3913,1834,-330,-184,88,183,24,21683,0.4839,busca
35,1705038900,26858,-1600735,1103,2346,3941,620,-414,-783,60,91,67,27228,0.4473,busca
35,1705039200,26928,-1600752,1876,2169,3905,1867,-554,-948,47,51,-189,36678,0.4328,busca
35,1705039500,26839,-1600765,1969,2014,3910,-138,640,128,-26,122,-42,3423,0.559,busca
35,1705039800,26852,-1600786,641,2380,3954,891,539,-554,-199,-212,64,52742,0.5395,busca
35,1705040100,26906,-1600792,763,2253,3988,1052,-729,-753,-306,348,-4,6983,0.5984,busca
35,1705040400,26885,-1600774,588,2403,3968,2146,-733,-44,-16,-114,-45,1795,0.5863,busca
35,1705040700,26892,-1600787,1794,2191,3997,319,-740,-1148,-244,68,-194,128,0.4099,busca
35,1705041000,26836,-1600785,1560,2134,3938,213,-935,-525,49,-20,78,49603,0.4163,busca
35,1705041300,26802,-1600825,952,2300,3966,80,-1089,-834,-422,144,86,24497,0.5427,busca
35,1705041600,26798,-1600848,1669,2202,3989,1603,413,-432,-131,8,-13,59251,0.5016,busca
35,1705041900,26793,-1600835,1956,2041,3978,836,650,-838,83,-30,-11,35120,0.5219,busca
35,1705042200,26845,-1600814,1964,2117,3914,980,1299,-1047,-13,-191,-141,42348,0.4612,busca
35,1705042500,26744,-1600790,872,2363,3933,-218,748,10,147,54,-380,13728,0.5436,busca
35,1705042800,26748,-1600826,447,2395,3932,-1040,-702,-869,148,97,-10,33232,0.5532,busca
35,1705043100,26777,-1600785,779,2397,3957,278,173,-685,-84,227,-68,49641,0.5487,busca
35,1705043400,26767,-1600794,1127,2315,3983,166,1320,-2361,-196,-1002,-259,26198,0.5617,forrageando
35,1705043700,26747,-1600808,767,2347,3989,-1111,-1818,-214,-775,-948,-468,20941,0.5314,forrageando
35,1705044000,26737,-1600802,637,2318,3976,-1902,-1633,-651,474,-523,-99,12379,0.4805,forrageando
35,1705044300,26780,-1600798,654,2373,3945,-2941,695,-1220,402,-64,-156,10635,0.459,forrageando
35,1705044600,26814,-1600845,1373,2289,3934,3668,-2995,427,-42,25,-264,19228,0.4496,forrageando
35,1705044900,26923,-1600857,1280,2250,3972,776,-765,-3314,-29,394,40,18588,0.5473,forrageando
35,1705045200,26872,-1600884,1284,2233,3952,-2621,-1736,-463,283,498,-127,58233,0.5718,forrageando
35,1705045500,26885,-1600893,338,2450,3956,-4023,-1199,334,30,-666,162,28329,0.5758,forrageando
35,1705045800,26896,-1600862,417,2380,3987,910,-1270,-1659,693,-499,-289,39527,0.5449,forrageando
35,1705046100,26906,-1600872,1052,2360,3907,-4705,1823,1094,-68,370,253,45723,0.4839,forrageando
35,1705046400,26865,-1600882,713,2276,3989,2045,-2264,-1775,-1117,847,197,8082,0.5771,forrageando
35,1705046700,26858,-1600877,1423,2254,3962,2765,33,-996,-130,-704,-127,7667,0.5768,forrageando
35,1705047000,26839,-1600923,904,2272,3914,-1147,40,-3041,370,-125,58,42775,0.4803,forrageando
35,1705047300,26703,-1600882,1180,2219,3962,-4450,3206,-1820,329,102,-387,34836,0.4825,forrageando
35,1705047600,26663,-1600876,1087,2256,3914,3601,-2548,-2161,-60,-1026,-324,7783,0.5157,forrageando
35,1705047900,26634,-1600917,1149,2307,3901,-1023,1833,-1502,-393,-1384,200,27580,0.5607,forrageando
35,1705048200,26642,-1600928,317,2500,3945,-2133,4005,-437,844,-339,-222,56069,0.3543,forrageando
35,1705048500,26655,-1600974,747,2287,3901,-1691,2321,-408,903,125,-297,17109,0.5489,forrageando
35,1705048800,26629,-1601013,983,2254,3946,-2964,1,-815,-91,502,29,15696,0.5274,forrageando
35,1705049100,26677,-1600996,848,2355,3987,176,591,-2574,-34,-124,156,5462,0.459,forrageando
35,1705049400,26757,-1600968,1030,2370,3986,696,-2855,-1220,44,-84,99,44574,0.5663,forrageando
35,1705049700,26738,-1600959,707,2421,3953,1307,-1968,-1424,-746,71,123,8722,0.5331,forrageando
35,1705050000,26733,-1600968,1626,2167,3916,-890,-1157,-639,-472,585,-76,30536,0.6481,forrageando
35,1705050300,26749,-1600961,1337,2203,3981,3185,987,-223,2,127,327,3583,0.4776,forrageando
35,1705050600,26732,-1600978,1881,2066,3975,558,-1008,1560,-30,-54,213,49564,0.6076,forrageando
35,1705050900,26752,-1601004,2082,414,3917,-5934,929,-1090,-474,105,67,39389,0.5159,forrageando
35,1705051200,26748,-1601012,1908,2121,3953,1592,-937,-1951,277,147,-77,35950,0.4646,forrageando
35,1705051500,26753,-1600994,1744,2223,3931,2349,2479,675,295,-509,4,21231,0.5123,forrageando
35,1705051800,26777,-1600998,1166,2232,3919,-4931,-203,1359,-622,527,206,38675,0.521,forrageando
35,1705052100,26787,-1601042,2495,478,3977,140,381,44,384,103,245,34151,0.434,forrageando
35,1705052400,26836,-1601061,2582,497,3963,-1059,993,870,-192,43,16,33804,0.5194,forrageando
35,1705052700,26819,-1601052,2260,472,3991,-302,-2444,-1559,-919,19,28,20402,0.5013,forrageando
35,1705053000,26807,-1601092,719,2330,3941,-2359,144,-935,-313,-995,-586,59825,0.4502,forrageando
35,1705053300,26811,-1601114,2522,489,3912,845,-2556,83,-307,299,-198,1309,0.5937,forrageando
35,1705053600,26801,-1601108,1534,2140,3998,1429,-3695,-74,338,-47,-296,7251,0.5776,forrageando
35,1705053900,26796,-1601122,2099,459,3960,3006,1628,-1146,354,-807,-439,18408,0.5124,forrageando
35,1705054200,26803,-1601134,2551,382,3940,-3424,451,-391,367,-115,202,26310,0.4637,forrageando
35,1705054500,26690,-1601150,1043,2308,3924,-312,3813,-1715,186,-254,-124,21055,0.5475,forrageando
35,1705054800,26716,-1601137,1661,2159,3919,1741,683,-1441,-341,-467,476,21215,0.5309,forrageando
35,1705055100,26725,-1601145,1425,2213,3913,-1891,972,455,-297,287,259,35955,0.509,forrageando
35,1705055400,26697,-1601138,1422,2162,3984,-3035,-419,-1654,-465,51,330,61394,0.3252,forrageando
35,1705055700,26628,-1601130,2992,443,3930,2071,-2999,466,-495,72,224,9934,0.5023,forrageando
35,1705056000,26654,-1601101,1988,2046,3906,3145,-1339,-1056,-639,-336,286,60787,0.5444,forrageando
35,1705056300,26648,-1601065,2260,423,3915,803,132,-154,-53,-452,-343,55570,0.645,forrageando
35,1705056600,26607,-1601080,2438,496,3982,408,-1377,-1587,624,-556,-199,22413,0.5965,forrageando
35,1705056900,26606,-1601088,1810,2155,3902,267,1542,-903,478,839,-92,4701,0.4856,forrageando
35,1705057200,26561,-1601119,818,2279,3969,-3622,-2018,-828,-45,-284,45,55809,0.5095,forrageando
35,1705057500,26538,-1601117,2612,545,3934,2143,2066,-980,473,164,-668,23821,0.5561,forrageando
35,1705057800,26558,-1601102,1220,2210,3906,468,797,-2485,-33,-379,-29,11317,0.6353,forrageando
35,1705058100,26514,-1601126,2152,372,3916,2303,-2348,-385,245,-456,-315,62046,0.4544,forrageando
35,1705058400,26573,-1601094,2105,2066,3919,1041,-477,-173,-344,-14,-109,17622,0.321,busca
35,1705058700,26608,-1600977,2587,1981,3908,-650,-1026,-75,-284,259,58,47612,0.5482,busca
35,1705059000,26592,-1600970,1467,2119,3956,-573,-1096,-458,175,-30,-90,13784,0.5906,busca
35,1705059300,26620,-1600965,1691,2166,3935,586,1408,-38,-483,86,8,22012,0.5224,busca
35,1705059600,26641,-1600938,2098,2089,3930,721,655,-345,-107,392,262,55117,0.3368,busca
35,1705059900,26633,-1600821,1086,2235,3997,377,-74,-416,195,0,-84,56731,0.5091,busca
35,1705060200,26638,-1600811,2091,2079,3931,916,-131,-318,-283,134,259,2773,0.5958,busca
35,1705060500,26656,-1600796,1396,2215,3991,577,-201,52,159,-189,-13,54083,0.4565,busca
35,1705060800,26689,-1600873,3162,1914,3983,166,1924,-788,-149,130,98,23448,0.5296,busca
35,1705061100,26643,-1600867,1182,2241,3918,765,-805,-586,159,-36,122,7814,0.3988,busca
35,1705061400,26637,-1600810,1467,2247,3949,518,778,516,-342,-110,-173,7703,0.4392,busca
35,1705061700,26660,-1600849,1151,2352,3949,913,329,-897,95,-161,192,37457,0.3692,busca
35,1705062000,26612,-1600798,2949,1914,3905,2018,636,-1269,150,46,-262,9049,0.4507,busca
35,1705062300,26567,-1600741,3480,1873,3958,458,373,-448,-82,-73,69,18126,0.5507,busca
35,1705062600,26532,-1600714,2783,1935,3940,330,-481,-430,286,-86,91,46230,0.5707,busca
35,1705062900,26544,-1600734,3194,1943,3977,-139,330,220,132,94,76,1976,0.4962,busca
35,1705063200,26546,-1600693,1222,2191,3954,-335,113,-268,-161,8,-39,44322,0.5778,busca
35,1705063500,26512,-1600662,3928,1776,3977,623,-337,9,-51,-163,-65,44601,0.403,busca
35,1705063800,26546,-1600618,1003,2406,3900,-1381,295,-353,135,14,215,14748,0.3644,busca
35,1705064100,26606,-1600660,1402,2212,3987,121,-719,-1016,212,-58,-145,57102,0.376,busca
35,1705064400,26628,-1600641,3561,1752,3981,-651,-535,-107,-206,66,-35,35470,0.332,busca
35,1705064700,26551,-1600619,2353,2013,3967,315,-959,476,347,-111,137,44929,0.2986,busca
35,1705065000,26470,-1600486,2861,1960,3928,512,-547,-793,49,273,-158,2431,0.5353,busca
35,1705065300,26467,-1600505,3624,1804,3950,-314,42,-278,-303,-140,-121,6470,0.5324,busca
35,1705065600,26495,-1600521,3597,1792,3972,984,743,-282,-71,371,-12,14399,0.5471,busca
35,1705065900,26489,-1600504,3398,1825,3980,-667,-642,-583,-35,88,-72,37568,0.4149,busca
35,1705066200,26509,-1600418,2271,2068,3961,75,-410,-709,-206,373,-128,53799,0.448,busca
35,1705066500,26540,-1600442,1462,2202,3973,706,-79,-886,132,3,68,58246,0.4723,busca
35,1705066800,26488,-1600376,3848,1675,3994,1300,-246,114,-71,-113,-230,60746,0.3687,busca
35,1705067100,26604,-1600362,3500,1782,3965,981,-996,-561,74,486,40,12257,0.5112,busca
35,1705067400,26624,-1600397,2251,1954,3936,-341,213,-1149,-100,-25,70,29301,0.391,busca
35,1705067700,26663,-1600389,2425,2041,3948,701,1261,-355,-345,460,150,58099,0.377,busca
35,1705068000,26684,-1600338,1484,2250,3947,-661,1895,254,137,36,-176,33069,0.4844,busca
35,1705068300,26687,-1600438,2541,2019,3909,1063,316,-991,-93,336,-12,36906,0.4221,busca
35,1705068600,26578,-1600432,2329,2039,3951,-720,671,79,-105,214,185,12587,0.4156,busca
35,1705068900,26641,-1600413,2729,1883,3899,1303,547,-594,112,310,243,126,0.4982,busca
35,1705069200,26601,-1600332,1456,2085,3954,354,331,-647,38,265,19,54619,0.2822,busca
35,1705069500,26622,-1600438,2104,2172,3930,1785,-305,-600,2,-157,127,10136,0.5115,busca
35,1705069800,26619,-1600418,3144,1870,3910,575,14,-542,76,217,16,57468,0.3437,busca
35,1705070100,26568,-1600345,2092,2069,3971,-467,-409,-1211,86,-48,-39,59105,0.2969,busca
35,1705070400,26657,-1600284,2685,1897,3963,429,71,-1039,23,-175,-16,52100,0.3598,busca
35,1705070700,26608,-1600206,2993,1881,3955,161,97,-355,-219,19,4,41019,0.3856,busca
35,1705071000,26512,-1600162,1698,2162,3961,930,751,-528,-127,237,-73,8154,0.3323,busca
35,1705071300,26475,-1600010,2070,2112,3996,1859,329,-100,-35,-263,-208,14368,0.3365,busca
35,1705071600,26392,-1600023,2882,1910,3959,-48,-689,213,26,-296,171,14942,0.3423,busca
35,1705071900,26330,-1599954,2524,2049,3982,-83,1093,-1018,174,300,0,25125,0.2185,busca
35,1705072200,26375,-1600026,1712,2187,3932,168,-1365,-210,-70,321,-126,33627,0.4163,busca
35,1705072500,26264,-1600012,2519,1950,3991,521,-543,-53,-241,38,96,11279,0.3909,busca
35,1705072800,26294,-1600050,2075,2044,3962,-1250,-206,60,-136,5,-46,42001,0.4199,busca
35,1705073100,26288,-1600151,2480,2084,3933,320,40,-1478,8,-148,245,25000,0.2861,busca
35,1705073400,26246,-1600203,3984,1727,3932,127,577,-509,185,-105,124,8949,0.3644,busca
35,1705073700,26238,-1600286,1556,2238,3916,-1030,-598,-706,-104,32,-106,63233,0.2954,busca
35,1705074000,26305,-1600288,2337,2067,3945,870,779,-316,260,-135,-183,42214,0.4268,busca
35,1705074300,26251,-1600191,3192,1815,3917,595,329,625,35,227,-92,6556,0.377,busca
35,1705074600,26214,-1600098,3198,1857,3933,740,456,-623,-286,-1,48,13705,0.2756,busca
35,1705074900,26288,-1600002,1677,2166,3969,1366,-575,-1331,9,432,102,28128,0.3074,busca
35,1705075200,26351,-1600102,3969,1723,3957,-2059,-540,443,144,-245,105,48943,0.4288,busca
35,1705075500,26411,-1600005,3967,1651,3927,656,369,-287,28,-66,155,45639,0.3221,busca
35,1705075800,26427,-1599928,2100,2067,3900,7,-75,-967,-42,-44,46,24717,0.3558,busca
35,1705076100,26458,-1599923,1041,2312,3906,499,-153,-245,364,376,-138,12531,0.4539,busca
35,1705076400,26400,-1599939,2065,2160,3937,-143,1259,-881,1,181,-14,48209,0.2306,busca
35,1705076700,26565,-1599955,2263,2132,3986,873,997,-407,-24,-261,-78,26993,0.4172,busca
35,1705077000,26580,-1599988,1591,2199,3941,-782,-229,-512,-251,28,25,39540,0.3348,busca
35,1705077300,26716,-1599996,3119,1779,3973,126,413,-265,-13,-273,96,45295,0.3238,busca
35,1705077600,26843,-1600078,2298,1981,3968,-801,847,-235,-12,236,46,17959,0.285,busca
35,1705077900,26808,-1600193,1826,2053,3960,2655,598,-252,85,-70,105,41918,0.3672,busca
35,1705078200,26876,-1600148,2664,1919,3935,1067,-527,-1447,343,-37,-156,65443,0.3801,busca
35,1705078500,26815,-1600241,2117,2059,3988,1190,-339,-93,354,-118,168,40787,0.3256,busca
35,1705078800,26923,-1600219,3164,1871,3925,485,8,-615,-25,39,94,23279,0.3785,busca
35,1705079100,26859,-1600258,3079,1803,3997,-305,-181,-611,-143,419,188,7609,0.3162,busca
35,1705079400,26787,-1600344,1521,2254,3981,947,-257,-797,-128,-226,38,62470,0.3283,busca
35,1705079700,26680,-1600286,2275,2087,3946,696,-1298,-242,319,-202,-172,44607,0.2691,busca
35,1705080000,26629,-1600388,3109,1864,3908,483,-1222,-1135,216,150,-41,51160,0.4614,busca
35,1705080300,26629,-1600431,3051,1850,3963,163,-1018,-751,-37,-418,-38,2584,0.4158,busca
35,1705080600,26567,-1600313,345,2465,3907,470,-123,137,-86,-25,15,59945,0.3342,transitando
35,1705080900,26509,-1600203,465,2551,3958,324,-207,-119,129,-93,-4,13684,0.4727,transitando
35,1705081200,26574,-1600135,337,2440,3928,833,261,217,-89,-45,-75,15648,0.4703,transitando
35,1705081500,26651,-1600122,93,2444,3932,1420,469,166,-70,0,0,35557,0.2516,transitando
35,1705081800,26724,-1600204,352,2374,3951,1975,-27,-279,78,60,1,33300,0.3097,transitando
35,1705082100,26649,-1600286,102,2488,3963,1060,637,164,-131,-30,-46,25081,0.2656,transitando
35,1705082400,26596,-1600411,452,2440,3975,626,-27,148,47,-91,100,48005,0.2652,transitando
35,1705082700,26587,-1600270,152,2495,3943,137,17,55,-36,81,-77,8446,0.3206,transitando
35,1705083000,26674,-1600223,402,2289,3935,874,736,117,243,-39,55,57929,0.3516,transitando
35,1705083300,26637,-1600131,89,2523,3909,1528,200,-275,-2,210,-43,45837,0.3515,transitando
35,1705083600,26746,-1600087,274,2457,3948,-78,192,-10,-110,7,9,25241,0.1889,transitando
35,1705083900,26846,-1599968,63,2495,3996,1477,-485,-5,-23,-6,10,21790,0.2408,transitando
35,1705084200,26950,-1599891,267,2513,3950,1349,-341,167,12,-24,65,9229,0.4276,transitando
35,1705084500,26907,-1599850,142,2493,3984,1051,-455,-116,35,-135,-47,58878,0.2836,transitando
35,1705084800,26884,-1599705,328,2381,3911,816,-835,-351,50,14,1,36067,0.2491,transitando
35,1705085100,26959,-1599626,167,2389,3919,939,170,132,-68,-2,1,55972,0.2145,transitando
35,1705085400,27009,-1599743,70,2437,3937,1003,-308,-173,-93,-83,5,59064,0.2808,transitando
35,1705085700,26878,-1599723,340,2422,3922,640,-260,-206,29,33,-32,64753,0.2324,transitando
35,1705086000,26915,-1599828,116,2465,3909,841,0,281,58,66,36,46937,0.2859,transitando
35,1705086300,26954,-1599716,475,2417,3970,453,-165,-64,39,83,39,12017,0.3488,transitando
35,1705086600,26900,-1599620,240,2501,3922,1381,62,-402,78,133,-48,37927,0.3561,transitando
35,1705086900,26900,-1599573,350,2462,3961,1234,608,1,-25,5,-25,27180,0.482,transitando
35,1705087200,26955,-1599524,272,2406,3922,1511,49,-332,-56,132,67,51428,0.4079,transitando
35,1705087500,26936,-1599448,494,2449,3949,665,78,2,217,22,15,37147,0.3419,transitando
35,1705087800,26992,-1599514,339,2528,3966,957,-6,184,44,134,-5,36195,0.3701,transitando
35,1705088100,26953,-1599561,485,2404,3946,1476,430,92,-223,-59,70,44653,0.253,transitando
35,1705088400,27022,-1599479,274,2450,3978,1000,-177,342,-2,147,21,53797,0.3358,transitando
35,1705088700,27091,-1599589,116,2465,3941,58,-456,-168,43,55,22,37057,0.4049,transitando
35,1705089000,27015,-1599510,94,2476,3924,376,-274,-31,58,145,52,19095,0.3692,transitando
35,1705089300,27079,-1599438,154,2439,3962,1122,-108,-95,93,-27,19,54352,0.3017,transitando
35,1705089600,27176,-1599316,357,2393,3985,852,-52,-212,-164,-276,-57,58734,0.469,transitando
35,1705089900,27162,-1599371,175,2437,3980,1305,-175,-125,-64,-4,-5,44538,0.5479,transitando
35,1705090200,27154,-1599337,263,2500,3922,1691,201,313,114,-5,-44,63531,0.3182,transitando
35,1705090500,27256,-1599388,214,2470,3973,1507,-95,3,-81,-64,53,2859,0.327,transitando
35,1705090800,27327,-1599312,394,2436,3981,1976,-91,-211,-139,46,-15,39798,0.5277,transitando
35,1705091100,27325,-1599286,118,2432,3935,225,165,-55,55,-146,-58,37636,0.3689,transitando
35,1705091400,27402,-1599275,415,2352,3987,370,234,21,-116,-121,8,4058,0.3591,transitando
35,1705091700,27463,-1599286,286,2434,3980,1007,248,-333,-38,0,26,9789,0.4491,transitando
35,1705092000,27476,-1599340,333,2514,3978,1049,-147,-106,-13,60,23,47243,0.3293,transitando
35,1705092300,27557,-1599233,306,2420,3942,669,221,140,64,11,31,33792,0.2997,transitando
35,1705092600,27525,-1599318,448,2369,3933,1143,536,-255,-198,57,-69,15668,0.3064,transitando
35,1705092900,27621,-1599254,124,2446,3984,2149,231,127,-140,31,-41,7507,0.1976,transitando
35,1705093200,27511,-1599188,216,2488,3967,79,-285,58,-9,-56,-23,61557,0.2634,transitando
35,1705093500,27427,-1599299,119,2538,3928,1658,480,-427,89,227,42,40971,0.4367,transitando
35,1705093800,27469,-1599324,83,2484,3982,1294,-385,111,-28,100,10,55687,0.4876,transitando
35,1705094100,27516,-1599308,386,2437,3981,1745,176,-148,-193,-164,68,1587,0.3108,transitando
35,1705094400,27613,-1599245,68,2527,3974,1093,-386,5,-24,49,-34,4180,0.426,transitando
35,1705094700,27689,-1599221,410,2346,3977,554,-22,171,275,68,-72,64507,0.3332,transitando
35,1705095000,27782,-1599354,107,2446,3944,1747,147,-33,20,72,22,9180,0.3403,transitando
35,1705095300,27935,-1599315,165,2544,3961,2001,177,-94,-45,-110,-9,60786,0.4149,transitando
35,1705095600,27873,-1599294,91,2466,3919,948,292,243,8,17,-19,251,0.487,transitando
35,1705095900,27799,-1599318,433,2421,3901,1204,86,59,-53,-25,-22,46348,0.3996,transitando
35,1705096200,27717,-1599278,231,2470,3946,1353,69,85,128,51,-73,23674,0.4192,transitando
35,1705096500,27756,-1599250,169,2554,3952,1392,188,123,13,35,38,2997,0.4226,transitando
35,1705096800,27722,-1599292,369,2492,3982,1571,143,-268,104,74,-54,56685,0.4036,transitando
35,1705097100,27732,-1599233,351,2436,3902,1418,222,-169,-70,104,-39,32363,0.3452,transitando
35,1705097400,27755,-1599118,134,2483,3970,575,-678,-192,26,75,11,61855,0.3423,transitando
35,1705097700,27803,-1599185,62,2527,3981,794,182,61,-62,-29,-61,3280,0.2915,transitando
35,1705098000,27776,-1599080,84,2446,3926,1547,-51,27,290,-13,-71,24411,0.3939,transitando
35,1705098300,27746,-1599154,473,2457,3991,1296,-203,71,33,-63,48,2990,0.4577,transitando
35,1705098600,27685,-1599143,487,2375,3965,411,-221,293,99,-55,-54,11273,0.4657,transitando
35,1705098900,27648,-1599064,318,2462,3903,1347,-156,-269,54,16,-42,45892,0.4094,transitando
35,1705099200,27729,-1599060,179,2503,3990,788,65,-22,-63,57,-100,59276,0.3754,transitando
35,1705099500,27742,-1599148,319,2435,3940,1158,-191,-80,-1,-53,16,6233,0.4035,transitando
35,1705099800,27744,-1599054,328,2438,3914,1807,371,-135,-73,28,78,50657,0.3899,transitando
35,1705100100,27744,-1598942,243,2443,3976,1097,85,23,27,-27,-83,13255,0.4183,transitando
35,1705100400,27716,-1598984,182,2481,3925,1621,-47,-178,-63,143,70,18153,0.2385,transitando
35,1705100700,27610,-1598993,804,2366,3931,-2683,2021,-346,-536,1034,165,47458,0.4903,forrageando
35,1705101000,27619,-1598875,881,2301,3954,-1711,-1472,181,46,-681,197,23197,0.3849,forrageando
35,1705101300,27662,-1598842,1271,2199,3982,-2579,-3573,799,139,15,186,58381,0.4829,forrageando
35,1705101600,27599,-1598819,201,2497,3984,-4213,915,-1572,446,-626,434,17080,0.4636,forrageando
35,1705101900,27555,-1598815,223,2474,3926,645,-1523,-237,140,109,-195,62466,0.3294,forrageando
35,1705102200,27435,-1598834,791,2337,3998,526,-3583,-2498,-288,276,174,21973,0.4223,forrageando
35,1705102500,27530,-1598785,594,2310,3982,2244,463,-1323,346,-193,28,58253,0.4085,forrageando
35,1705102800,27513,-1598773,1415,2339,3979,1037,177,-877,167,149,-245,57811,0.2734,forrageando
35,1705103100,27436,-1598614,300,2488,3901,5013,-784,-1232,-524,-140,634,55252,0.4542,forrageando
35,1705103400,27393,-1598725,1239,2246,3899,-1121,-373,-2202,719,540,-297,19338,0.3903,forrageando
35,1705103700,27444,-1598585,1450,2317,3915,1184,1666,-1180,48,23,-372,28624,0.405,forrageando
35,1705104000,27416,-1598591,1380,2281,3961,-1406,-1270,-416,-755,611,399,60521,0.5054,forrageando
35,1705104300,27435,-1598590,308,2419,3909,-593,611,-1222,20,-941,-425,10956,0.4245,forrageando
35,1705104600,27378,-1598591,941,2276,3902,-927,2145,-1094,-529,275,114,40362,0.3064,forrageando
35,1705104900,27406,-1598688,1056,2257,3924,297,294,-1244,577,-96,323,16097,0.3867,forrageando
35,1705105200,27342,-1598706,356,2422,3905,-10,2789,-1274,-334,467,680,10594,0.3452,forrageando
35,1705105500,27243,-1598802,1427,2293,3974,764,-141,-3867,-151,-437,534,53621,0.517,forrageando
35,1705105800,27254,-1598792,1269,2209,3957,694,-4026,-2731,729,-182,52,58665,0.4245,forrageando
35,1705106100,27271,-1598770,1204,2284,3953,2620,-308,-1642,795,174,196,32709,0.2755,forrageando
35,1705106400,27215,-1598730,1102,2239,3957,250,-2336,-802,-501,534,6,14824,0.3809,forrageando
35,1705106700,27187,-1598764,1107,2256,3902,-544,-2637,13,-757,506,90,50300,0.2675,forrageando
35,1705107000,27186,-1598682,786,2305,3952,2369,658,-833,-79,373,-46,5971,0.4742,forrageando
35,1705107300,27157,-1598693,296,2492,3908,-400,942,-832,-166,80,344,56124,0.4143,forrageando
35,1705107600,27194,-1598676,462,2430,3928,743,-2243,-949,-251,-60,-729,8694,0.3588,forrageando
35,1705107900,27213,-1598716,533,2454,3950,-1831,868,-1486,133,-137,-188,432,0.3975,forrageando
35,1705108200,27194,-1598595,1287,2182,3952,3684,-2404,-382,-490,5,199,10134,0.3712,forrageando
35,1705108500,27200,-1598684,554,2298,3980,3477,-2015,1010,-205,-482,-115,33094,0.5382,forrageando
35,1705108800,27208,-1598714,754,2337,3948,480,1926,-1211,34,-179,21,36962,0.3524,forrageando
35,1705109100,27239,-1598768,202,2420,3918,271,-646,1462,55,-506,180,41903,0.4129,forrageando
35,1705109400,27235,-1598730,1304,2287,3932,-860,-1320,173,542,-394,171,52882,0.296,forrageando
35,1705109700,27239,-1598792,757,2356,3945,-1496,-222,-1452,368,710,-345,1534,0.4447,forrageando
35,1705110000,27263,-1598790,222,2429,3929,268,-1595,-1257,432,-125,-386,7068,0.5603,forrageando
35,1705110300,27270,-1598821,964,2463,3935,-1011,-3070,-1912,104,-21,-147,50502,0.4346,forrageando
35,1705110600,27328,-1598864,727,2336,3917,-11,1355,-645,108,-249,101,7254,0.4353,forrageando
35,1705110900,27332,-1598848,429,2399,3967,-128,835,-1175,-778,414,-237,23400,0.527,forrageando
35,1705111200,27304,-1598838,1068,2223,3975,-301,-3917,-451,-454,548,-128,59008,0.3846,forrageando
35,1705111500,27281,-1598854,928,2357,3979,-1363,193,246,-221,164,-92,60147,0.3946,forrageando
35,1705111800,27227,-1598925,682,2327,3932,3259,1922,-968,579,286,-394,38673,0.4737,forrageando
35,1705112100,27260,-1598938,1127,2250,3979,-53,-5746,159,928,-310,51,16288,0.4515,forrageando
35,1705112400,27233,-1599020,856,2317,3932,-3662,721,-1429,-589,45,-18,27962,0.3313,forrageando
35,1705112700,27192,-1598970,1002,2411,3928,358,-2571,-495,355,-463,92,55416,0.4553,forrageando
35,1705113000,27138,-1599017,1485,2166,3917,2290,-1055,-1330,-39,-1013,-363,52339,0.4663,forrageando
35,1705113300,27136,-1598909,1112,2320,3938,-1032,-455,-2082,-372,80,12,22535,0.5003,forrageando
35,1705113600,27120,-1598906,306,2422,3947,-2514,171,-1158,-18,-617,137,53101,0.4249,forrageando
35,1705113900,27262,-1598955,406,2435,3985,436,-1051,1038,121,10,158,34574,0.3961,forrageando
35,1705114200,27206,-1598922,1317,2184,3939,-1319,1351,279,205,552,566,4457,0.3104,forrageando
35,1705114500,27207,-1599025,585,2399,3986,766,73,-1927,694,-464,170,38275,0.3968,forrageando
36,1705028400,337083,-1389852,1423,2256,3929,519,-2057,-1080,105,211,-157,50512,0.448,busca
36,1705028700,337043,-1389776,1431,2196,3911,-885,824,-165,433,213,-18,4142,0.3109,busca
36,1705029000,337108,-1389876,616,2467,3958,491,348,-95,-165,150,-6,8659,0.3781,busca
36,1705029300,337176,-1389906,1401,2178,3980,932,61,-348,-165,-423,151,11821,0.344,busca
36,1705029600,337081,-1389875,1820,2037,3911,770,249,-748,-67,-9,147,15731,0.4278,busca
36,1705029900,336993,-1389844,82,2455,3981,962,168,-12,-73,103,-11,57483,0.3148,transitando
36,1705030200,337052,-1389713,212,2544,3935,47,-240,-250,-14,-134,-48,64607,0.4092,transitando
36,1705030500,337089,-1389774,202,2472,3989,564,-200,-151,-182,-189,-70,30247,0.4879,transitando
36,1705030800,337032,-1389833,139,2415,3980,1574,12,-262,34,-61,25,46116,0.3098,transitando
36,1705031100,336908,-1389847,342,2459,3972,185,119,145,-41,6,9,63034,0.4845,transitando
36,1705031400,336919,-1389925,446,2432,3955,824,463,73,123,-165,-6,23094,0.4974,transitando
36,1705031700,336989,-1389855,328,2475,3976,94,-121,-26,39,-127,48,43249,0.4586,transitando
36,1705032000,336935,-1389869,384,2381,3919,1707,-18,-98,33,145,10,56718,0.3365,transitando
36,1705032300,336828,-1389962,347,2439,3907,260,-617,278,-61,-101,73,48319,0.3196,transitando
36,1705032600,336930,-1390026,175,2448,3910,1295,205,-91,62,-13,11,17911,0.3566,transitando
36,1705032900,336847,-1390027,371,2396,3899,359,-263,246,68,-129,-57,20163,0.3872,transitando
36,1705033200,336804,-1389987,352,2505,3940,1096,21,292,-6,52,63,58458,0.2828,transitando
36,1705033500,336665,-1390016,473,2432,3908,707,102,-292,38,5,-40,18372,0.3768,transitando
36,1705033800,336734,-1390035,386,2445,3923,1171,-96,-103,-252,-24,62,11101,0.4723,transitando
36,1705034100,336700,-1389976,236,2441,3976,60,-430,-39,-65,-127,-15,19781,0.4215,transitando
36,1705034400,336724,-1390053,97,2464,3984,695,-235,132,-31,107,-33,22912,0.4947,transitando
36,1705034700,336637,-1390104,382,2409,3923,1336,282,94,91,0,46,19143,0.5558,transitando
36,1705035000,336649,-1390133,91,2517,3919,842,390,31,-66,-44,-7,60211,0.4565,transitando
36,1705035300,336546,-1390079,126,2466,3917,1190,-541,287,-118,-73,21,64208,0.4044,transitando
36,1705035600,336562,-1389979,232,2551,3902,661,-252,-158,-11,98,12,5064,0.6054,transitando
36,1705035900,336570,-1390025,84,2514,3951,267,-144,-138,59,26,-36,34718,0.498,transitando
36,1705036200,336580,-1390078,383,2422,3991,1436,369,-128,149,46,6,40185,0.4487,transitando
36,1705036500,336537,-1389969,482,2387,3978,1090,-55,-74,-25,82,-48,64663,0.4522,transitando
36,1705036800,336513,-1389862,312,2482,3959,1697,241,100,63,-25,91,56448,0.4238,transitando
36,1705037100,336454,-1389928,412,2402,3947,1371,325,-167,-80,-135,8,18647,0.4101,transitando
36,1705037400,336391,-1390016,416,2458,3969,634,-175,327,-36,80,-11,4210,0.4921,transitando
36,1705037700,336331,-1390060,278,2457,3985,872,-100,106,31,1,100,9188,0.5424,transitando
36,1705038000,336346,-1390026,219,2407,3984,816,-105,-218,34,-31,-61,11711,0.5646,transitando
36,1705038300,336320,-1390053,130,2514,3952,1104,348,121,-17,-51,-28,6322,0.3655,transitando
36,1705038600,336415,-1390143,117,2541,3992,733,-253,-93,-25,-60,67,4598,0.5041,transitando
36,1705038900,336437,-1390116,79,2459,3939,811,-873,-133,-3,48,-33,34129,0.536,transitando
36,1705039200,336430,-1390139,124,2416,3944,1364,130,124,-52,140,77,17177,0.4334,transitando
36,1705039500,336491,-1390095,499,2418,3938,999,34,20,-221,107,-20,62585,0.6248,transitando
36,1705039800,336494,-1390076,176,2479,3932,1671,15,78,70,-61,-102,30772,0.4284,transitando
36,1705040100,336489,-1389967,280,2409,3915,552,-17,-126,83,98,-17,28642,0.6505,transitando
36,1705040400,336460,-1389938,394,2404,3907,921,-585,-373,-159,89,67,2012,0.4634,transitando
36,1705040700,336380,-1389908,375,2391,3943,479,-130,118,-94,-43,-98,26574,0.5298,transitando
36,1705041000,336329,-1389900,50,2468,3993,832,519,-34,23,70,-26,40309,0.3552,transitando
36,1705041300,336383,-1389888,239,2380,3921,708,-203,-431,99,131,-101,32247,0.4282,transitando
36,1705041600,336455,-1389947,354,2389,3943,926,-72,-130,156,-117,-60,50809,0.5407,transitando
36,1705041900,336419,-1389951,481,2336,3985,1054,-59,86,251,-13,16,51872,0.5049,transitando
36,1705042200,336432,-1389963,117,2406,3959,916,494,281,-92,86,-60,15664,0.477,transitando
36,1705042500,336535,-1390039,493,2512,3924,733,27,-103,47,87,-58,41070,0.6296,transitando
36,1705042800,336563,-1390037,187,2497,3969,745,-116,59,-79,71,3,12781,0.4794,transitando
36,1705043100,336637,-1389994,495,2370,3929,918,361,-1021,-208,-122,-274,24782,0.5625,busca
36,1705043400,336665,-1389977,1150,2204,3940,782,-427,-587,161,-178,-58,38672,0.4447,busca
36,1705043700,336642,-1390036,495,2354,3971,65,-489,-915,-36,-10,222,11623,0.4712,busca
36,1705044000,336703,-1390146,999,2295,3996,-447,291,-1280,-45,82,-235,47641,0.6096,busca
36,1705044300,336679,-1390156,1262,2235,3980,411,63,-1640,-58,21,-152,50175,0.5811,busca
36,1705044600,336697,-1390170,538,2400,3906,107,-543,-1170,66,-21,-157,28329,0.6295,busca
36,1705044900,336699,-1390181,564,2402,3979,1367,308,-441,105,319,8,29323,0.4552,busca
36,1705045200,336621,-1390153,720,2327,3975,1764,-1030,-1841,-83,-171,-57,12221,0.4535,busca
36,1705045500,336639,-1390246,915,2305,3954,-493,280,-784,143,264,103,2748,0.567,busca
36,1705045800,336622,-1390287,644,2265,3975,885,481,-669,4,376,-121,54251,0.5122,busca
36,1705046100,336647,-1390279,1141,2221,3975,-77,122,-551,-80,378,240,45841,0.5368,busca
36,1705046400,336656,-1390270,830,2300,3962,-28,-242,-950,195,86,-182,16695,0.4406,busca
36,1705046700,336650,-1390202,970,2333,3995,436,103,-145,6,-91,367,13059,0.5105,busca
36,1705047000,336637,-1390191,981,2256,3984,896,1130,-714,-214,170,-180,30355,0.6305,busca
36,1705047300,336644,-1390217,1437,2217,3933,421,-596,649,-13,-229,17,58489,0.6398,busca
36,1705047600,336658,-1390251,1224,2250,3924,738,-712,-476,-160,132,-229,58918,0.4812,busca
36,1705047900,336607,-1390264,1975,2040,3983,24,-84,-114,-94,329,-143,34157,0.5194,busca
36,1705048200,336588,-1390313,1034,2290,3899,276,-493,-818,-77,-129,-24,3838,0.5117,busca
36,1705048500,336602,-1390311,1989,2127,3936,2463,-311,-127,-86,-190,177,14447,0.5903,busca
36,1705048800,336590,-1390255,492,2396,3988,1704,63,-798,-224,-5,-216,42288,0.5115,busca
36,1705049100,336587,-1390290,358,2501,3939,119,-1786,-1027,-19,-100,111,42633,0.5659,busca
36,1705049400,336600,-1390315,1925,2087,3912,188,2355,-3,-197,-377,267,29508,0.5664,busca
36,1705049700,336588,-1390296,747,2342,3986,137,3,-86,-215,301,112,41711,0.6389,busca
36,1705050000,336575,-1390311,3747,1694,3996,-452,-1161,123,390,36,164,27235,0.5645,busca
36,1705050300,336601,-1390356,2114,2086,3925,672,1726,-618,250,-173,109,56931,0.5426,busca
36,1705050600,336610,-1390376,1113,2336,3936,816,205,-913,90,137,-116,53114,0.6568,busca
36,1705050900,336594,-1390381,3092,1948,3930,869,-567,-321,184,135,118,31068,0.6545,busca
36,1705051200,336574,-1390416,3188,1844,3934,1119,1715,46,27,-436,53,38194,0.5004,busca
36,1705051500,336585,-1390390,2551,1953,3903,204,-212,-1300,63,-185,-41,46894,0.5331,busca
36,1705051800,336574,-1390404,3678,1814,3966,82,610,-438,170,-358,-62,34845,0.4601,busca
36,1705052100,336606,-1390376,1489,2221,3913,344,14,-885,280,346,144,55856,0.4968,busca
36,1705052400,336576,-1390329,3147,1776,3933,-525,-701,-770,207,-169,-121,44476,0.572,busca
36,1705052700,336601,-1390302,2515,2008,3998,319,-281,-530,-111,-2,-128,54670,0.5681,busca
36,1705053000,336589,-1390301,2238,2027,3961,728,691,-144,-22,36,-64,57847,0.5409,busca
36,1705053300,336595,-1390310,1082,2231,3946,311,1259,-169,24,-179,-16,26389,0.6659,busca
36,1705053600,336633,-1390297,3428,1915,3926,-234,-81,-406,-236,-122,-243,24075,0.5737,busca
36,1705053900,336605,-1390338,1193,2288,3971,1099,-635,-931,-389,-122,263,51736,0.5297,busca
36,1705054200,336623,-1390329,7558,934,3970,1967,-3276,-1175,-350,-558,825,47335,0.583,forrageando
36,1705054500,336618,-1390316,5207,802,3951,-60,-1835,14,-271,-6,421,42781,0.5213,forrageando
36,1705054800,336604,-1390318,7700,964,3943,844,-11,-674,1500,-736,-461,45636,0.4451,forrageando
36,1705055100,336628,-1390341,5093,740,3920,-971,1069,-909,-388,365,-190,7800,0.4461,forrageando
36,1705055400,336709,-1390415,6553,905,3930,4474,-858,-2806,75,-397,-142,60566,0.5712,forrageando
36,1705055700,336718,-1390449,2224,463,3899,2165,-4455,-1495,49,898,99,9832,0.5938,forrageando
36,1705056000,336714,-1390487,3362,553,3993,-244,1433,-399,-576,536,-217,65344,0.5201,forrageando
36,1705056300,336721,-1390506,4617,652,3978,-194,-1729,-920,-219,102,-124,7242,0.5662,forrageando
36,1705056600,336698,-1390482,3200,531,3929,-1300,-1490,-1572,-853,-72,175,45520,0.565,forrageando
36,1705056900,336685,-1390505,4746,662,3904,5074,-18,362,-303,-422,-302,41640,0.4755,forrageando
36,1705057200,336759,-1390590,7596,1001,3906,-1169,116,110,-747,6,259,30725,0.6052,forrageando
36,1705057500,336781,-1390594,6942,935,3967,2723,1592,-4,677,-451,-336,53613,0.6828,forrageando
36,1705057800,336805,-1390649,2266,424,3902,2883,-2037,-369,-552,-674,-37,23901,0.5884,forrageando
36,1705058100,336818,-1390613,7593,1021,3912,1507,-295,-883,13,42,-15,37427,0.386,forrageando
36,1705058400,336825,-1390576,4399,632,3958,-2307,2063,-1452,199,-660,-35,10638,0.5091,forrageando
36,1705058700,336808,-1390587,2943,565,3992,-804,2011,-170,-353,-438,-196,61224,0.4534,forrageando
36,1705059000,336826,-1390622,3674,520,3960,2523,2456,-2214,437,622,233,4356,0.5648,forrageando
36,1705059300,336801,-1390587,5740,848,3935,-1026,2680,-353,142,-769,432,24804,0.6119,forrageando
36,1705059600,336800,-1390575,7547,910,3941,1926,3790,-779,-483,-312,176,50238,0.5854,forrageando
36,1705059900,336820,-1390571,3160,418,3925,4798,-4070,-1144,178,-552,48,60486,0.3958,forrageando
36,1705060200,336836,-1390522,4867,679,3986,663,-2680,1638,727,544,188,46652,0.4516,forrageando
36,1705060500,336876,-1390641,5860,879,3967,772,-952,-1086,183,669,215,35742,0.5424,forrageando
36,1705060800,336871,-1390648,4905,682,3940,-681,-2665,-3612,202,-159,210,45440,0.4726,forrageando
36,1705061100,336866,-1390683,2602,496,3948,-688,1210,-1138,86,-29,565,28133,0.4469,forrageando
36,1705061400,336875,-1390736,7724,1048,3941,-1038,220,-240,-15,-530,7,52128,0.4855,forrageando
36,1705061700,336905,-1390702,7385,957,3948,-293,-672,211,-174,1118,-136,53770,0.5364,forrageando
36,1705062000,336904,-1390726,6678,896,3909,2388,-1826,-1114,-383,-319,-55,15698,0.4256,forrageando
36,1705062300,336941,-1390566,6800,790,3993,-1132,-1060,-1422,-493,-465,-146,51237,0.4322,forrageando
36,1705062600,336893,-1390551,4161,618,3993,-767,-3312,-1459,847,384,212,9791,0.4283,forrageando
36,1705062900,337008,-1390557,2414,374,3913,-2915,306,-599,56,149,-100,16586,0.4395,forrageando
36,1705063200,336979,-1390445,6941,901,3911,-372,-630,-1901,83,523,210,17643,0.4945,forrageando
36,1705063500,336955,-1390550,5588,720,3982,-1437,291,-1001,-390,81,407,54691,0.4103,forrageando
36,1705063800,336979,-1390599,7390,988,3976,202,1518,-970,-663,-74,461,46130,0.4737,forrageando
36,1705064100,336897,-1390538,6763,809,3969,98,-1653,192,616,-190,240,52472,0.365,forrageando
36,1705064400,336873,-1390472,6291,847,3899,1603,139,-72,358,-874,46,48675,0.392,forrageando
36,1705064700,336817,-1390446,3483,540,3947,856,-2832,-1560,1009,1060,-139,37229,0.5658,forrageando
36,1705065000,336818,-1390427,7650,904,3916,3040,2023,-375,330,12,37,50917,0.3717,forrageando
36,1705065300,336734,-1390318,6176,878,3991,4050,1603,-1802,16,362,-690,29788,0.4399,forrageando
36,1705065600,336666,-1390368,7456,950,3974,4572,3065,-1503,-840,-1336,340,35625,0.4377,forrageando
36,1705065900,336714,-1390380,6897,937,3920,308,-3741,-2190,118,-178,16,10353,0.2368,forrageando
36,1705066200,336603,-1390403,3272,547,3987,117,438,-1500,-145,222,143,23714,0.4201,forrageando
36,1705066500,336523,-1390287,6810,876,3900,-2933,-4472,-1963,198,61,-679,31668,0.2709,forrageando
36,1705066800,336401,-1390286,7281,849,3899,180,-1161,-1237,-282,146,247,20128,0.4705,forrageando
36,1705067100,336310,-1390350,5729,743,3955,-713,-311,-1073,-343,167,5,14988,0.4945,forrageando
36,1705067400,336252,-1390371,2992,500,3966,-1897,-3861,-1079,-928,227,-141,35148,0.3337,forrageando
36,1705067700,336291,-1390541,2326,477,3913,1812,-1724,-2095,-226,-253,-53,46921,0.3564,forrageando
36,1705068000,336342,-1390612,6171,873,3927,-2240,56,-2266,-825,238,-198,6835,0.3108,forrageando
36,1705068300,336263,-1390580,4358,655,3944,-2015,-407,-803,209,8,-107,1855,0.3659,forrageando
36,1705068600,336241,-1390649,5105,667,3901,3926,2816,-2060,292,-486,425,45205,0.4189,forrageando
36,1705068900,336298,-1390673,7148,990,3968,-608,2428,-864,886,-528,122,6500,0.3557,forrageando
36,1705069200,336233,-1390728,6022,867,3980,-2058,-1845,-142,-111,-140,135,54995,0.3792,forrageando
36,1705069500,336239,-1390772,7258,927,3959,-828,-44,-261,-139,528,95,51427,0.329,forrageando
36,1705069800,336201,-1390721,2406,385,3901,813,1291,-917,-123,468,-739,12109,0.2787,forrageando
36,1705070100,336212,-1390617,6883,938,3980,-1614,47,-1960,621,-19,344,46140,0.4442,forrageando
36,1705070400,336093,-1390578,3565,613,3910,-1482,-1968,-475,617,476,-414,28077,0.4278,forrageando
36,1705070700,336056,-1390504,2295,495,3996,1154,-1142,-612,-640,471,-73,31983,0.3847,forrageando
36,1705071000,336210,-1390508,6807,862,3920,-498,-1011,-2087,-283,-650,540,6460,0.3185,forrageando
36,1705071300,336271,-1390382,2277,480,3902,-455,4261,-2485,285,209,115,5810,0.3248,forrageando
36,1705071600,336134,-1390402,3297,1801,3958,-502,-1172,-132,-204,-241,76,33783,0.256,busca
36,1705071900,336228,-1390377,1219,2218,3902,-873,1215,-897,-44,-167,36,39640,0.3791,busca
36,1705072200,336232,-1390319,3527,1804,3925,-560,542,-841,235,-184,107,7122,0.4302,busca
36,1705072500,336268,-1390322,1550,2243,3911,1267,-50,-246,142,463,-133,7733,0.3092,busca
36,1705072800,336320,-1390280,3791,1808,3908,334,248,-14,-64,-41,-23,45610,0.2765,busca
36,1705073100,336456,-1390240,3379,1897,3957,-249,833,-1263,171,-279,-104,38792,0.267,busca
36,1705073400,336464,-1390362,2125,2029,3927,3737,1078,-645,173,-54,74,50704,0.3685,busca
36,1705073700,336412,-1390297,147,2471,3954,1087,-481,260,-78,81,-29,53891,0.3249,transitando
36,1705074000,336314,-1390316,332,2405,3964,1764,-58,35,-123,188,-4,15928,0.3361,transitando
36,1705074300,336393,-1390217,108,2546,3913,2029,488,12,95,-67,-14,26371,0.2915,transitando
36,1705074600,336328,-1390355,129,2463,3990,208,-483,3,119,155,-21,12831,0.2574,transitando
36,1705074900,336440,-1390346,315,2435,3924,1459,-73,-119,-239,30,9,360,0.2407,transitando
36,1705075200,336446,-1390191,473,2422,3903,-245,277,-354,-89,46,3,23739,0.3628,transitando
36,1705075500,336380,-1390177,207,2411,3937,639,23,-100,-73,-9,-14,44119,0.3543,transitando
36,1705075800,336360,-1390039,277,2462,3975,1575,61,87,-74,142,105,8951,0.4478,transitando
36,1705076100,336443,-1390050,122,2455,3939,597,11,-128,-147,91,-9,49435,0.3062,transitando
36,1705076400,336556,-1390039,351,2475,3957,868,-342,-7,4,-62,-50,36701,0.2924,transitando
36,1705076700,336455,-1390053,473,2299,3955,1018,299,-16,79,32,85,25746,0.2473,transitando
36,1705077000,336613,-1390123,436,2420,3945,389,-458,102,19,60,-31,18336,0.2062,transitando
36,1705077300,336599,-1390246,282,2428,3942,1164,186,263,-40,-107,-68,10156,0.2481,transitando
36,1705077600,336492,-1390273,175,2421,3906,955,35,-214,100,-124,-40,38181,0.3225,transitando
36,1705077900,336460,-1390460,359,2419,3959,804,86,-211,67,166,-41,61421,0.2394,transitando
36,1705078200,336371,-1390624,115,2351,3913,360,212,-34,90,-7,-23,36694,0.2994,transitando
36,1705078500,336466,-1390653,320,2494,3942,1583,147,-67,-119,-21,13,20750,0.2481,transitando
36,1705078800,336597,-1390710,72,2542,3991,1342,-522,28,69,-31,-66,978,0.3318,transitando
36,1705079100,336713,-1390689,202,2509,3983,1527,-362,53,-32,-85,114,15339,0.2915,transitando
36,1705079400,336821,-1390672,424,2382,3990,1066,438,51,-64,56,13,27188,0.3351,transitando
36,1705079700,336868,-1390760,66,2475,3958,1515,91,-237,48,129,120,49115,0.3901,transitando
36,1705080000,336790,-1390855,451,2420,3959,1309,-165,222,-19,-40,11,25384,0.3656,transitando
36,1705080300,336824,-1390796,421,2405,3902,1429,-87,64,119,-82,39,58677,0.3447,transitando
36,1705080600,336918,-1390794,450,2432,3953,1019,-68,-53,36,-44,52,6254,0.2912,transitando
36,1705080900,336888,-1390922,192,2485,3978,928,-91,-114,-30,111,62,7676,0.4033,transitando
36,1705081200,336956,-1390861,232,2482,3902,1717,250,-91,-38,-1,-40,51948,0.3077,transitando
36,1705081500,336848,-1390926,169,2395,3965,1355,3,73,-15,186,3,45288,0.2806,transitando
36,1705081800,336946,-1390999,99,2444,3981,767,0,-141,-59,8,-36,47345,0.2791,transitando
36,1705082100,337033,-1391091,95,2530,3918,564,26,-93,75,19,-60,30108,0.3267,transitando
36,1705082400,337121,-1390969,475,2437,3988,1864,-333,-345,-96,-68,-1,60643,0.2091,transitando
36,1705082700,337167,-1390850,318,2468,3903,1481,218,-64,118,34,-35,1636,0.4036,transitando
36,1705083000,337109,-1390959,74,2474,3930,968,347,5,58,-44,-23,55079,0.2831,transitando
36,1705083300,337068,-1391084,69,2416,3915,1848,-7,467,28,-75,-68,13536,0.269,transitando
36,1705083600,336962,-1391142,464,2456,3978,1585,-159,-98,120,220,63,52302,0.2771,transitando
36,1705083900,337000,-1390970,383,2414,3937,814,196,-42,94,-54,-53,53047,0.21,transitando
36,1705084200,337135,-1390927,161,2464,3903,1390,-59,247,120,79,-16,60743,0.1941,transitando
36,1705084500,337162,-1390796,267,2425,3955,1581,183,119,-236,-28,29,53483,0.2452,transitando
36,1705084800,337265,-1390847,294,2464,3908,736,169,-367,-170,23,8,7088,0.2178,transitando
36,1705085100,337231,-1390713,419,2395,3928,1047,281,366,-102,-112,-88,52969,0.4446,transitando
36,1705085400,337313,-1390644,175,2482,3927,894,-174,-86,-68,-212,38,8267,0.2532,transitando
36,1705085700,337224,-1390556,467,2429,3944,532,23,37,56,104,-24,36181,0.2263,transitando
36,1705086000,337123,-1390489,276,2441,3911,-42,708,-113,-147,18,9,15341,0.3187,transitando
36,1705086300,337250,-1390478,134,2510,3897,1563,280,70,12,82,-77,2397,0.3401,transitando
36,1705086600,337399,-1390498,392,2373,3989,706,-139,-177,17,56,122,57790,0.3047,transitando
36,1705086900,337442,-1390342,317,2451,3978,1561,282,139,12,177,3,46727,0.4128,transitando
36,1705087200,337484,-1390304,363,2369,3990,1462,-101,-96,93,42,5,28371,0.2886,transitando
36,1705087500,337554,-1390402,447,2476,3911,510,312,448,-52,-84,18,58582,0.1944,transitando
36,1705087800,337555,-1390256,129,2409,3958,306,1,-267,-20,51,-11,13757,0.3015,transitando
36,1705088100,337475,-1390399,215,2534,3955,359,-121,60,-49,-23,-80,25252,0.3087,transitando
36,1705088400,337424,-1390519,103,2501,3985,280,299,-212,123,149,-28,24217,0.3158,transitando
36,1705088700,337409,-1390403,345,2492,3902,-267,-273,224,-36,6,-88,25193,0.3027,transitando
36,1705089000,337465,-1390242,117,2485,3911,1682,-176,-25,-57,-128,-24,20175,0.236,transitando
36,1705089300,337619,-1390213,304,2349,3917,926,150,-253,-128,46,7,17643,0.3396,transitando
36,1705089600,337602,-1390104,86,2559,3966,1290,-455,108,-137,-63,-50,61630,0.3118,transitando
36,1705089900,337530,-1389987,409,2518,3955,1262,-289,18,-94,30,-11,33938,0.4326,transitando
36,1705090200,337469,-1389978,437,2456,3983,1608,168,-41,134,-96,11,50283,0.407,transitando
36,1705090500,337395,-1389956,316,2410,3919,1014,136,-212,45,-220,86,54211,0.2047,transitando
36,1705090800,337332,-1390100,115,2443,3988,1032,161,108,195,214,-10,59687,0.4998,transitando
36,1705091100,337224,-1390042,95,2419,3946,554,84,-138,12,163,72,26585,0.2716,transitando
36,1705091400,337191,-1390208,367,2535,3939,1618,171,-55,-89,-15,-35,50629,0.3332,transitando
36,1705091700,337184,-1390332,475,2437,3976,1882,145,-52,-26,53,-32,36562,0.3042,transitando
36,1705092000,337083,-1390265,293,2394,3986,971,34,-91,-17,-168,-124,57606,0.4443,transitando
36,1705092300,336988,-1390307,145,2430,3967,1698,297,65,60,147,7,65137,0.3195,transitando
36,1705092600,336974,-1390115,100,2417,3935,1121,-127,-56,128,-16,34,2710,0.2838,transitando
36,1705092900,336874,-1390193,131,2549,3980,1040,-326,-36,46,-75,-68,42287,0.4675,transitando
36,1705093200,336807,-1390288,97,2460,3970,759,388,-252,13,-166,-47,2562,0.3272,transitando
36,1705093500,336817,-1390184,109,2431,3915,1355,-193,42,88,-9,-76,41286,0.4648,transitando
36,1705093800,336759,-1390099,97,2495,3960,464,-111,-64,101,-53,-14,6440,0.5137,transitando
36,1705094100,336779,-1390141,375,2397,3979,458,116,73,-21,-60,23,46144,0.3666,transitando
36,1705094400,336785,-1390221,473,2427,3980,124,470,-3,6,-151,31,12747,0.3098,transitando
36,1705094700,336822,-1390079,128,2439,3961,1361,507,202,367,19,15,26000,0.4539,transitando
36,1705095000,336756,-1390005,274,2458,3966,596,104,-287,1,-154,32,35660,0.4038,transitando
36,1705095300,336710,-1390089,147,2390,3936,1904,27,228,-35,46,42,27776,0.3959,transitando
36,1705095600,336625,-1389995,456,2443,3954,1163,149,147,-91,-71,33,51626,0.4254,transitando
36,1705095900,336563,-1390082,193,2410,3936,866,14,375,18,-13,10,47403,0.3563,transitando
36,1705096200,336564,-1390139,241,2482,3923,771,31,238,-73,-67,35,16024,0.3589,transitando
36,1705096500,336576,-1390016,88,2540,3904,56,150,137,-130,-30,32,29642,0.3644,transitando
36,1705096800,336546,-1389894,68,2472,3899,981,185,277,-122,222,84,30471,0.2917,transitando
36,1705097100,336537,-1390020,221,2451,3973,1785,-45,152,129,133,43,17099,0.4118,transitando
36,1705097400,336601,-1390079,138,2491,3923,1080,285,-81,-82,174,-24,34395,0.3197,transitando
36,1705097700,336512,-1390136,499,2521,3961,226,304,92,124,144,10,3327,0.4477,transitando
36,1705098000,336436,-1390164,177,2513,3940,904,-283,28,-44,199,-24,52076,0.3661,transitando
36,1705098300,336423,-1390247,425,2371,3963,727,120,194,-75,-23,-32,19415,0.3065,transitando
36,1705098600,336496,-1390375,390,2365,3934,2042,-381,232,-73,30,-85,30530,0.2941,transitando
36,1705098900,336600,-1390299,85,2584,3933,1457,255,-14,61,200,-21,50910,0.3724,transitando
36,1705099200,336679,-1390413,425,2436,3921,757,46,108,69,-80,-26,44109,0.432,transitando
36,1705099500,336652,-1390338,492,2393,3910,1316,36,105,-30,73,-7,28722,0.3618,transitando
36,1705099800,336677,-1390293,246,2440,3926,159,-139,68,81,-135,-14,64798,0.3423,transitando
36,1705100100,336782,-1390229,429,2391,3897,1486,215,126,71,-62,-44,29455,0.4927,transitando
36,1705100400,336854,-1390252,457,2442,3935,641,-184,36,-82,-110,-150,9524,0.2567,transitando
36,1705100700,336861,-1390119,106,2454,3981,324,32,-80,-110,-50,15,21261,0.3635,transitando
36,1705101000,336950,-1390098,61,2475,3965,2267,358,-65,-27,55,-43,57863,0.3707,transitando
36,1705101300,336989,-1390043,195,2465,3956,689,71,-158,19,115,51,15005,0.3301,transitando
36,1705101600,336895,-1390126,184,2430,3921,222,-355,50,-159,-27,-93,39656,0.2704,transitando
36,1705101900,336978,-1390222,395,2421,3967,1202,-29,198,156,-53,4,26126,0.2399,transitando
36,1705102200,337085,-1390188,431,2345,3917,1376,216,-106,-170,-15,43,17784,0.4804,transitando
36,1705102500,337106,-1390120,277,2555,3902,159,181,200,-84,109,-14,58505,0.3122,transitando
36,1705102800,337055,-1390275,455,2396,3985,1210,402,-293,-40,92,-69,25295,0.32,transitando
36,1705103100,336963,-1390219,400,2406,3926,1278,-318,83,-47,53,100,17332,0.4333,transitando
36,1705103400,336863,-1390219,121,2548,3906,900,-21,-156,-39,-119,3,37249,0.3315,transitando
36,1705103700,336956,-1390131,338,2423,3898,1433,483,-401,90,-107,6,46106,0.362,transitando
36,1705104000,336930,-1390009,73,2480,3956,1794,-389,36,-97,-39,88,27033,0.3276,transitando
36,1705104300,336822,-1390035,409,2448,3983,2208,-13,8,-2,-1,26,48653,0.3247,transitando
36,1705104600,336928,-1389942,452,2372,3930,656,19,412,24,9,64,10037,0.315,transitando
36,1705104900,336974,-1390092,272,2447,3932,373,-53,109,-89,-161,-10,47358,0.4113,transitando
36,1705105200,336905,-1390164,352,2446,3970,1437,-418,-169,-15,9,-50,55423,0.3631,transitando
36,1705105500,336794,-1390220,266,2539,3904,288,10,195,-30,-70,67,61242,0.3768,transitando
36,1705105800,336723,-1390224,169,2440,3991,843,57,-524,-55,-106,15,49135,0.3093,transitando
36,1705106100,336852,-1390227,292,2520,3985,1334,-155,232,87,38,36,29288,0.2983,transitando
36,1705106400,336822,-1390347,413,2462,3952,1359,99,-74,-200,-151,45,34967,0.3668,transitando
36,1705106700,336774,-1390312,82,2480,3912,1095,-107,498,34,-4,-108,10080,0.3813,transitando
36,1705107000,336808,-1390203,324,2434,3925,1765,-277,77,-54,158,-26,51932,0.3207,transitando
36,1705107300,336700,-1390327,427,2476,3901,942,-425,273,50,123,-94,6562,0.3658,transitando
36,1705107600,336651,-1390425,312,2406,3923,372,226,-31,-2,61,-121,18815,0.3614,transitando
36,1705107900,336612,-1390381,324,2421,3987,1394,268,-6,-79,-153,-117,20426,0.3647,transitando
36,1705108200,336649,-1390351,243,2442,3946,479,217,-101,43,14,23,18214,0.3577,transitando
36,1705108500,336717,-1390370,111,2459,3939,763,-114,96,2,72,-1,39676,0.2936,transitando
36,1705108800,336594,-1390316,222,2459,3900,173,-268,-150,28,161,77,42975,0.3373,transitando
36,1705109100,336636,-1390416,340,2412,3925,702,-263,-9,40,-165,-47,23068,0.386,transitando
36,1705109400,336669,-1390338,320,2399,3977,848,47,337,26,120,-36,10527,0.4816,transitando
36,1705109700,336599,-1390393,324,2409,3935,637,-179,239,-177,-36,16,46094,0.429,transitando
36,1705110000,336589,-1390295,276,2444,3903,1653,420,442,61,76,36,2997,0.4532,transitando
36,1705110300,336660,-1390290,79,2535,3903,1268,9,-149,115,190,18,29345,0.5509,transitando
36,1705110600,336686,-1390283,78,2491,3904,1320,393,83,-80,-15,57,7446,0.2797,transitando
36,1705110900,336799,-1390202,312,2461,3913,671,613,129,168,-97,-15,22363,0.37,transitando
36,1705111200,336776,-1390101,151,2470,3955,1133,167,-53,63,161,2,41852,0.3191,transitando
36,1705111500,336829,-1390225,147,2506,3929,910,-212,-188,-67,-37,17,56281,0.3737,transitando
36,1705111800,336780,-1390155,103,2510,3944,1529,47,178,170,55,-42,63898,0.4314,transitando
36,1705112100,336781,-1390053,161,2488,3951,2457,-65,-74,-108,-15,-53,3561,0.3906,transitando
36,1705112400,336833,-1389941,356,2467,3928,1017,783,-148,-109,-52,-43,65289,0.4407,transitando
36,1705112700,336808,-1389888,103,2456,3927,1044,315,-76,257,-111,-19,62995,0.3902,transitando
36,1705113000,336763,-1389844,480,2372,3926,811,494,87,-95,15,37,13708,0.3833,transitando
36,1705113300,336814,-1389832,398,2397,3994,547,434,-130,-57,149,4,59558,0.4249,transitando
36,1705113600,336741,-1389812,260,2498,3995,814,720,329,-5,20,51,63514,0.3665,transitando
36,1705113900,336828,-1389836,352,2450,3942,691,-34,-289,92,108,11,37246,0.4948,transitando
36,1705114200,336758,-1389920,122,2449,3937,1220,-328,-84,231,-21,4,35836,0.4902,transitando
36,1705114500,336679,-1389968,328,2434,3913,1566,311,67,63,-60,80,52558,0.5601,transitando
37,1705028400,63207,1733131,353,2363,3983,2026,-288,-329,-81,160,-231,9642,0.3831,busca
37,1705028700,63223,1733083,1995,2147,3930,1452,200,-447,-435,161,38,50092,0.4215,busca
37,1705029000,63258,1733116,1043,2368,3921,720,-184,-423,-38,-117,72,56313,0.3164,busca
37,1705029300,63341,1733017,808,2425,3930,2346,-719,67,69,11,95,19903,0.3277,busca
37,1705029600,63335,1733123,1713,2190,3975,477,118,-1278,-36,-175,154,17137,0.3892,busca
37,1705029900,63334,1733164,1639,2146,3930,880,335,-230,114,-99,-264,40567,0.523,busca
37,1705030200,63348,1733156,1821,2144,3969,576,813,-782,-63,112,63,8628,0.4022,busca
37,1705030500,63324,1733115,1033,2418,3926,-79,714,-581,411,50,-77,3870,0.3769,busca
37,1705030800,63400,1733135,1297,2227,3948,-22,-363,-129,53,112,88,26571,0.5328,busca
37,1705031100,63351,1733123,457,2386,3913,-1198,-638,-313,-173,-265,-81,59587,0.4232,busca
37,1705031400,63315,1733150,1653,2121,3962,2131,-622,194,-233,274,-57,51898,0.2953,busca
37,1705031700,63289,1733210,1516,2171,3958,379,402,-467,159,295,-50,43681,0.3436,busca
37,1705032000,63178,1733233,339,2464,3958,647,-293,-742,-179,212,252,21684,0.3699,busca
37,1705032300,63091,1733175,673,2336,3902,-50,-444,-453,242,185,117,53486,0.4226,busca
37,1705032600,63155,1733195,961,2209,3972,-114,-84,-937,-207,-145,-65,28150,0.4344,busca
37,1705032900,63090,1733236,841,2265,3991,1864,660,-173,-117,138,218,54915,0.4881,busca
37,1705033200,63016,1733325,1930,2117,3966,3013,-1184,-192,93,303,33,20346,0.4777,busca
37,1705033500,63007,1733369,945,2380,3937,-163,404,-665,223,57,-82,50791,0.567,busca
37,1705033800,63024,1733342,547,2426,3997,-901,-1202,-593,-100,-336,12,42114,0.4025,busca
37,1705034100,63004,1733308,495,2402,3927,150,698,-846,-153,182,-167,55073,0.4384,busca
37,1705034400,63104,1733300,1262,2228,3967,288,431,-1051,-365,-132,29,65201,0.6035,busca
37,1705034700,63091,1733342,1033,2346,3904,191,-249,-774,158,-28,-187,51472,0.5274,busca
37,1705035000,63070,1733306,1115,2234,3975,112,1369,-1162,17,0,-83,62741,0.4524,busca
37,1705035300,63056,1733246,708,2384,3924,-1354,970,-481,-308,-90,-218,10136,0.4436,busca
37,1705035600,63008,1733194,1331,2304,3917,286,581,-874,146,245,-59,31962,0.4735,busca
37,1705035900,62947,1733189,947,2350,3978,590,281,-511,88,57,104,13386,0.5211,busca
37,1705036200,62926,1733191,346,2361,3991,1118,1182,481,-76,-269,93,40621,0.5141,busca
37,1705036500,62902,1733171,1263,2244,3952,2301,-10,175,156,287,73,20441,0.345,busca
37,1705036800,62958,1733251,755,2457,3926,2060,2,210,-210,181,65,47809,0.4997,busca
37,1705037100,62985,1733290,1599,2141,3939,1431,276,-283,236,8,-257,14887,0.5411,busca
37,1705037400,63017,1733298,524,2461,3950,387,-395,-674,-73,-66,-163,9594,0.4679,busca
37,1705037700,63085,1733234,1328,2309,3903,-389,-629,-583,-87,178,16,15962,0.557,busca
37,1705038000,63057,1733249,917,2299,3958,659,1859,135,51,25,-181,28568,0.4475,busca
37,1705038300,63125,1733221,988,2296,3944,123,-774,-746,-128,-137,115,58298,0.5091,busca
37,1705038600,63148,1733234,392,2420,3956,681,1169,58,-254,-68,-27,40984,0.3332,busca
37,1705038900,63218,1733287,930,2345,3931,944,488,-451,57,50,349,14817,0.557,busca
37,1705039200,63235,1733313,1691,2206,3975,1673,-860,-1017,244,-154,-69,34493,0.5159,busca
37,1705039500,63213,1733341,2007,2004,3992,562,-372,-120,-394,79,24,23928,0.5206,busca
37,1705039800,63191,1733324,2115,2113,3968,2448,-115,-128,17,-151,119,34563,0.4639,busca
37,1705040100,63230,1733355,501,2351,3911,-218,297,-881,-474,490,-63,16568,0.5121,busca
37,1705040400,63266,1733334,657,2390,3922,1686,1424,11,215,73,234,30764,0.4976,busca
37,1705040700,63289,1733397,523,2397,3947,281,622,-829,-206,-169,71,41947,0.4255,busca
37,1705041000,63319,1733452,437,2351,3981,-349,255,-870,171,-45,229,45544,0.4325,busca
37,1705041300,63332,1733532,572,2404,3982,614,-429,-437,82,-542,66,10161,0.5432,busca
37,1705041600,63301,1733544,1133,2263,3943,2505,230,-1223,303,117,71,52858,0.6382,busca
37,1705041900,63275,1733556,1942,2114,3969,-181,258,130,-159,674,-100,29855,0.5066,busca
37,1705042200,63285,1733549,1309,2213,3933,2106,1046,100,-303,353,-124,31280,0.5052,busca
37,1705042500,63300,1733532,898,2342,3928,-259,253,60,-261,-57,226,24842,0.5851,busca
37,1705042800,63342,1733502,1841,2232,3986,696,930,-949,-145,-204,43,41178,0.5895,busca
37,1705043100,63331,1733471,1347,2299,3927,1403,699,-296,-218,-473,-55,7351,0.5062,busca
37,1705043400,63366,1733490,2087,2062,3980,2946,-801,-879,-151,-88,-280,27987,0.5129,busca
37,1705043700,63392,1733457,633,2337,3973,-330,498,-284,-61,-112,-189,36137,0.5086,busca
37,1705044000,63382,1733460,876,2316,3961,1915,18,-1258,43,360,-28,16115,0.5577,busca
37,1705044300,63403,1733455,1847,2160,3921,1722,-235,-496,232,62,-6,11377,0.5027,busca
37,1705044600,63366,1733465,688,2395,3908,-944,-374,-94,261,194,15,76,0.4594,busca
37,1705044900,63441,1733443,962,2330,3969,-165,-265,-441,445,113,158,52362,0.4991,busca
37,1705045200,63423,1733512,315,2515,3916,958,-1053,-203,-357,-223,-103,49424,0.5794,busca
37,1705045500,63411,1733553,1833,2084,3961,-1544,35,451,-132,89,238,23103,0.5502,busca
37,1705045800,63429,1733575,1271,2232,3917,281,88,-57,-76,-263,129,17839,0.4455,busca
37,1705046100,63390,1733540,466,2305,3996,1673,-199,-350,-172,190,259,12655,0.5665,busca
37,1705046400,63385,1733527,1174,2241,3945,1256,-729,-296,-42,-255,-179,42072,0.5115,busca
37,1705046700,63390,1733490,666,2311,3986,611,-502,-612,-4,139,42,15927,0.4993,busca
37,1705047000,63287,1733491,1531,2250,3902,-583,-682,-779,139,-21,-131,47909,0.5709,busca
37,1705047300,63284,1733481,349,2415,3923,-928,-423,129,-30,34,-222,9060,0.4999,busca
37,1705047600,63336,1733444,308,2417,3960,1247,-46,-625,203,-209,-131,64563,0.4298,busca
37,1705047900,63347,1733526,1330,2236,3915,948,340,-853,-242,43,-178,56582,0.6202,busca
37,1705048200,63337,1733518,1673,2208,3972,1583,671,-891,145,-223,-103,14043,0.6188,busca
37,1705048500,63348,1733537,600,2313,3906,1791,770,-474,58,135,112,39525,0.4282,busca
37,1705048800,63285,1733521,1898,2097,3908,1772,509,-393,-63,-15,67,47561,0.5521,busca
37,1705049100,63256,1733557,302,2506,3975,1085,-307,-936,110,-127,51,59626,0.6617,busca
37,1705049400,63260,1733544,475,2456,3918,2227,-189,-286,185,68,187,43456,0.5976,busca
37,1705049700,63208,1733550,466,2418,3929,2057,1678,-666,254,-12,-104,52305,0.5232,busca
37,1705050000,63190,1733547,2218,359,3975,-2018,694,-455,-219,1209,60,32310,0.5888,forrageando
37,1705050300,63184,1733549,1533,2181,3973,-389,75,-637,-226,457,-175,54412,0.6241,forrageando
37,1705050600,63175,1733555,2462,410,3916,-3565,-3913,678,647,-84,312,3543,0.6155,forrageando
37,1705050900,63176,1733510,2253,392,3915,-2850,-2133,-546,-546,-120,179,12,0.4445,forrageando
37,1705051200,63162,1733585,1583,2269,3970,-1760,42,-1078,-864,202,511,23620,0.5736,forrageando
37,1705051500,63167,1733572,1755,2053,3960,3537,-2275,-312,855,45,-257,41589,0.4071,forrageando
37,1705051800,63134,1733610,2893,511,3910,259,-206,198,-794,866,-104,40440,0.4767,forrageando
37,1705052100,63100,1733615,2601,458,3941,-515,5270,-2997,578,341,83,3052,0.5658,forrageando
37,1705052400,63095,1733633,2058,372,3991,-634,-699,148,338,-434,528,17871,0.5514,forrageando
37,1705052700,63052,1733651,900,2325,3937,1536,1200,-2069,-653,827,-417,26490,0.4766,forrageando
37,1705053000,63045,1733721,1152,2280,3952,4581,563,-1163,-245,59,243,17483,0.5475,forrageando
37,1705053300,63057,1733688,1684,2148,3912,1930,503,-2130,470,306,-34,37106,0.5683,forrageando
37,1705053600,63063,1733664,776,2371,3932,1563,-2480,197,560,232,93,36224,0.3934,forrageando
37,1705053900,62998,1733695,2602,388,3933,2161,-4317,-2832,-275,7,151,34701,0.5104,forrageando
37,1705054200,62984,1733711,1798,2145,3969,-959,-1625,-1047,783,330,176,40536,0.3156,forrageando
37,1705054500,62952,1733591,917,2303,3951,318,19,-890,106,599,275,50237,0.3595,forrageando
37,1705054800,62824,1733570,1670,2098,3940,2742,3959,-111,-139,-720,233,646,0.5917,forrageando
37,1705055100,62850,1733534,2375,468,3921,365,-1945,-131,-154,-400,111,43529,0.5582,forrageando
37,1705055400,62874,1733534,1384,2224,3917,1139,-627,-339,-384,-634,-73,33085,0.5796,forrageando
37,1705055700,62866,1733552,1876,2193,3960,-1099,-2522,-19,-135,-764,521,43289,0.5073,forrageando
37,1705056000,62873,1733519,2598,391,3955,-1100,4258,-1984,477,-303,-126,7513,0.5759,forrageando
37,1705056300,62857,1733515,2078,466,3987,-1028,1943,-527,-673,545,209,7661,0.4097,forrageando
37,1705056600,62917,1733513,1756,2178,3905,-2270,4085,-386,-125,-366,-870,11671,0.4869,forrageando
37,1705056900,62970,1733605,1130,2271,3949,1681,2160,-911,-189,513,34,56326,0.4543,forrageando
37,1705057200,62956,1733583,3397,505,3982,486,2654,-1299,-543,-632,-115,25093,0.5903,forrageando
37,1705057500,62969,1733599,2792,469,3928,-1804,847,-469,-86,-681,125,59903,0.4922,forrageando
37,1705057800,63031,1733669,1634,2246,3985,-2862,-3438,-439,-684,-210,-563,36860,0.5281,forrageando
37,1705058100,63055,1733679,2234,405,3908,1341,1210,-424,-1105,-437,-236,61306,0.4814,forrageando
37,1705058400,63024,1733661,2497,521,3994,2672,3706,-521,104,174,-167,35342,0.5596,forrageando
37,1705058700,63010,1733655,1669,2222,3931,-1746,-3975,333,-343,-242,505,25023,0.515,forrageando
37,1705059000,63001,1733669,957,2274,3959,-3194,-1069,-387,-751,501,-185,39852,0.5696,forrageando
37,1705059300,63007,1733677,2210,471,3955,227,2006,-469,187,-502,667,4280,0.5578,forrageando
37,1705059600,63033,1733668,922,2295,3921,1516,-2301,-97,89,543,351,6303,0.3902,forrageando
37,1705059900,63046,1733643,860,2354,3955,2385,-1025,-243,467,335,-119,26487,0.3086,forrageando
37,1705060200,63091,1733524,2155,384,3983,1286,-44,-2434,259,345,142,5214,0.4626,forrageando
37,1705060500,63125,1733481,2330,396,3904,-680,1359,-605,749,625,223,6502,0.4599,forrageando
37,1705060800,63219,1733573,1393,2209,3907,960,-3285,-2335,109,445,424,32752,0.5629,forrageando
37,1705061100,63255,1733567,3211,507,3990,-2852,-222,-98,-160,480,113,15600,0.5112,forrageando
37,1705061400,63229,1733555,621,2366,3928,-3043,631,-317,273,82,-264,49098,0.383,forrageando
37,1705061700,63259,1733529,769,2278,3903,4493,-359,-989,-5,-156,344,3223,0.4364,forrageando
37,1705062000,63255,1733452,1128,2272,3909,-1340,321,7,-543,-300,345,47022,0.5777,forrageando
37,1705062300,63263,1733449,2254,432,3909,5471,-470,355,-685,-1060,241,64565,0.5824,forrageando
37,1705062600,63277,1733454,1030,2261,3992,-717,-2973,-1460,92,20,-336,43982,0.405,forrageando
37,1705062900,63362,1733428,1897,2168,3982,3209,1680,-1726,-655,751,415,16443,0.4347,forrageando
37,1705063200,63383,1733458,531,2378,3908,-3136,-2573,-1340,-764,-15,497,57668,0.4455,forrageando
37,1705063500,63295,1733483,1528,2223,3901,-1840,74,-401,61,-104,-148,21192,0.3743,forrageando
37,1705063800,63258,1733534,1542,2111,3986,2073,2871,-1833,-92,-93,-48,4804,0.4818,forrageando
37,1705064100,63229,1733468,1195,2276,3908,-606,-1144,-1479,51,-219,337,24551,0.408,forrageando
37,1705064400,63118,1733480,710,2306,3936,-550,1753,-384,-226,226,-349,64835,0.3174,forrageando
37,1705064700,63039,1733319,1721,2052,3909,2015,-210,-1283,-417,1655,814,43474,0.386,forrageando
37,1705065000,63072,1733294,1975,2101,3922,572,-804,167,230,165,-299,1680,0.3528,forrageando
37,1705065300,63073,1733375,1617,2158,3916,-2390,-1186,-1322,577,157,385,35911,0.4135,forrageando
37,1705065600,63151,1733404,1957,2131,3907,-1979,1477,-1460,-193,-472,-220,64716,0.4021,forrageando
37,1705065900,63062,1733465,2654,469,3902,-1216,492,-627,652,-404,-471,15767,0.3962,forrageando
37,1705066200,63023,1733488,1200,2286,3973,-913,808,1487,106,156,-491,63211,0.4048,forrageando
37,1705066500,63060,1733562,1662,2209,3929,1863,463,-2178,471,206,303,30152,0.4023,forrageando
37,1705066800,63026,1733504,1993,1999,3934,2087,3187,-1416,536,-258,82,31215,0.3579,forrageando
37,1705067100,63011,1733530,2563,473,3911,3922,-964,-1053,25,-389,146,45972,0.3886,forrageando
37,1705067400,63157,1733509,1052,2294,3965,367,-5467,-1370,-135,-360,-393,20106,0.2599,forrageando
37,1705067700,63215,1733480,1657,2214,3921,-2657,-1100,-3071,190,-369,-41,13510,0.3689,forrageando
37,1705068000,63149,1733390,729,2335,3911,2676,-2010,-1493,-130,75,295,50685,0.4159,forrageando
37,1705068300,63116,1733443,1170,2298,3959,172,332,-1521,-1014,-774,568,16128,0.3389,forrageando
37,1705068600,63085,1733468,1614,2143,3988,-1352,483,-2299,115,-390,1,55335,0.3156,forrageando
37,1705068900,63062,1733493,1294,2227,3913,-3710,-579,-446,6,279,151,7588,0.3472,forrageando
37,1705069200,63095,1733534,2504,394,3984,-763,822,1023,269,62,-159,19514,0.4947,forrageando
37,1705069500,63071,1733483,2207,501,3991,-260,2029,-1611,473,872,-542,24244,0.4455,forrageando
37,1705069800,62975,1733361,1746,2203,3925,1563,1235,580,-489,95,-328,55021,0.4093,forrageando
37,1705070100,62997,1733349,2489,428,3907,1586,2221,392,-387,690,-159,7625,0.3919,forrageando
37,1705070400,62911,1733313,1074,2246,3912,-2643,3011,-1424,303,103,43,60373,0.4345,forrageando
37,1705070700,62950,1733300,1354,2290,3952,2836,-530,699,-284,-161,-381,47859,0.2561,forrageando
37,1705071000,62920,1733382,3436,608,3956,-1435,-2073,-189,1048,-535,549,3145,0.3615,forrageando
37,1705071300,62996,1733472,2200,423,3983,-1792,1424,-1344,-499,129,-76,46388,0.3515,forrageando
37,1705071600,62959,1733480,1570,2191,3927,481,-1360,-1132,-238,392,305,14676,0.2644,forrageando
37,1705071900,63012,1733438,3145,551,3945,-1891,-2097,-156,332,-412,151,62729,0.4277,forrageando
37,1705072200,62992,1733419,2478,373,3924,627,-26,-271,61,-34,-517,15819,0.4857,forrageando
37,1705072500,62964,1733414,1333,2276,3939,985,2647,-1387,-532,281,-335,32397,0.4619,forrageando
37,1705072800,62992,1733368,1828,2224,3959,-4405,866,-272,576,-566,126,12874,0.3653,forrageando
37,1705073100,62963,1733343,1749,2077,3987,-287,-1642,-1173,-19,64,137,60361,0.4123,forrageando
37,1705073400,63092,1733275,803,2290,3914,2174,1182,-1294,541,97,46,59388,0.3393,forrageando
37,1705073700,62953,1733325,1816,2114,3974,175,106,-330,-713,-95,519,32245,0.2241,forrageando
37,1705074000,62857,1733407,1543,2193,3907,-3484,661,-1110,201,-634,396,16992,0.2325,forrageando
37,1705074300,62850,1733241,1759,2117,3931,-2811,-2962,-2208,-987,1130,352,63542,0.324,forrageando
37,1705074600,62921,1733095,2981,610,3927,-873,-1770,-879,360,354,193,47437,0.3405,forrageando
37,1705074900,63015,1733018,1481,2174,3930,2561,-4526,-161,-232,-415,20,53977,0.3238,forrageando
37,1705075200,62925,1733038,1251,2368,3931,-1462,405,496,-104,28,-386,22687,0.2603,forrageando
37,1705075500,62979,1733075,3181,544,3909,2487,-901,-789,267,619,130,8236,0.2906,forrageando
37,1705075800,62961,1733229,2855,481,3930,2787,578,4,-304,1100,467,39127,0.363,forrageando
37,1705076100,62988,1733208,2464,470,3923,2171,-1161,-598,518,-388,-115,38662,0.3875,forrageando
37,1705076400,62982,1733296,1249,2297,3922,-2570,-478,-283,-364,905,-485,57760,0.2853,forrageando
37,1705076700,63031,1733475,512,2361,3926,-821,-1955,-1404,-173,767,279,45103,0.4323,forrageando
37,1705077000,63099,1733399,1656,2172,3955,-432,-2031,-1909,-326,276,416,53660,0.238,forrageando
37,1705077300,63172,1733290,1670,2090,3930,-366,1933,-959,-56,-234,80,8098,0.4976,forrageando
37,1705077600,63295,1733344,1265,2330,3906,-2327,-470,-613,442,-656,214,62205,0.2641,forrageando
37,1705077900,63324,1733289,2289,327,3991,550,-1958,-256,119,112,-721,23795,0.2777,forrageando
37,1705078200,63487,1733377,970,2320,3930,-1273,-448,-207,-870,-102,221,19372,0.3626,forrageando
37,1705078500,63487,1733342,2024,419,3938,-311,1181,-1070,611,376,159,34015,0.3356,forrageando
37,1705078800,63642,1733379,1782,2045,3984,1019,325,-1204,-982,553,-79,35390,0.2426,forrageando
37,1705079100,63443,1733421,1458,2224,3916,-3554,2850,-1291,125,-496,248,28468,0.3195,forrageando
37,1705079400,63369,1733374,3473,625,3933,-4915,-4904,-262,239,310,-147,55717,0.2708,forrageando
37,1705079700,63342,1733356,2005,395,3931,1359,3374,-2485,630,444,-124,38618,0.3205,forrageando
37,1705080000,63369,1733311,1491,2136,3956,180,-887,-463,966,384,-193,44318,0.3822,forrageando
37,1705080300,63336,1733358,2646,462,3916,-1577,-2916,-1675,-198,-401,-81,57998,0.3416,forrageando
37,1705080600,63376,1733466,2045,329,3954,927,607,-1815,275,-443,-493,3305,0.3152,forrageando
37,1705080900,63456,1733306,1012,2249,3989,-241,461,-834,661,378,1041,28510,0.3027,forrageando
37,1705081200,63479,1733365,661,2355,3991,2590,-1937,315,-135,-1370,45,3603,0.3486,forrageando
37,1705081500,63527,1733194,1637,2163,3916,2975,2079,-292,124,-43,-76,1955,0.3418,forrageando
37,1705081800,63480,1733246,2165,443,3908,-667,-2297,301,850,-278,-443,12370,0.3012,forrageando
37,1705082100,63537,1733273,1263,2276,3962,-657,-25,569,-289,265,465,61370,0.2021,forrageando
37,1705082400,63649,1733409,728,2355,3917,-3144,-960,-2089,-608,604,51,51880,0.3994,forrageando
37,1705082700,63612,1733428,2896,524,3977,-401,2613,-137,535,78,426,11026,0.2634,forrageando
37,1705083000,63699,1733548,2746,572,3899,-1442,2490,-1481,-310,180,211,44287,0.3038,forrageando
37,1705083300,63549,1733441,3179,418,3918,-1267,-1066,-834,-738,-2,409,61093,0.3236,forrageando
37,1705083600,63456,1733364,1853,2101,3903,443,-334,-2654,20,-50,180,58873,0.2643,forrageando
37,1705083900,63559,1733312,1182,2364,3935,-29,-2036,-1431,451,-155,-97,55510,0.2754,forrageando
37,1705084200,63365,1733336,2450,386,3963,1923,-1272,743,-898,-691,489,61561,0.2666,forrageando
37,1705084500,63425,1733327,1324,2230,3919,3684,-2408,-985,-409,-1127,554,20418,0.2194,forrageando
37,1705084800,63425,1733285,2752,449,3981,-757,-612,1210,-428,365,-113,22606,0.4429,forrageando
37,1705085100,63438,1733321,465,2488,3920,-1065,-537,16,44,-515,148,51442,0.2858,forrageando
37,1705085400,63576,1733336,865,2348,3948,175,834,-769,-45,-604,1,34470,0.3597,forrageando
37,1705085700,63532,1733372,1207,2216,3948,3030,4962,-1662,70,-550,-100,35002,0.2783,forrageando
37,1705086000,63425,1733444,2373,416,3935,-4359,-1174,-2596,-317,256,165,63389,0.3623,forrageando
37,1705086300,63422,1733507,656,2438,3947,-346,3094,0,784,531,-81,56243,0.3864,forrageando
37,1705086600,63477,1733594,2141,387,3961,231,3901,-1947,-567,685,7,33109,0.278,forrageando
37,1705086900,63501,1733708,2569,1902,3913,-732,-855,-973,-100,-43,-26,31435,0.2594,busca
37,1705087200,63569,1733555,2302,2070,3946,1438,-211,-320,-86,312,-74,7048,0.2885,busca
37,1705087500,63505,1733698,1394,2251,3938,941,-1103,-1292,-13,5,15,9376,0.2672,busca
37,1705087800,63625,1733659,2702,1998,3926,978,1314,-741,-120,65,124,33046,0.3675,busca
37,1705088100,63759,1733675,4407,1596,3916,2757,-207,-1107,-236,249,104,12053,0.4434,busca
37,1705088400,63851,1733666,3421,1838,3905,1411,1124,-955,402,-34,-244,30532,0.2922,busca
37,1705088700,63798,1733716,911,2359,3919,-848,1004,52,-117,-38,92,37273,0.2875,busca
37,1705089000,63912,1733661,1401,2193,3958,-713,423,-1126,-350,96,-153,46623,0.2614,busca
37,1705089300,63826,1733743,3223,1713,3963,71,-271,-795,106,-252,-52,51011,0.3152,busca
37,1705089600,63763,1733678,1379,2232,3907,389,-836,-970,-285,-64,288,13064,0.2984,busca
37,1705089900,63829,1733703,3409,1877,3902,182,275,87,-133,-68,-96,14509,0.2954,busca
37,1705090200,63952,1733762,2857,1864,3903,1750,-306,-178,138,204,21,60573,0.2293,busca
37,1705090500,63851,1733882,3193,1857,3981,500,-169,-1637,168,127,-214,29822,0.4036,busca
37,1705090800,63864,1733942,2011,2103,3953,2036,-1566,-761,31,39,-69,14154,0.4409,busca
37,1705091100,63857,1734018,4138,1702,3976,2538,-410,-102,-95,55,14,54614,0.2938,busca
37,1705091400,63746,1734033,1106,2275,3917,2649,1442,-958,-119,183,36,23166,0.2226,busca
37,1705091700,63887,1734082,2689,1918,3980,-338,-786,219,-133,64,-63,11578,0.3399,busca
37,1705092000,63975,1734212,1006,2308,3952,2173,-1259,-748,-8,42,0,47118,0.3384,busca
37,1705092300,63971,1734144,3405,1898,3982,1335,663,-44,227,-201,-164,55533,0.494,busca
37,1705092600,64047,1734193,208,2522,3952,911,0,100,118,-69,-97,48286,0.3151,transitando
37,1705092900,64163,1734238,56,2466,3977,1132,37,222,95,-72,-65,28959,0.2933,transitando
37,1705093200,64121,1734124,91,2528,3927,767,111,-294,-69,94,30,28379,0.3556,transitando
37,1705093500,64098,1734033,97,2533,3985,918,-316,98,-55,-75,-4,19098,0.3386,transitando
37,1705093800,64151,1734164,233,2477,3928,1156,12,117,-45,88,31,52235,0.3173,transitando
37,1705094100,64094,1734296,176,2486,3992,1222,476,-48,-5,152,-21,14927,0.256,transitando
37,1705094400,64203,1734202,438,2572,3971,1317,-403,324,-70,35,2,7208,0.3795,transitando
37,1705094700,64175,1734254,150,2537,3922,1047,-152,-11,-8,133,92,5956,0.2255,transitando
37,1705095000,64291,1734310,294,2538,3958,1308,-189,-135,-237,-8,-37,38368,0.2481,transitando
37,1705095300,64153,1734285,129,2400,3970,1200,-40,46,252,-3,12,48788,0.2537,transitando
37,1705095600,64277,1734266,363,2466,3945,1558,134,97,-32,-95,47,34112,0.2596,transitando
37,1705095900,64202,1734177,473,2445,3967,999,-128,53,5,-122,32,14288,0.2713,transitando
37,1705096200,64291,1734255,72,2440,3921,452,-306,-46,18,151,-20,29517,0.385,transitando
37,1705096500,64256,1734359,51,2476,3966,476,-347,-393,119,34,49,46838,0.4049,transitando
37,1705096800,64173,1734341,457,2395,3902,1464,-388,-150,58,-27,15,47278,0.3412,transitando
37,1705097100,64111,1734407,497,2425,3942,1619,276,-156,41,109,32,1295,0.4219,transitando
37,1705097400,64197,1734401,61,2499,3973,303,-62,160,111,113,12,937,0.4126,transitando
37,1705097700,64141,1734400,149,2452,3923,566,417,-111,96,-83,-29,7487,0.3473,transitando
37,1705098000,64262,1734357,147,2435,3902,310,-513,233,-89,-60,48,35173,0.2754,transitando
37,1705098300,64160,1734299,334,2411,3968,1252,77,28,59,-7,29,5472,0.3356,transitando
37,1705098600,64108,1734190,463,2418,3898,803,-274,-124,-214,-30,0,60166,0.4741,transitando
37,1705098900,64235,1734170,196,2396,3937,1186,-189,137,-54,-45,-10,50019,0.3577,transitando
37,1705099200,64273,1734241,403,2423,3954,750,340,-138,-176,-50,39,34548,0.5957,transitando
37,1705099500,64260,1734256,409,2522,3951,-397,53,89,96,55,11,10739,0.3158,transitando
37,1705099800,64392,1734195,365,2417,3944,1257,-457,-413,-37,-19,21,63616,0.2637,transitando
37,1705100100,64518,1734185,87,2518,3962,1380,-688,-132,242,85,-43,23790,0.3527,transitando
37,1705100400,64464,1734107,317,2404,3933,1695,-382,241,22,15,2,9995,0.2934,transitando
37,1705100700,64553,1734136,420,2520,3903,469,17,24,-4,82,19,33437,0.3529,transitando
37,1705101000,64510,1734055,211,2486,3993,435,11,-122,-3,-72,18,8657,0.5147,transitando
37,1705101300,64509,1734029,141,2489,3903,585,59,299,3,122,105,57020,0.3063,transitando
37,1705101600,64411,1733973,485,2421,3992,1624,-316,-265,86,14,-33,29755,0.4089,transitando
37,1705101900,64455,1733944,208,2474,3921,592,-87,-244,83,-183,-79,33442,0.2311,transitando
37,1705102200,64379,1734059,386,2380,3989,1057,596,48,0,35,-104,32517,0.3788,transitando
37,1705102500,64446,1733996,143,2516,3942,1281,164,-240,35,103,-24,42244,0.4465,transitando
37,1705102800,64463,1733921,222,2508,3905,516,38,-143,86,-96,99,6721,0.3368,transitando
37,1705103100,64367,1733937,155,2474,3904,766,280,261,-38,-14,5,41666,0.402,transitando
37,1705103400,64395,1733983,438,2393,3970,1256,-72,-356,-188,-76,7,14093,0.3021,transitando
37,1705103700,64521,1733929,439,2308,3941,140,-691,388,-95,-102,2,26700,0.3873,transitando
37,1705104000,64547,1733870,79,2518,3934,1263,-147,204,186,36,-72,12397,0.2558,transitando
37,1705104300,64452,1733904,472,2399,3958,1050,159,-228,79,-201,-4,57048,0.4617,transitando
37,1705104600,64509,1733863,251,2398,3916,966,-196,-44,-57,157,-60,50031,0.3596,transitando
37,1705104900,64533,1733794,226,2415,3956,-499,177,-250,-213,-33,-11,59129,0.4032,transitando
37,1705105200,64609,1733896,181,2492,3977,929,-329,146,100,52,1,35833,0.3904,transitando
37,1705105500,64563,1733856,468,2378,3994,-41,-41,-360,-170,14,-53,7521,0.3402,transitando
37,1705105800,64460,1733985,84,2479,3899,1068,-489,-273,-96,275,87,48627,0.461,transitando
37,1705106100,64433,1734039,220,2458,3980,585,37,-19,-157,-14,-65,43373,0.4764,transitando
37,1705106400,64493,1734115,456,2387,3942,1196,-127,-128,8,-51,86,21685,0.356,transitando
37,1705106700,64575,1734031,466,2398,3995,1895,-398,-43,70,-31,-40,59145,0.477,transitando
37,1705107000,64605,1734082,486,2417,3975,1429,153,290,-53,76,-22,62483,0.4255,transitando
37,1705107300,64584,1734124,88,2475,3971,982,-361,-150,171,-165,-64,17097,0.4358,transitando
37,1705107600,64572,1734214,415,2457,3970,1902,7,-90,186,-4,27,11945,0.4895,transitando
37,1705107900,64625,1734255,254,2501,3942,493,-80,-127,-48,-43,27,25573,0.2812,transitando
37,1705108200,64487,1734264,404,2386,3954,1184,460,329,-162,24,-34,53238,0.2394,transitando
37,1705108500,64387,1734313,192,2349,3958,974,15,-41,-112,-137,-53,31678,0.3815,transitando
37,1705108800,64444,1734347,200,2410,3936,1080,90,189,-149,67,103,61082,0.2561,transitando
37,1705109100,64329,1734421,195,2398,3996,1019,83,-178,72,28,-21,52616,0.438,transitando
37,1705109400,64429,1734447,348,2561,3983,653,-347,139,178,48,-50,46556,0.3053,transitando
37,1705109700,64327,1734447,410,2429,3929,920,112,225,-191,26,4,56206,0.3616,transitando
37,1705110000,64340,1734391,219,2492,3925,516,-376,-19,-14,124,44,20291,0.4477,transitando
37,1705110300,64449,1734413,380,2393,3912,1328,-689,231,106,90,51,3736,0.5391,transitando
37,1705110600,64433,1734406,410,2498,3943,604,-228,-50,150,-111,8,39079,0.3917,transitando
37,1705110900,64501,1734418,88,2397,3978,46,190,11,-192,0,-6,57140,0.3195,transitando
37,1705111200,64483,1734287,499,2414,3925,1692,-71,107,-6,88,-10,43419,0.3057,transitando
37,1705111500,64562,1734376,125,2492,3937,1533,-293,-32,31,-77,49,5257,0.4047,transitando
37,1705111800,64552,1734443,98,2423,3957,1939,9,185,-12,26,60,53974,0.3927,transitando
37,1705112100,64507,1734485,247,2410,3919,1028,-545,-92,39,106,0,35692,0.4524,transitando
37,1705112400,64485,1734389,320,2386,3960,839,119,-150,174,-23,79,34567,0.333,transitando
37,1705112700,64568,1734342,448,2347,3923,985,154,-236,-13,168,54,9978,0.356,transitando
37,1705113000,64541,1734216,444,2390,3996,1315,580,-123,2,-15,26,38246,0.4734,transitando
37,1705113300,64454,1734246,112,2496,3913,1374,-18,145,-104,-78,-128,4851,0.4201,transitando
37,1705113600,64488,1734316,278,2454,3930,1409,74,-56,-38,119,-33,6410,0.4734,transitando
37,1705113900,64464,1734283,168,2425,3939,1553,-636,4,-70,-107,-43,8332,0.4196,transitando
37,1705114200,64483,1734236,204,2542,3981,240,-233,-173,20,-211,-70,11647,0.4648,transitando
37,1705114500,64513,1734336,105,2456,3967,1525,-201,-70,-107,182,-1,21808,0.3857,transitando
38,1705028400,221504,1448330,1164,2307,3996,411,-809,-554,-52,-14,8,43513,0.404,busca
38,1705028700,221550,1448288,1335,2192,3911,2568,-1101,-1592,54,-164,91,6649,0.4112,busca
38,1705029000,221613,1448286,276,2456,3900,1311,-131,-21,32,12,-47,48008,0.3364,transitando
38,1705029300,221699,1448169,346,2532,3969,1405,-546,-93,-44,33,-7,40383,0.3524,transitando
38,1705029600,221749,1448192,332,2474,3922,249,-87,266,-63,47,-11,58134,0.3337,transitando
38,1705029900,221855,1448228,468,2335,3965,1128,144,-35,178,-71,21,43110,0.3251,transitando
38,1705030200,221882,1448399,495,2452,3976,881,-622,-74,38,-6,9,5584,0.3194,transitando
38,1705030500,221936,1448530,188,2466,3920,884,1,-77,15,23,-6,27550,0.3205,transitando
38,1705030800,221832,1448510,240,2470,3991,1435,-71,-202,-81,47,16,54693,0.3644,transitando
38,1705031100,221875,1448564,474,2249,3925,255,0,185,168,61,11,38364,0.4117,transitando
38,1705031400,221774,1448541,265,2415,3990,1068,611,49,-28,88,-59,27264,0.3457,transitando
38,1705031700,221738,1448688,157,2381,3921,1249,195,-231,118,-12,-67,20929,0.4329,transitando
38,1705032000,221741,1448745,208,2370,3974,354,-6,174,43,16,0,60281,0.4115,transitando
38,1705032300,221668,1448697,276,2424,3946,1260,42,-559,45,-142,-1,43361,0.48,transitando
38,1705032600,221652,1448781,153,2428,3904,372,50,31,-72,8,11,59712,0.4189,transitando
38,1705032900,221753,1448749,423,2408,3955,1965,172,-103,-20,59,-71,1747,0.3553,transitando
38,1705033200,221736,1448860,414,2446,3978,760,-119,99,89,-50,64,21076,0.4075,transitando
38,1705033500,221736,1448984,299,2432,3904,781,242,-182,141,191,-12,36605,0.4528,transitando
38,1705033800,221769,1449049,445,2402,3956,334,224,-94,31,-25,23,31573,0.5189,transitando
38,1705034100,221761,1449093,230,2459,3954,111,83,272,70,25,24,14260,0.487,transitando
38,1705034400,221770,1449027,215,2448,3976,821,-406,435,-175,-65,-4,29015,0.5548,transitando
38,1705034700,221777,1449010,145,2407,3972,1020,-181,126,-127,-119,-10,64338,0.4546,transitando
38,1705035000,221729,1448927,395,2448,3958,1107,44,242,81,-83,-21,24529,0.4631,transitando
38,1705035300,221655,1448831,176,2418,3974,855,-215,-279,-91,-62,-6,35513,0.4722,transitando
38,1705035600,221677,1448764,400,2468,3958,1093,440,-27,-59,-236,6,29259,0.5202,transitando
38,1705035900,221721,1448742,135,2559,3948,613,-461,236,130,-65,-8,46562,0.3919,transitando
38,1705036200,221672,1448758,174,2462,3898,1257,572,89,3,28,24,59658,0.4665,transitando
38,1705036500,221691,1448848,60,2446,3909,503,-246,-266,-48,132,3,3926,0.3963,transitando
38,1705036800,221734,1448928,188,2381,3919,1245,222,-444,-93,156,-21,65185,0.3854,transitando
38,1705037100,221671,1448967,132,2440,3925,104,48,197,-118,50,-77,57413,0.4533,transitando
38,1705037400,221636,1449036,181,2422,3937,548,119,-214,-160,-154,-32,27014,0.42,transitando
38,1705037700,221709,1448996,265,2498,3996,412,209,237,24,33,-45,13667,0.4453,transitando
38,1705038000,221693,1449087,490,2412,3992,1354,304,-139,-141,-56,92,2330,0.5447,transitando
38,1705038300,221679,1449129,162,2519,3955,1545,-40,-76,24,60,-1,38398,0.5303,transitando
38,1705038600,221701,1449095,358,2473,3904,1346,-473,441,-133,-128,0,45782,0.3661,transitando
38,1705038900,221705,1448987,137,2458,3957,1554,-84,102,69,22,-5,40597,0.4429,transitando
38,1705039200,221744,1449057,483,2407,3990,347,22,378,154,-8,-12,10226,0.399,transitando
38,1705039500,221789,1449064,217,2456,3908,332,-76,144,39,-11,-75,43175,0.4984,transitando
38,1705039800,221786,1449009,298,2360,3950,750,184,-220,-7,24,1,38451,0.4958,transitando
38,1705040100,221738,1449081,241,2531,3958,930,-440,-54,25,-52,-10,19610,0.5673,transitando
38,1705040400,221726,1449031,406,2440,3939,1420,139,14,-206,23,7,42022,0.5242,transitando
38,1705040700,221749,1448999,445,2413,3992,1465,13,1,30,-149,20,20848,0.4996,transitando
38,1705041000,221795,1448930,78,2568,3963,782,-50,-120,116,-50,-61,21159,0.3784,transitando
38,1705041300,221760,1448835,352,2437,3909,1353,708,50,-25,-85,15,43805,0.3954,transitando
38,1705041600,221828,1448759,114,2508,3923,1106,-95,-26,-51,-201,23,65113,0.5626,transitando
38,1705041900,221794,1448734,459,2517,3975,946,-209,-48,166,-89,39,1004,0.4089,transitando
38,1705042200,221753,1448647,230,2591,3951,900,-307,161,-58,26,26,31674,0.4797,transitando
38,1705042500,221803,1448580,69,2526,3993,1236,-32,296,274,35,52,1994,0.5251,transitando
38,1705042800,221818,1448604,146,2520,3960,1684,-359,196,114,-55,43,40591,0.4809,transitando
38,1705043100,221751,1448661,148,2434,3970,911,92,-163,-91,-165,20,29525,0.4629,transitando
38,1705043400,221810,1448646,351,2408,3970,1135,588,-46,77,48,4,11179,0.4394,transitando
38,1705043700,221769,1448587,424,2449,3902,576,82,131,-87,-133,69,26216,0.5229,transitando
38,1705044000,221735,1448620,261,2452,3967,320,-88,155,-65,128,65,13199,0.4958,transitando
38,1705044300,221670,1448662,402,2357,3931,1577,-122,-200,-103,68,6,55562,0.3033,transitando
38,1705044600,221794,1448653,323,2362,3899,1637,57,338,-54,-117,18,43806,0.6077,transitando
38,1705044900,221804,1448636,314,2412,3964,879,145,256,-143,88,72,56771,0.4708,transitando
38,1705045200,221847,1448664,72,2488,3919,1059,460,2,105,35,33,41524,0.4956,transitando
38,1705045500,221896,1448547,471,2372,3989,816,-19,-40,121,-116,26,41973,0.4835,transitando
38,1705045800,221956,1448584,421,2400,3917,2104,105,-188,16,-259,-76,43273,0.4021,transitando
38,1705046100,222022,1448639,327,2443,3991,1144,-113,363,28,21,-63,60085,0.5822,transitando
38,1705046400,221997,1448614,356,2399,3922,1053,-194,151,-136,-31,-61,42796,0.6192,transitando
38,1705046700,222018,1448581,370,2456,3952,1414,-221,-206,32,-64,4,14371,0.5423,transitando
38,1705047000,222005,1448566,426,2476,3919,1807,179,-250,-82,87,2,37661,0.6154,transitando
38,1705047300,221977,1448570,409,2414,3934,972,736,-185,-46,-34,-106,18867,0.6568,transitando
38,1705047600,221990,1448555,70,2545,3958,1182,-83,145,-46,77,-60,28248,0.4859,transitando
38,1705047900,221919,1448605,261,2487,3933,945,577,-76,-147,-27,-25,57111,0.5843,transitando
38,1705048200,221911,1448621,367,2390,3911,1243,-105,-178,33,-58,-38,38846,0.6588,transitando
38,1705048500,221906,1448641,200,2477,3974,496,-667,189,-86,140,-15,44477,0.5615,transitando
38,1705048800,221863,1448619,269,2500,3945,643,60,-104,63,254,-20,25710,0.6645,transitando
38,1705049100,221846,1448625,160,2471,3929,1782,5,-157,-133,79,-38,16288,0.5766,transitando
38,1705049400,221857,1448650,443,2389,3984,1084,225,-271,-185,-204,-5,27838,0.5441,transitando
38,1705049700,221828,1448680,354,2451,3933,1844,49,130,-39,29,27,18941,0.4807,transitando
38,1705050000,221791,1448628,448,2415,3934,1343,-40,216,-131,80,11,40421,0.735,transitando
38,1705050300,221836,1448599,207,2415,3955,251,595,-289,-100,112,-85,14469,0.7045,transitando
38,1705050600,221866,1448611,1315,2264,3935,1059,475,-649,-194,-207,105,38816,0.5796,busca
38,1705050900,221884,1448612,1370,2229,3979,791,-697,-575,-86,67,-49,53783,0.5458,busca
38,1705051200,221877,1448619,1668,2181,3901,1128,1777,-1030,-105,-356,-86,62249,0.6247,busca
38,1705051500,221882,1448585,1408,2217,3964,-519,34,-665,-115,12,37,53291,0.5218,busca
38,1705051800,221900,1448576,3447,1863,3992,1504,-596,-484,-59,51,-56,44443,0.5269,busca
38,1705052100,221916,1448610,2135,1998,3957,-488,821,-851,199,-8,-86,61410,0.6048,busca
38,1705052400,221881,1448632,2646,1829,3963,1108,529,235,182,-69,-376,36234,0.7192,busca
38,1705052700,221862,1448617,2615,1975,3965,830,-258,-37,168,-154,-342,6790,0.5735,busca
38,1705053000,221853,1448646,2884,1928,3991,1224,-49,-859,69,-343,339,31335,0.5135,busca
38,1705053300,221865,1448673,1016,2362,3957,120,-911,-1224,-36,119,-201,28860,0.5521,busca
38,1705053600,221873,1448692,1279,2235,3911,-138,-505,-646,-93,211,160,49628,0.4126,busca
38,1705053900,221797,1448636,1913,2126,3903,2132,528,-956,-3,284,94,42014,0.4214,busca
38,1705054200,221693,1448591,2763,1928,3968,1559,96,-101,-259,164,-130,29687,0.5288,busca
38,1705054500,221688,1448577,1545,2172,3899,3424,398,32,-21,70,87,17144,0.6168,busca
38,1705054800,221685,1448528,2486,1919,3962,-134,-727,-44,248,200,-160,49778,0.5338,busca
38,1705055100,221666,1448532,3098,1829,3902,1501,-78,-1038,298,-17,-7,19655,0.6269,busca
38,1705055400,221680,1448513,2192,2094,3964,734,-1363,489,118,156,105,55024,0.3624,busca
38,1705055700,221683,1448587,1364,2246,3937,357,263,-463,231,69,94,41274,0.4258,busca
38,1705056000,221716,1448654,1384,2300,3944,-86,-2570,-916,100,-234,199,46283,0.6441,forrageando
38,1705056300,221717,1448665,2424,471,3927,-3302,1277,765,358,141,272,8695,0.6354,forrageando
38,1705056600,221734,1448680,2382,455,3967,-1738,36,-352,138,276,-86,39001,0.6025,forrageando
38,1705056900,221714,1448693,584,2405,3900,-925,-237,346,-359,405,-53,30082,0.5268,forrageando
38,1705057200,221727,1448707,2685,461,3903,-181,247,-1179,-462,-233,60,33755,0.5703,forrageando
38,1705057500,221757,1448726,2766,510,3949,340,1582,300,459,181,-222,50180,0.631,forrageando
38,1705057800,221764,1448755,2513,422,3934,-3483,1748,-796,831,103,477,43546,0.4418,forrageando
38,1705058100,221848,1448630,2638,465,3955,2,99,-123,1055,-372,-667,48914,0.5387,forrageando
38,1705058400,221859,1448645,1310,2193,3965,3323,2477,-66,-97,-264,-117,31250,0.5759,forrageando
38,1705058700,221822,1448673,1504,2170,3923,799,-492,-1349,-162,39,369,56816,0.5685,forrageando
38,1705059000,221812,1448714,1907,2035,3943,-2113,-404,-1373,-47,177,-400,32627,0.5592,forrageando
38,1705059300,221777,1448726,2030,410,3963,-577,-3110,-1422,-296,-434,-310,23749,0.4996,forrageando
38,1705059600,221794,1448691,1591,2043,3951,-1424,-379,-1343,555,282,82,7271,0.5574,forrageando
38,1705059900,221794,1448661,732,2445,3910,1456,687,-1038,-162,-379,-12,42336,0.6263,forrageando
38,1705060200,221788,1448684,1474,2235,3944,-132,317,-1458,-223,-682,-765,51307,0.4692,forrageando
38,1705060500,221816,1448695,1918,2119,3920,2288,-1998,-1321,-206,943,16,16461,0.5077,forrageando
38,1705060800,221805,1448701,928,2242,3994,-2110,149,-3148,-1013,674,238,33147,0.5097,forrageando
38,1705061100,221844,1448703,2368,486,3965,-376,-941,1254,-824,-784,242,18309,0.3847,forrageando
38,1705061400,221782,1448663,1816,2077,3926,134,926,-4366,1067,665,-135,37651,0.4374,forrageando
38,1705061700,221762,1448727,1637,2092,3907,-903,690,354,-290,849,-128,11317,0.4543,forrageando
38,1705062000,221732,1448774,2148,515,3933,2705,732,-422,367,-88,137,13535,0.4514,forrageando
38,1705062300,221870,1448768,2044,431,3901,-892,-404,-560,287,-505,-20,30706,0.4071,forrageando
38,1705062600,221905,1448718,1838,2159,3933,2906,2701,152,211,232,4,27357,0.3804,forrageando
38,1705062900,221975,1448688,1950,2097,3971,2322,-2434,-813,-216,-1388,-314,13477,0.517,forrageando
38,1705063200,221958,1448720,2198,398,3923,153,-365,-1163,57,288,-127,61933,0.6665,forrageando
38,1705063500,221927,1448739,1195,2322,3980,-2416,544,183,-112,-1052,-49,39622,0.5038,forrageando
38,1705063800,221957,1448688,613,2349,3936,-496,3544,-2119,-411,-947,216,42263,0.4528,forrageando
38,1705064100,221951,1448605,558,2327,3906,-1535,-103,570,-209,-121,-144,14236,0.4889,forrageando
38,1705064400,222083,1448601,2441,473,3988,585,4064,-1915,878,-115,-68,29930,0.4917,forrageando
38,1705064700,222039,1448550,1781,2196,3931,701,-1506,-1829,-974,170,33,5260,0.2847,forrageando
38,1705065000,222204,1448633,2509,409,3983,-1276,-941,-1026,188,61,-372,48034,0.4,forrageando
38,1705065300,222227,1448666,2603,1897,3990,1973,61,-446,-59,217,-279,34431,0.337,busca
38,1705065600,222158,1448717,3906,1613,3967,876,155,218,174,-63,125,11578,0.4061,busca
38,1705065900,222096,1448711,3286,1775,3971,-339,-418,-360,-97,149,76,61532,0.4653,busca
38,1705066200,222059,1448596,2194,2016,3936,14,-287,-368,-329,66,-41,28207,0.334,busca
38,1705066500,222201,1448646,3039,1768,3932,578,1586,-583,-185,-53,-184,41898,0.4624,busca
38,1705066800,222138,1448670,3240,1840,3971,479,-228,-241,126,-187,-200,62355,0.475,busca
38,1705067100,222124,1448708,2058,1992,3979,786,-675,-754,-751,-51,-23,9331,0.3753,busca
38,1705067400,222093,1448689,3469,1790,3960,-10,-174,244,344,-141,-91,30544,0.4893,busca
38,1705067700,222051,1448706,2709,1989,3941,326,-352,-167,2,-113,30,5767,0.4061,busca
38,1705068000,222070,1448774,2549,2011,3987,881,65,-1038,268,182,121,61206,0.3978,busca
38,1705068300,222045,1448897,1597,2161,3986,1713,-1179,-232,305,179,-85,25395,0.3667,busca
38,1705068600,222073,1448845,3789,1760,3930,2396,10,-129,111,-293,141,33546,0.4054,busca
38,1705068900,222120,1448879,2567,1973,3943,-91,-82,245,342,152,-133,10485,0.4138,busca
38,1705069200,222183,1448915,1270,2267,3962,350,109,-573,31,-375,-26,57266,0.3579,busca
38,1705069500,222183,1448864,2614,2053,3919,511,756,-761,-110,120,-76,6006,0.3446,busca
38,1705069800,222185,1448785,3909,1729,3948,-796,-2561,-917,-71,51,79,14198,0.3612,busca
38,1705070100,222210,1448744,2337,1992,3994,524,-1523,-220,88,-30,-18,6099,0.3873,busca
38,1705070400,222268,1448706,3453,1808,3954,901,-289,-820,-162,349,175,43524,0.3126,busca
38,1705070700,222185,1448687,3594,1708,3919,657,-724,-608,-600,-286,-238,62290,0.3791,busca
38,1705071000,222164,1448818,1049,2318,3970,547,495,-399,2,170,91,30624,0.4474,busca
38,1705071300,222185,1448729,2733,2035,3937,618,-609,-62,-334,-194,-116,41976,0.4443,busca
38,1705071600,222117,1448694,3619,1810,3915,1237,553,-1457,138,-423,23,25810,0.4529,busca
38,1705071900,222102,1448725,75,2385,3906,1246,-95,172,183,65,64,29353,0.3468,transitando
38,1705072200,222222,1448699,491,2501,3956,1023,-149,315,18,-125,-96,44554,0.3936,transitando
38,1705072500,222263,1448763,368,2417,3929,1481,351,44,105,57,-115,62897,0.3597,transitando
38,1705072800,222232,1448865,241,2420,3995,835,181,-6,30,-191,-27,31485,0.3777,transitando
38,1705073100,222162,1448940,249,2447,3971,1731,-162,123,-81,-82,2,35992,0.458,transitando
38,1705073400,222195,1449028,136,2536,3915,581,-8,-135,-55,-145,27,19365,0.2578,transitando
38,1705073700,222070,1449057,312,2360,3941,508,-367,-237,-185,18,2,44516,0.4156,transitando
38,1705074000,222050,1449151,53,2515,3919,1185,70,201,-84,49,-30,588,0.3542,transitando
38,1705074300,221950,1449122,483,2473,3923,970,-376,130,44,-113,-17,51877,0.263,transitando
38,1705074600,221876,1449257,386,2537,3972,568,536,233,35,51,80,15278,0.2602,transitando
38,1705074900,221952,1449348,317,2418,3978,1156,113,-364,-83,-113,-12,57878,0.2514,transitando
38,1705075200,221979,1449230,72,2453,3909,1304,243,282,106,124,-24,52092,0.3642,transitando
38,1705075500,221980,1449315,136,2363,3970,1057,-807,180,-83,37,108,51314,0.2516,transitando
38,1705075800,221868,1449311,203,2520,3969,548,390,-227,37,155,-26,33605,0.3434,transitando
38,1705076100,221982,1449296,273,2438,3926,1323,78,229,57,-35,-66,11359,0.3073,transitando
38,1705076400,221854,1449296,332,2348,3943,589,318,80,-75,-140,40,13360,0.5078,transitando
38,1705076700,221815,1449284,304,2442,3992,1339,43,-424,13,-313,89,40935,0.4686,transitando
38,1705077000,221801,1449226,339,2446,3902,326,389,-138,22,115,28,26622,0.3408,transitando
38,1705077300,221804,1449103,151,2479,3936,649,-221,230,212,102,69,32805,0.4399,transitando
38,1705077600,221719,1449138,179,2560,3996,1168,117,246,-86,12,-75,10053,0.3383,transitando
38,1705077900,221775,1449209,74,2492,3908,932,105,163,262,-26,17,28429,0.3071,transitando
38,1705078200,221844,1449114,211,2431,3916,1494,687,-369,209,-128,42,53200,0.3147,transitando
38,1705078500,221865,1448988,497,2366,3931,1353,427,-191,195,96,-20,48327,0.2107,transitando
38,1705078800,221931,1448868,212,2478,3994,1145,364,372,-226,221,-2,49943,0.2217,transitando
38,1705079100,221922,1448961,190,2420,3937,1053,-248,31,-96,28,-1,41605,0.3521,transitando
38,1705079400,221857,1448963,145,2441,3984,1180,-371,-7,-110,50,-37,30447,0.2879,transitando
38,1705079700,221912,1449075,87,2474,3926,1283,-253,-59,78,-133,20,61392,0.2678,transitando
38,1705080000,221904,1448936,251,2442,3936,892,53,181,22,18,64,62616,0.2712,transitando
38,1705080300,221767,1448883,316,2454,3907,1226,284,225,-51,107,-7,10748,0.3296,transitando
38,1705080600,221895,1448933,410,2451,3978,800,115,-538,86,111,-5,28109,0.2758,transitando
38,1705080900,222024,1448979,434,2461,3943,1718,74,215,-10,63,-15,1602,0.3897,transitando
38,1705081200,221950,1448926,266,2518,3991,661,66,-208,-200,61,-25,50586,0.2889,transitando
38,1705081500,221855,1448898,73,2464,3976,589,79,66,-121,-64,-69,63941,0.2163,transitando
38,1705081800,221819,1448988,260,2467,3989,1498,321,-166,82,30,18,31717,0.2338,transitando
38,1705082100,221859,1449125,405,2486,3951,1183,248,283,-75,68,29,2005,0.4568,transitando
38,1705082400,221778,1449109,305,2443,3915,920,-466,-31,206,-66,36,43158,0.3442,transitando
38,1705082700,221687,1449168,272,2517,3952,1034,203,-348,11,-106,-1,4182,0.3723,transitando
38,1705083000,221583,1449231,357,2380,3944,1829,14,109,-55,207,-16,4471,0.2913,transitando
38,1705083300,221649,1449115,305,2515,3964,522,77,77,-65,144,-1,39625,0.2746,transitando
38,1705083600,221627,1448967,68,2468,3940,1035,66,309,73,65,-19,50050,0.3916,transitando
38,1705083900,221676,1449053,66,2440,3941,1333,80,-140,143,19,-73,22629,0.3794,transitando
38,1705084200,221639,1449114,351,2374,3908,1091,-481,224,9,-3,-31,31700,0.3061,transitando
38,1705084500,221559,1449214,206,2488,3916,1067,-608,-163,-79,-8,-2,55332,0.2365,transitando
38,1705084800,221674,1449172,293,2400,3898,545,-208,-9,-119,156,35,2792,0.3249,transitando
38,1705085100,221570,1449134,149,2456,3986,1016,49,-282,-123,256,-48,33870,0.2727,transitando
38,1705085400,221448,1449194,413,2443,3951,1083,-39,83,-52,-42,-58,23028,0.2818,transitando
38,1705085700,221375,1449308,268,2376,3901,1119,-169,48,18,-24,114,37122,0.2517,transitando
38,1705086000,221284,1449244,210,2517,3988,-18,-215,-54,-20,-80,0,27523,0.2523,transitando
38,1705086300,221363,1449162,83,2440,3900,1005,-72,25,-118,130,-32,24799,0.3072,transitando
38,1705086600,221397,1449266,210,2403,3928,1428,-308,205,-63,91,-65,18211,0.373,transitando
38,1705086900,221362,1449322,280,2381,3981,710,-180,87,20,-42,-14,58861,0.3247,transitando
38,1705087200,221496,1449342,280,2480,3939,991,80,-133,127,-60,-29,47252,0.3205,transitando
38,1705087500,221526,1449451,233,2495,3984,-144,-152,-1,31,-104,53,2709,0.3006,transitando
38,1705087800,221428,1449543,410,2364,3971,938,466,-237,-4,-22,-35,25944,0.2298,transitando
38,1705088100,221294,1449584,308,2425,3914,472,-107,223,-169,159,29,13569,0.3559,transitando
38,1705088400,221273,1449634,372,2337,3981,1211,-231,-502,-198,172,25,35006,0.334,transitando
38,1705088700,221268,1449768,413,2317,3899,1647,336,-48,-1,-98,58,7454,0.2647,transitando
38,1705089000,221201,1449925,446,2433,3974,1023,163,159,45,5,45,2302,0.454,transitando
38,1705089300,221293,1449889,178,2469,3903,2270,-67,172,-19,-61,-31,38811,0.328,transitando
38,1705089600,221178,1449877,92,2471,3905,1386,-196,109,-85,-60,-2,34780,0.339,transitando
38,1705089900,221067,1449776,199,2507,3977,572,-12,0,65,-51,71,20881,0.2719,transitando
38,1705090200,220912,1449784,198,2393,3949,4,208,246,-129,-26,24,59740,0.4189,transitando
38,1705090500,220922,1449831,348,2356,3918,1175,558,237,157,-25,-15,1111,0.4406,transitando
38,1705090800,220974,1449877,304,2559,3915,1598,-166,83,31,95,-9,3606,0.394,transitando
38,1705091100,221079,1449927,62,2552,3977,1533,-82,-22,-132,160,-13,37529,0.4632,transitando
38,1705091400,220984,1449895,233,2465,3943,228,18,466,136,-85,-33,10753,0.368,transitando
38,1705091700,221088,1449879,62,2492,3938,1074,323,-445,-58,-57,28,51853,0.3625,transitando
38,1705092000,221020,1449826,410,2430,3942,1530,25,306,17,132,31,9260,0.4181,transitando
38,1705092300,221004,1449725,455,2510,3942,1527,86,177,149,-54,29,43374,0.3147,transitando
38,1705092600,220880,1449695,79,2464,3969,231,549,0,-70,-46,16,64038,0.3717,transitando
38,1705092900,220908,1449740,269,2465,3940,-24,3,383,62,-81,-89,61748,0.4358,transitando
38,1705093200,220976,1449774,243,2465,3908,576,-511,146,23,86,-51,29345,0.4411,transitando
38,1705093500,220948,1449737,369,2396,3912,1216,-123,-137,-46,-58,5,62048,0.293,transitando
38,1705093800,221049,1449711,179,2525,3989,39,633,33,-89,4,-34,43187,0.3047,transitando
38,1705094100,221132,1449755,129,2460,3996,-236,-552,-67,-36,-44,74,15755,0.3835,transitando
38,1705094400,221244,1449761,144,2440,3898,1825,401,-209,-52,85,-17,26876,0.3468,transitando
38,1705094700,221166,1449657,400,2417,3934,532,108,137,48,-44,-39,10080,0.3076,transitando
38,1705095000,221045,1449594,82,2444,3979,663,-352,200,120,34,0,52268,0.4783,transitando
38,1705095300,221096,1449674,76,2443,3913,1168,15,-91,-22,-88,26,29163,0.4307,transitando
38,1705095600,221067,1449747,131,2460,3907,1750,-498,-88,31,138,-40,22618,0.4951,transitando
38,1705095900,221029,1449718,65,2453,3914,617,-153,4,-43,-2,33,33545,0.3177,transitando
38,1705096200,220940,1449765,445,2400,3912,753,-81,104,49,19,-30,8455,0.3106,transitando
38,1705096500,220820,1449748,196,2506,3922,1239,294,-442,98,37,12,8779,0.3399,transitando
38,1705096800,220790,1449598,210,2445,3989,932,-265,67,33,-205,-45,57812,0.3642,transitando
38,1705097100,220764,1449489,70,2484,3923,1449,38,58,-71,249,-5,6641,0.4278,transitando
38,1705097400,220808,1449579,378,2422,3907,636,290,149,138,-27,-48,25955,0.4718,transitando
38,1705097700,220877,1449594,304,2460,3934,750,-164,-207,-152,-60,13,63617,0.3708,transitando
38,1705098000,220827,1449475,184,2453,3911,1075,-54,-45,34,62,24,61000,0.4141,transitando
38,1705098300,220760,1449385,175,2406,3909,139,430,-72,-119,86,49,5330,0.3378,transitando
38,1705098600,220908,1449398,348,2321,3966,1288,-14,105,-10,194,-9,49370,0.3744,transitando
38,1705098900,220826,1449406,92,2448,3922,599,188,102,69,46,95,23236,0.4002,transitando
38,1705099200,220744,1449415,166,2411,3976,-66,127,-247,-156,-145,-106,54746,0.3255,transitando
38,1705099500,220784,1449286,327,2406,3921,1465,440,135,-54,-5,34,13178,0.306,transitando
38,1705099800,220769,1449425,342,2403,3902,1586,-368,463,166,39,57,42966,0.25,transitando
38,1705100100,220713,1449321,73,2465,3897,583,368,-66,28,174,9,20114,0.3124,transitando
38,1705100400,220847,1449344,414,2379,3948,915,-183,-568,34,83,17,40691,0.2882,transitando
38,1705100700,220756,1449399,227,2481,3925,802,-72,208,71,24,32,22250,0.3712,transitando
38,1705101000,220796,1449432,229,2513,3985,165,0,-62,212,128,25,6030,0.455,transitando
38,1705101300,220827,1449473,320,2427,3910,1725,-493,19,-51,144,-6,40086,0.3244,transitando
38,1705101600,220736,1449560,87,2554,3964,439,-129,66,126,97,-36,64772,0.3327,transitando
38,1705101900,220725,1449663,127,2385,3904,84,109,399,-53,12,71,34424,0.3644,transitando
38,1705102200,220780,1449708,342,2386,3955,1355,19,-152,-117,-30,-20,43210,0.285,transitando
38,1705102500,220867,1449626,226,2450,3977,1136,-435,273,128,17,36,59885,0.2651,transitando
38,1705102800,220767,1449723,419,2345,3988,863,-468,83,54,96,45,23208,0.4479,transitando
38,1705103100,220720,1449792,304,2461,3957,840,198,29,163,80,-71,6677,0.4798,transitando
38,1705103400,220741,1449875,322,2427,3981,462,-737,59,90,-176,-1,62576,0.3547,transitando
38,1705103700,220702,1449953,253,2417,3900,1181,-229,-81,-59,-135,23,18333,0.382,transitando
38,1705104000,220714,1449859,310,2421,3967,612,739,101,-9,58,-42,58305,0.4101,transitando
38,1705104300,220670,1449834,482,2486,3933,986,-39,-170,48,-98,-64,63664,0.436,transitando
38,1705104600,220633,1449904,390,2391,3951,1228,-77,-19,36,-27,94,53554,0.316,transitando
38,1705104900,220505,1449873,129,2472,3967,909,-39,-140,-126,42,21,26058,0.2959,transitando
38,1705105200,220377,1449901,141,2530,3921,811,-118,138,80,12,73,27587,0.3285,transitando
38,1705105500,220272,1449856,147,2466,3939,2138,284,149,-98,-41,-42,59411,0.3335,transitando
38,1705105800,220384,1449948,361,2376,3912,859,-30,-281,-2,10,-18,3228,0.2636,transitando
38,1705106100,220479,1449815,76,2432,3976,2082,820,178,73,177,-32,13892,0.4,transitando
38,1705106400,220552,1449796,387,2514,3941,1440,-399,-115,-77,-108,70,50942,0.4641,transitando
38,1705106700,220500,1449801,475,2395,3899,899,-244,4,200,11,38,51820,0.3321,transitando
38,1705107000,220581,1449878,71,2492,3992,1292,116,241,-6,61,-21,56906,0.4826,transitando
38,1705107300,220592,1449795,111,2493,3980,677,-104,63,-19,-12,-17,54185,0.5194,transitando
38,1705107600,220607,1449801,387,2442,3992,1161,112,-122,101,162,30,57191,0.4008,transitando
38,1705107900,220572,1449752,243,2459,3974,1686,-183,436,10,2,-16,54209,0.5312,transitando
38,1705108200,220617,1449773,389,2432,3944,695,335,263,-107,-116,46,32029,0.2984,transitando
38,1705108500,220674,1449697,54,2446,3916,449,39,106,34,14,-2,19069,0.5338,transitando
38,1705108800,220694,1449655,146,2474,3949,950,48,339,-82,-88,38,51563,0.388,transitando
38,1705109100,220755,1449623,181,2568,3978,1590,-293,50,118,-16,10,48410,0.358,transitando
38,1705109400,220859,1449635,320,2284,3988,1448,371,-377,-56,6,7,39575,0.4548,transitando
38,1705109700,220794,1449670,282,2432,3915,231,443,37,-73,164,29,43954,0.3245,transitando
38,1705110000,220712,1449761,431,2417,3948,1176,-244,-429,114,-5,-28,62499,0.421,transitando
38,1705110300,220760,1449672,493,2386,3925,1021,-58,258,143,55,-4,6875,0.4775,transitando
38,1705110600,220829,1449647,326,2467,3912,789,-174,-40,-42,-68,28,17636,0.3385,transitando
38,1705110900,220812,1449516,389,2398,3957,683,292,171,73,-228,-48,9554,0.3105,transitando
38,1705111200,220740,1449419,358,2373,3985,968,245,-409,-47,-79,2,61735,0.4034,transitando
38,1705111500,220692,1449318,294,2477,3974,1336,-78,123,-19,22,2,2808,0.3979,transitando
38,1705111800,220623,1449331,550,2379,3920,-1746,922,-2044,-229,864,732,44424,0.5738,forrageando
38,1705112100,220623,1449315,876,2309,3997,474,631,-444,192,248,-201,46285,0.493,forrageando
38,1705112400,220712,1449442,1026,2241,3931,885,49,-438,263,-703,-481,53488,0.5079,forrageando
38,1705112700,220710,1449464,784,2314,3918,-768,625,-1818,-756,250,49,36308,0.5586,forrageando
38,1705113000,220701,1449441,724,2346,3942,-147,1031,-595,106,-69,-116,52282,0.5995,forrageando
38,1705113300,220696,1449489,1142,2303,3973,990,346,-2131,860,-403,451,43521,0.5815,forrageando
38,1705113600,220736,1449456,1388,2269,3950,2146,1335,-177,-208,-353,185,26796,0.4302,forrageando
38,1705113900,220745,1449532,206,2558,3913,-356,-710,-1325,-624,-754,-90,47726,0.4891,forrageando
38,1705114200,220736,1449507,853,2432,3904,2362,1175,-2368,-131,524,-20,41734,0.3643,forrageando
38,1705114500,220781,1449615,1111,2249,3956,-946,-774,-1042,491,-447,354,48189,0.5221,forrageando
39,1705028400,-159226,-1571719,1748,2135,3924,-1052,-1413,-340,-147,3,-127,24900,0.564,busca
39,1705028700,-159226,-1571750,1272,2224,3919,-366,-678,396,-8,-385,-223,55849,0.2418,busca
39,1705029000,-159130,-1571796,1775,2151,3989,1090,-1166,-817,-77,28,-203,42175,0.3792,busca
39,1705029300,-159134,-1571847,449,2366,3956,1542,1291,-346,140,-145,154,35283,0.3639,busca
39,1705029600,-159173,-1571962,421,2371,3992,-571,1401,236,-92,253,283,46042,0.4245,busca
39,1705029900,-159166,-1572024,792,2339,3900,512,518,-1207,-333,-74,-86,3897,0.4458,busca
39,1705030200,-159171,-1571980,1742,2147,3962,-596,725,-378,-243,248,-142,50062,0.4359,busca
39,1705030500,-159174,-1571885,1094,2252,3921,630,-108,-925,-27,-43,289,37667,0.3263,busca
39,1705030800,-159130,-1571941,863,2313,3991,2073,761,-920,-72,103,349,12564,0.3386,busca
39,1705031100,-159042,-1571918,1571,2306,3907,1525,1781,-480,192,124,-74,31061,0.3539,busca
39,1705031400,-159066,-1571876,1346,2226,3906,-473,1772,359,-57,188,3,53173,0.4741,busca
39,1705031700,-159110,-1571961,1746,2187,3957,242,-496,154,22,-26,198,8674,0.4053,busca
39,1705032000,-159017,-1571892,778,2377,3953,2155,-1142,-824,7,307,120,58961,0.5155,busca
39,1705032300,-159028,-1571868,417,2387,3982,387,1084,-299,230,-2,-146,27279,0.5531,busca
39,1705032600,-159053,-1571883,508,2473,3927,45,-488,-1226,318,266,98,33733,0.3981,busca
39,1705032900,-159045,-1571971,1506,2183,3991,341,-792,-859,-201,-158,-131,36913,0.4045,busca
39,1705033200,-159004,-1571996,1787,2188,3969,-951,1196,-752,326,464,143,49151,0.4358,busca
39,1705033500,-159100,-1572021,1563,2127,3941,0,1523,-1530,119,136,-31,41218,0.4136,busca
39,1705033800,-159023,-1572099,1291,2264,3902,98,-361,226,147,-127,-54,59796,0.4472,busca
39,1705034100,-158960,-1572136,1964,2170,3981,1185,164,-948,-258,-70,-47,4017,0.472,busca
39,1705034400,-159001,-1572249,1200,2322,3966,711,340,316,-84,-132,-29,31799,0.46,busca
39,1705034700,-159060,-1572241,1627,2122,3998,1028,-1748,-161,0,-101,25,40301,0.567,busca
39,1705035000,-159084,-1572228,1966,2150,3985,-626,-1743,-470,-45,35,-2,62883,0.4241,busca
39,1705035300,-159076,-1572299,1604,2133,3982,272,758,-251,304,31,-30,60130,0.5688,busca
39,1705035600,-159073,-1572317,1421,2292,3944,253,-599,-214,261,257,25,23138,0.342,busca
39,1705035900,-159117,-1572216,1676,2151,3910,204,-480,-223,-390,148,-184,44223,0.5198,busca
39,1705036200,-159113,-1572229,1808,2193,3913,-616,-363,-943,377,-7,-21,48254,0.405,busca
39,1705036500,-159105,-1572175,551,2385,3960,-347,-106,-1260,-139,-200,146,20111,0.5542,busca
39,1705036800,-159095,-1572206,1850,2142,3900,964,-618,-317,9,-20,128,1395,0.4204,busca
39,1705037100,-159116,-1572143,632,2420,3991,886,-55,-77,274,-72,-8,56400,0.4189,busca
39,1705037400,-159054,-1572119,541,2419,3988,1065,625,-116,168,210,164,15436,0.5368,busca
39,1705037700,-159061,-1572099,1043,2195,3932,1552,1490,372,279,-642,269,16284,0.5603,forrageando
39,1705038000,-159067,-1572100,1002,2241,3993,-2327,84,-561,-215,-297,236,37728,0.4698,forrageando
39,1705038300,-159002,-1572142,1789,2175,3931,-237,275,-129,-26,183,-28,49894,0.3379,busca
39,1705038600,-158892,-1572152,1992,2130,3975,-3069,-602,-1321,-516,31,-285,11059,0.5026,busca
39,1705038900,-158904,-1572149,1503,2194,3942,704,-762,-209,-22,-29,52,16948,0.5173,busca
39,1705039200,-158902,-1572128,1910,2101,3945,-597,1398,-1045,-226,-8,-61,60491,0.4594,busca
39,1705039500,-158933,-1572101,1285,2225,3985,6,-509,-269,48,292,-69,36034,0.3552,busca
39,1705039800,-158953,-1572151,1375,2229,3939,-135,1597,203,24,-27,78,42382,0.5326,busca
39,1705040100,-158924,-1572153,367,2412,3962,-2052,569,-451,-154,171,115,62697,0.5489,busca
39,1705040400,-158892,-1572157,469,2435,3961,-99,-284,-139,-46,395,-64,372,0.5561,busca
39,1705040700,-158902,-1572119,437,2420,3946,490,1049,-1117,-193,83,49,57490,0.4203,busca
39,1705041000,-158930,-1572017,518,2453,3978,556,-471,656,-66,213,-93,59047,0.5169,busca
39,1705041300,-158956,-1572012,1340,2251,3995,240,974,-412,-109,-212,178,49816,0.5158,busca
39,1705041600,-158986,-1572005,1226,2257,3986,480,-883,-1071,75,-16,-512,23540,0.5682,busca
39,1705041900,-158963,-1572009,722,2342,3900,498,473,-438,140,-56,-61,30044,0.4649,busca
39,1705042200,-158968,-1571963,408,2449,3912,657,-902,-1320,87,-30,114,9620,0.609,busca
39,1705042500,-159000,-1571972,1547,2147,3905,1511,-829,-968,-79,252,11,46936,0.542,busca
39,1705042800,-158992,-1571993,916,2377,3959,238,225,-844,32,268,123,62345,0.5104,busca
39,1705043100,-158965,-1571992,1981,2057,3989,531,-642,-342,-321,204,-76,32485,0.5473,busca
39,1705043400,-158995,-1572006,1726,2201,3959,488,1357,-1004,-139,-168,36,34315,0.6051,busca
39,1705043700,-158992,-1571981,1726,2126,3991,-242,-435,-735,-194,186,147,26824,0.5411,busca
39,1705044000,-158982,-1572016,333,2425,3907,2135,1943,-1284,170,30,-328,28995,0.4051,busca
39,1705044300,-158954,-1571960,1077,2324,3973,1075,-1731,361,-78,104,-67,34176,0.5156,busca
39,1705044600,-158954,-1571931,1540,2207,3997,571,-80,-1056,-67,138,-18,27733,0.4716,busca
39,1705044900,-158935,-1572043,572,2481,3954,1095,-1180,-471,41,-199,-48,56617,0.4779,busca
39,1705045200,-158905,-1571979,303,2462,3949,-460,-649,-791,296,78,-44,13991,0.3697,busca
39,1705045500,-158971,-1571900,1719,2209,3965,-136,140,-155,-14,-168,96,2007,0.4753,busca
39,1705045800,-158949,-1571951,790,2402,3947,2001,611,-968,107,-307,-98,64674,0.5684,busca
39,1705046100,-158953,-1571972,1050,2320,3956,-1024,267,-263,-209,-405,40,22661,0.6676,busca
39,1705046400,-158966,-1571937,1709,2231,3932,1087,-794,-320,-39,-43,-98,25382,0.4982,busca
39,1705046700,-158995,-1571988,1266,2219,3973,-352,-152,-514,-11,-197,-28,49314,0.5937,busca
39,1705047000,-159035,-1572026,1192,2316,3998,122,275,-392,-35,-172,-80,9750,0.6046,busca
39,1705047300,-159038,-1572078,1365,2149,3990,-342,545,221,-314,420,74,37348,0.4662,busca
39,1705047600,-159069,-1572008,1465,2283,3998,1235,-121,-428,124,-314,31,13249,0.5532,busca
39,1705047900,-159055,-1572021,1656,2241,3905,1668,1062,241,303,-96,-75,11189,0.51,busca
39,1705048200,-159067,-1571979,1344,2253,3974,-193,-1410,-127,-35,681,189,48876,0.5891,busca
39,1705048500,-159080,-1571969,541,2439,3987,1936,-775,-504,193,-30,-159,2062,0.6621,busca
39,1705048800,-159082,-1571992,1012,2260,3908,-716,-76,166,-186,-353,-65,31525,0.469,busca
39,1705049100,-159118,-1571941,1757,2306,3966,630,53,-1054,-32,138,377,16130,0.4828,busca
39,1705049400,-159050,-1571899,1003,2323,3899,1110,593,12,-469,11,112,53294,0.5908,busca
39,1705049700,-159063,-1571912,409,2468,3922,-1203,-639,-744,352,126,47,54180,0.5422,busca
39,1705050000,-159036,-1571898,2715,1884,3965,-1655,234,-231,74,-48,-149,16907,0.5322,busca
39,1705050300,-159045,-1571884,3783,1793,3923,-742,-710,-958,121,-211,215,47457,0.4988,busca
39,1705050600,-158979,-1571864,1694,2166,3911,1083,872,-718,85,-139,238,12565,0.6729,busca
39,1705050900,-158960,-1571865,1727,2211,3912,231,-1019,-791,-186,-413,235,53436,0.497,busca
39,1705051200,-158933,-1571798,2277,2043,3958,92,145,-1385,-330,-103,-250,45170,0.5367,busca
39,1705051500,-158955,-1571795,2187,2075,3908,-413,1441,-114,188,201,-75,39063,0.5827,busca
39,1705051800,-158943,-1571781,2147,2101,3926,-65,-386,-548,113,-22,-52,28588,0.6733,busca
39,1705052100,-158918,-1571781,3539,1830,3974,1451,949,51,-190,270,117,15767,0.5396,busca
39,1705052400,-158928,-1571787,2771,1869,3960,628,1050,-756,46,269,-21,49692,0.3449,busca
39,1705052700,-158852,-1571738,2157,2170,3952,1707,-38,-514,306,37,-54,24669,0.5724,busca
39,1705053000,-158871,-1571731,1050,2280,3992,-361,-957,-644,-94,94,13,17616,0.5333,busca
39,1705053300,-158904,-1571744,2169,2037,3990,588,181,-1630,228,-310,6,63215,0.5965,busca
39,1705053600,-158903,-1571723,1984,2094,3918,-440,-673,119,15,145,149,45023,0.564,busca
39,1705053900,-158864,-1571706,2921,1902,3908,350,737,426,324,6,191,58714,0.6433,busca
39,1705054200,-158880,-1571693,3671,1700,3941,1446,580,34,-231,-203,104,44800,0.5366,busca
39,1705054500,-158878,-1571682,2943,1959,3931,1302,549,-650,153,-57,161,63416,0.6678,busca
39,1705054800,-158850,-1571673,1858,2112,3905,1084,1477,-58,133,-15,181,43426,0.4801,busca
39,1705055100,-158808,-1571656,1008,2197,3936,-305,-50,-515,-87,-369,-245,3021,0.55,busca
39,1705055400,-158839,-1571654,1472,2185,3905,13,-19,-106,-179,3,-276,4297,0.4756,busca
39,1705055700,-158771,-1571592,2177,2087,3962,-540,246,-641,317,-181,53,35901,0.6283,busca
39,1705056000,-158779,-1571619,1870,2163,3971,229,1304,-309,-30,-137,76,11030,0.4935,busca
39,1705056300,-158659,-1571680,1134,2261,3932,-120,-403,546,-71,103,159,37160,0.5292,busca
39,1705056600,-158677,-1571678,1129,2249,3929,-1114,-273,-457,232,-76,175,57438,0.5249,busca
39,1705056900,-158695,-1571686,2311,1978,3998,-571,679,-369,92,-325,187,34461,0.5324,busca
39,1705057200,-158702,-1571665,1434,2181,3945,1486,452,-821,157,-239,-144,6163,0.6211,busca
39,1705057500,-158665,-1571691,3825,1764,3936,193,-474,-747,348,-166,116,22744,0.5214,busca
39,1705057800,-158657,-1571687,3178,1866,3971,385,-240,-895,-455,185,-110,53608,0.6242,busca
39,1705058100,-158623,-1571679,2370,2021,3903,1133,118,609,114,-187,-302,43340,0.6216,busca
39,1705058400,-158598,-1571647,1239,2210,3968,1316,53,103,87,233,0,64040,0.4826,busca
39,1705058700,-158655,-1571632,3210,1860,3947,823,761,-705,96,60,93,41684,0.5288,busca
39,1705059000,-158678,-1571639,3323,1847,3978,1055,169,-7,-162,-60,-78,33172,0.6118,busca
39,1705059300,-158670,-1571618,2054,2082,3963,469,14,-941,314,-190,158,56906,0.5522,busca
39,1705059600,-158622,-1571611,1319,2164,3986,364,-512,-558,-198,199,-6,10603,0.5153,busca
39,1705059900,-158621,-1571623,3360,1779,3919,1567,-36,-689,46,91,-70,36946,0.6176,busca
39,1705060200,-158612,-1571602,2544,1929,3927,402,346,-1091,-67,0,-92,26754,0.571,busca
39,1705060500,-158619,-1571613,1520,2150,3911,1430,-309,-430,428,-202,-127,17603,0.5005,busca
39,1705060800,-158587,-1571594,1075,2292,3937,-587,-987,-1615,-438,-349,-244,34981,0.4773,busca
39,1705061100,-158576,-1571633,1649,2182,3931,155,-295,-1111,-42,-231,0,27979,0.4422,busca
39,1705061400,-158622,-1571610,1287,2177,3914,355,199,-173,-154,25,217,11500,0.5157,busca
39,1705061700,-158599,-1571609,2556,2046,3923,-642,574,-1720,3,-425,117,32098,0.5182,busca
39,1705062000,-158617,-1571599,2975,1857,3991,275,-711,-739,-3,-244,81,60008,0.4538,busca
39,1705062300,-158679,-1571606,2356,1934,3981,162,342,-179,40,-323,-76,63240,0.547,busca
39,1705062600,-158704,-1571571,1884,2173,3959,-191,683,-334,-70,-98,52,6763,0.5183,busca
39,1705062900,-158685,-1571562,3821,1768,3903,1983,1096,-359,-115,-234,26,6723,0.6069,busca
39,1705063200,-158704,-1571564,2396,1976,3988,1361,-894,-1081,-303,160,-30,64513,0.5678,busca
39,1705063500,-158723,-1571576,1828,2146,3913,712,411,-679,-168,-80,74,26502,0.4114,busca
39,1705063800,-158759,-1571436,3327,1905,3993,343,700,-1050,283,-131,153,54972,0.537,busca
39,1705064100,-158750,-1571410,2698,404,3939,506,2248,-1347,390,394,56,15964,0.5575,forrageando
39,1705064400,-158733,-1571378,2346,383,3951,758,1122,-573,205,-90,93,40619,0.4405,forrageando
39,1705064700,-158701,-1571227,1455,2193,3913,-1261,-3596,-1888,-135,1546,141,1991,0.4823,forrageando
39,1705065000,-158663,-1571267,1280,2191,3957,2401,-1108,673,167,-419,-213,33558,0.4253,forrageando
39,1705065300,-158713,-1571314,2447,518,3987,-874,-173,-210,-1017,848,-343,33714,0.448,forrageando
39,1705065600,-158755,-1571335,1194,2272,3979,477,1007,-134,-157,992,690,24494,0.3392,forrageando
39,1705065900,-158802,-1571459,2387,393,3961,-109,3283,681,-356,416,158,25848,0.4674,forrageando
39,1705066200,-158844,-1571437,2145,493,3905,-1035,383,-844,335,141,188,32772,0.5065,forrageando
39,1705066500,-158849,-1571469,2712,507,3922,-1506,-938,-2070,-475,798,-86,42496,0.4953,forrageando
39,1705066800,-158812,-1571512,1893,2193,3924,-1433,-1948,-2057,-826,226,140,23518,0.4096,forrageando
39,1705067100,-158776,-1571528,2814,492,3903,4130,589,-563,-35,714,113,37158,0.451,forrageando
39,1705067400,-158738,-1571522,1288,2258,3905,2344,2199,-1195,287,929,-610,44037,0.4285,forrageando
39,1705067700,-158696,-1571509,2774,445,3949,-886,2683,-1902,-98,386,-10,7684,0.3577,forrageando
39,1705068000,-158636,-1571485,2992,492,3959,-991,-15,407,-66,-375,340,48312,0.3568,forrageando
39,1705068300,-158684,-1571576,690,2323,3919,-1608,-3813,-2180,722,345,-307,7855,0.3279,forrageando
39,1705068600,-158701,-1571643,1747,2184,3949,1192,2553,-1664,323,-8,385,41926,0.4354,forrageando
39,1705068900,-158790,-1571691,2974,441,3992,-911,-867,-1021,-486,-662,-772,60845,0.3775,forrageando
39,1705069200,-158722,-1571676,2534,522,3936,499,-3945,-314,-238,-624,103,36244,0.3974,forrageando
39,1705069500,-158710,-1571713,2139,527,3965,-913,-1284,-541,740,-45,-187,5808,0.4717,forrageando
39,1705069800,-158693,-1571658,1254,2280,3968,-993,-2703,-1618,20,213,-589,7841,0.5501,forrageando
39,1705070100,-158681,-1571655,2893,500,3919,-534,-217,-63,257,-488,-578,29657,0.5144,forrageando
39,1705070400,-158695,-1571656,981,2194,3976,1622,-295,-1382,-168,193,885,34071,0.2936,forrageando
39,1705070700,-158758,-1571570,811,2351,3911,1993,-649,-2027,239,940,-475,25997,0.4127,forrageando
39,1705071000,-158669,-1571558,2818,447,3901,1916,2518,-632,-130,413,-89,26466,0.4598,forrageando
39,1705071300,-158629,-1571540,2210,429,3907,-1424,940,-178,-6,876,-11,11052,0.5219,forrageando
39,1705071600,-158689,-1571546,586,2391,3978,365,-531,-2409,483,352,-330,768,0.3663,forrageando
39,1705071900,-158717,-1571624,2538,450,3958,-380,46,-2122,-501,538,470,49637,0.3902,forrageando
39,1705072200,-158702,-1571652,1948,2133,3915,-1419,-463,-99,-298,-266,-277,61136,0.5276,forrageando
39,1705072500,-158711,-1571643,879,2289,3927,-1002,-1100,-412,-1544,-553,623,47261,0.3672,forrageando
39,1705072800,-158733,-1571640,1617,2112,3975,223,-1588,-1556,-128,113,430,56993,0.3062,forrageando
39,1705073100,-158845,-1571775,556,2454,3899,5541,68,560,-408,155,229,7933,0.4432,forrageando
39,1705073400,-158812,-1571788,2448,372,3953,1565,-1652,-998,766,-946,152,53394,0.291,forrageando
39,1705073700,-158725,-1571735,2069,443,3974,-2211,-1687,-1298,-461,-863,-152,52205,0.3312,forrageando
39,1705074000,-158837,-1571810,1995,2048,3944,684,-388,831,59,-542,-15,27130,0.388,forrageando
39,1705074300,-158862,-1571935,2883,455,3941,-2352,1032,-2881,311,-449,-79,45095,0.3548,forrageando
39,1705074600,-158871,-1572017,658,2389,3989,-2105,-3727,-34,73,-105,-100,34053,0.4936,forrageando
39,1705074900,-158807,-1572044,1055,2350,3955,943,568,130,-525,1012,52,44067,0.358,forrageando
39,1705075200,-158853,-1572092,2900,509,3905,417,819,-2389,-311,-190,-14,47455,0.3969,forrageando
39,1705075500,-158912,-1572176,2888,518,3937,2955,2168,-2845,-30,239,256,57676,0.4526,forrageando
39,1705075800,-158961,-1572149,1797,2142,3948,1145,568,-125,-181,33,-26,61917,0.2892,busca
39,1705076100,-158838,-1572124,3525,1781,3914,686,-714,-753,56,6,-237,30774,0.343,busca
39,1705076400,-158707,-1572095,1828,2057,3964,364,1580,-34,-90,-67,-100,36304,0.3582,busca
39,1705076700,-158766,-1572129,1694,2176,3925,1077,839,-697,598,-50,-32,24882,0.4783,busca
39,1705077000,-158743,-1572083,3692,1724,3980,-1415,631,-1286,-219,-33,83,37080,0.3365,busca
39,1705077300,-158644,-1572150,2521,2038,3948,3215,1526,-425,-229,-83,-88,50173,0.3661,busca
39,1705077600,-158618,-1572215,3467,1836,3920,-1503,-1400,-11,196,251,238,4533,0.4721,busca
39,1705077900,-158671,-1572127,443,2478,3939,884,-148,-391,-84,-2,-105,46311,0.3224,transitando
39,1705078200,-158776,-1572135,476,2505,3971,110,853,-202,-139,134,-50,44931,0.4382,transitando
39,1705078500,-158683,-1572094,153,2458,3938,1167,100,-109,-82,-141,-36,60368,0.3748,transitando
39,1705078800,-158722,-1572150,435,2372,3937,1441,403,-323,-122,13,-36,55164,0.4022,transitando
39,1705079100,-158764,-1572150,274,2368,3916,1056,207,-25,212,46,-5,56685,0.3122,transitando
39,1705079400,-158748,-1572270,133,2470,3920,582,-306,-80,-52,60,42,18054,0.3422,transitando
39,1705079700,-158836,-1572393,365,2397,3936,1311,-454,351,-25,200,-2,44925,0.3092,transitando
39,1705080000,-158770,-1572480,465,2391,3927,1383,-74,-89,-23,121,29,15260,0.4125,transitando
39,1705080300,-158750,-1572403,275,2466,3923,1093,-148,-269,-223,-105,-27,24080,0.4166,transitando
39,1705080600,-158723,-1572463,295,2507,3932,2244,126,207,-248,-113,28,39036,0.41,transitando
39,1705080900,-158776,-1572501,322,2490,3904,475,-263,40,-251,-63,-13,14555,0.3592,transitando
39,1705081200,-158847,-1572430,81,2502,3955,1147,2,-625,-27,68,-21,53396,0.292,transitando
39,1705081500,-158724,-1572532,74,2475,3990,1313,-347,-27,8,-12,42,37460,0.3554,transitando
39,1705081800,-158789,-1572549,292,2376,3970,551,-25,196,176,-29,112,15732,0.2854,transitando
39,1705082100,-158702,-1572425,280,2407,3923,1545,-695,242,121,54,64,42161,0.4043,transitando
39,1705082400,-158672,-1572484,335,2376,3903,1971,-270,-63,-72,127,-41,52481,0.3045,transitando
39,1705082700,-158586,-1572546,314,2530,3918,585,118,99,168,-49,-65,59035,0.3029,transitando
39,1705083000,-158736,-1572591,98,2466,3983,1024,-288,-24,41,-25,30,24268,0.3264,transitando
39,1705083300,-158590,-1572598,447,2363,3897,-9,556,-73,1,90,58,2135,0.3913,transitando
39,1705083600,-158513,-1572617,361,2451,3984,944,-34,461,-30,127,6,40834,0.3408,transitando
39,1705083900,-158400,-1572553,244,2477,3954,609,-215,4,-54,40,-30,51818,0.4189,transitando
39,1705084200,-158409,-1572490,167,2421,3958,1534,200,169,6,54,-108,60838,0.3528,transitando
39,1705084500,-158464,-1572480,421,2398,3970,580,40,-170,-9,134,29,3928,0.2841,transitando
39,1705084800,-158403,-1572403,387,2453,3928,955,-113,-107,-204,-30,76,23668,0.4117,transitando
39,1705085100,-158323,-1572398,392,2382,3975,2104,301,-226,-110,-144,110,36116,0.2836,transitando
39,1705085400,-158270,-1572266,495,2423,3995,534,239,163,-30,24,48,61481,0.4173,transitando
39,1705085700,-158374,-1572207,64,2420,3948,1275,568,224,-74,-19,13,47953,0.3679,transitando
39,1705086000,-158463,-1572250,420,2435,3973,1276,196,338,-141,104,24,18886,0.2732,transitando
39,1705086300,-158363,-1572368,259,2426,3941,971,291,-66,-15,-23,-81,50654,0.4846,transitando
39,1705086600,-158426,-1572362,435,2393,3922,659,-319,47,-36,-63,52,35914,0.2915,transitando
39,1705086900,-158369,-1572252,180,2429,3935,1345,469,107,162,-178,5,36928,0.2785,transitando
39,1705087200,-158341,-1572348,341,2415,3938,1233,22,-163,-148,64,39,25968,0.3765,transitando
39,1705087500,-158389,-1572292,217,2472,3950,1100,-153,145,-45,-3,61,7867,0.3426,transitando
39,1705087800,-158497,-1572319,106,2572,3931,1168,266,-262,-53,-166,75,36100,0.3134,transitando
39,1705088100,-158452,-1572455,141,2442,3930,1563,140,-111,15,-182,92,52294,0.3709,transitando
39,1705088400,-158508,-1572485,341,2521,3947,606,563,-46,8,-31,-35,62790,0.3017,transitando
39,1705088700,-158526,-1572396,445,2377,3907,1923,-358,-109,27,-2,-67,36037,0.425,transitando
39,1705089000,-158469,-1572323,289,2347,3942,867,181,-120,28,-226,3,57800,0.3566,transitando
39,1705089300,-158564,-1572337,216,2420,3930,363,442,244,-41,-76,50,43746,0.4167,transitando
39,1705089600,-158603,-1572370,137,2447,3990,834,335,-177,13,-11,-5,39686,0.4543,transitando
39,1705089900,-158575,-1572461,380,2499,3928,896,206,-18,111,-51,73,21714,0.3784,transitando
39,1705090200,-158631,-1572520,108,2415,3959,1336,179,253,-52,215,-46,29225,0.249,transitando
39,1705090500,-158595,-1572397,463,2357,3980,212,-243,224,25,-112,-43,65129,0.3646,transitando
39,1705090800,-158504,-1572425,257,2483,3954,605,241,25,4,-34,22,34912,0.3756,transitando
39,1705091100,-158554,-1572385,233,2458,3935,1542,456,92,-106,-33,-70,43847,0.3703,transitando
39,1705091400,-158497,-1572399,234,2490,3929,534,-787,-9,95,145,-35,44195,0.2772,transitando
39,1705091700,-158395,-1572361,136,2558,3905,1122,-160,-137,15,-109,-66,46064,0.4705,transitando
39,1705092000,-158354,-1572420,433,2462,3919,1231,-163,98,-69,-37,51,6391,0.4648,transitando
39,1705092300,-158334,-1572478,58,2433,3984,1205,-25,110,-30,37,0,16066,0.408,transitando
39,1705092600,-158265,-1572465,114,2448,3929,1046,-22,-73,280,92,-2,51052,0.4018,transitando
39,1705092900,-158301,-1572493,352,2526,3906,1385,-73,-29,122,89,0,40845,0.3522,transitando
39,1705093200,-158244,-1572598,131,2457,3899,945,228,23,-9,-33,-42,15486,0.3098,transitando
39,1705093500,-158277,-1572703,136,2485,3954,1884,-30,-89,-20,-155,12,3117,0.4089,transitando
39,1705093800,-158235,-1572667,443,2437,3947,911,288,92,58,144,-127,6376,0.3247,transitando
39,1705094100,-158187,-1572789,406,2363,3938,971,535,61,-138,-53,-10,4724,0.4161,transitando
39,1705094400,-158172,-1572734,69,2467,3961,1757,380,271,132,-157,-7,11083,0.4312,transitando
39,1705094700,-158196,-1572634,171,2419,3943,1843,50,35,-56,174,50,22597,0.387,transitando
39,1705095000,-158297,-1572642,136,2495,3933,1005,-174,-191,138,-28,-47,55652,0.3632,transitando
39,1705095300,-158271,-1572569,155,2513,3955,1033,156,-29,88,113,-13,59493,0.3688,transitando
39,1705095600,-158323,-1572595,295,2454,3956,559,-58,362,66,-24,-17,53582,0.4026,transitando
39,1705095900,-158280,-1572650,140,2505,3967,856,-113,300,58,-243,-4,48213,0.5631,transitando
39,1705096200,-158298,-1572655,260,2370,3989,1419,334,0,-16,-11,-33,56891,0.3206,transitando
39,1705096500,-158246,-1572563,129,2440,3899,1202,307,344,111,66,-28,63103,0.3671,transitando
39,1705096800,-158141,-1572595,388,2438,3937,711,37,18,49,-70,49,29015,0.4203,transitando
39,1705097100,-158034,-1572571,223,2461,3975,577,104,-199,-188,-180,-46,60374,0.3059,transitando
39,1705097400,-158010,-1572657,257,2532,3928,1317,429,307,-10,30,12,49396,0.3226,transitando
39,1705097700,-157908,-1572696,72,2485,3939,1475,24,13,51,-91,47,48000,0.3994,transitando
39,1705098000,-157942,-1572771,391,2419,3985,595,202,258,132,-127,-89,64758,0.3416,transitando
39,1705098300,-158100,-1572809,380,2320,3991,1053,76,124,83,-18,-82,14197,0.4691,transitando
39,1705098600,-158085,-1572737,343,2418,3954,1563,-650,114,17,-14,61,22652,0.3398,transitando
39,1705098900,-158078,-1572606,402,2479,3897,639,310,89,181,-66,18,28375,0.5195,transitando
39,1705099200,-158107,-1572636,99,2481,3933,1264,260,356,-94,-117,-26,48023,0.537,transitando
39,1705099500,-158127,-1572623,291,2444,3923,1896,463,104,-147,-2,-57,9520,0.4783,transitando
39,1705099800,-158181,-1572619,132,2481,3939,1282,-415,-196,-68,-115,15,20191,0.3257,transitando
39,1705100100,-158065,-1572732,356,2388,3931,1546,-559,-116,76,-59,-55,6677,0.3865,transitando
39,1705100400,-158015,-1572665,113,2406,3970,-147,291,-244,68,-126,-6,23986,0.4038,transitando
39,1705100700,-158082,-1572656,51,2557,3968,1620,16,308,-20,138,102,39677,0.3279,transitando
39,1705101000,-158115,-1572536,432,2382,3908,1395,126,223,-101,50,64,6224,0.4325,transitando
39,1705101300,-158160,-1572500,431,2445,3897,-171,12,-108,18,44,38,16867,0.4792,transitando
39,1705101600,-158079,-1572528,258,2438,3898,481,-204,125,54,-28,90,26707,0.3505,transitando
39,1705101900,-158117,-1572580,145,2506,3897,964,-365,-217,-126,29,129,13961,0.3962,transitando
39,1705102200,-158167,-1572487,66,2508,3914,637,-351,253,-103,-169,-35,31690,0.4161,transitando
39,1705102500,-158203,-1572538,390,2465,3926,1509,-379,7,34,142,-28,20533,0.3075,transitando
39,1705102800,-158158,-1572614,74,2505,3969,687,89,221,218,15,-11,34032,0.4602,transitando
39,1705103100,-158170,-1572671,377,2459,3984,937,-111,169,-8,18,-10,22465,0.3391,transitando
39,1705103400,-158119,-1572595,457,2539,3965,951,-186,66,69,-30,-42,42959,0.3574,transitando
39,1705103700,-158157,-1572558,358,2443,3940,127,297,314,-141,-137,-82,62500,0.2819,transitando
39,1705104000,-158120,-1572434,177,2394,3985,1105,-248,-269,-122,-87,55,36752,0.4393,transitando
39,1705104300,-158104,-1572383,114,2496,3959,803,167,83,-104,-18,91,12683,0.3661,transitando
39,1705104600,-158087,-1572453,419,2464,3901,610,305,395,-2,-148,113,45554,0.4215,transitando
39,1705104900,-158147,-1572509,399,2404,3914,1243,-79,-332,187,-85,18,27472,0.3445,transitando
39,1705105200,-158133,-1572614,157,2426,3908,1149,235,-554,56,25,2,64695,0.5032,transitando
39,1705105500,-158148,-1572591,114,2448,3978,1251,-84,-57,-208,146,-28,45740,0.3563,transitando
39,1705105800,-158252,-1572619,435,2355,3993,729,131,-89,16,-25,43,35756,0.3593,transitando
39,1705106100,-158294,-1572714,470,2518,3947,1218,-187,45,-166,-94,-36,53840,0.5445,transitando
39,1705106400,-158265,-1572701,281,2436,3907,114,-460,153,17,95,-9,8787,0.4128,transitando
39,1705106700,-158205,-1572714,113,2446,3942,888,354,37,-261,-26,6,50195,0.4898,transitando
39,1705107000,-158268,-1572831,84,2433,3943,147,418,17,73,-41,22,3575,0.3956,transitando
39,1705107300,-158208,-1572877,56,2488,3937,633,-121,178,87,-59,-40,52088,0.4673,transitando
39,1705107600,-158254,-1572971,437,2405,3988,1377,-271,103,-146,24,-94,9234,0.3517,transitando
39,1705107900,-158220,-1573086,259,2464,3980,722,313,-226,48,57,-98,60763,0.5617,transitando
39,1705108200,-158240,-1573104,146,2387,3990,1952,6,22,39,-35,-31,32900,0.4605,transitando
39,1705108500,-158295,-1573160,90,2494,3948,1011,556,-22,46,28,-33,19174,0.6028,transitando
39,1705108800,-158323,-1573173,431,2361,3897,1389,158,265,-82,51,-88,9459,0.4082,transitando
39,1705109100,-158375,-1573185,215,2388,3975,1365,89,-100,207,-48,-15,30287,0.5393,transitando
39,1705109400,-158372,-1573220,443,2397,3974,697,23,-15,143,133,9,20177,0.3887,transitando
39,1705109700,-158318,-1573262,195,2459,3978,1307,33,145,60,107,-5,17267,0.4916,transitando
39,1705110000,-158349,-1573319,248,2416,3898,775,300,-271,164,56,112,20326,0.5875,transitando
39,1705110300,-158353,-1573280,309,2430,3990,817,79,-46,-55,77,29,7438,0.5184,transitando
39,1705110600,-158366,-1573264,397,2408,3902,-89,-694,64,-131,26,11,22419,0.491,transitando
39,1705110900,-158343,-1573183,66,2429,3930,473,-956,-99,147,-3,-60,368,0.4828,transitando
39,1705111200,-158359,-1573113,321,2499,3976,510,205,128,-118,87,13,23465,0.4601,transitando
39,1705111500,-158322,-1573080,77,2536,3987,1125,407,10,50,-32,-69,38280,0.4378,transitando
39,1705111800,-158443,-1573031,156,2452,3952,1430,-16,10,88,-114,28,60338,0.4433,transitando
39,1705112100,-158449,-1572952,249,2415,3966,684,-63,-200,0,-28,0,49703,0.5582,transitando
39,1705112400,-158454,-1572973,302,2524,3942,660,127,-132,120,55,-78,50932,0.4621,transitando
39,1705112700,-158486,-1572910,108,2458,3974,1135,-129,167,-174,123,-13,23894,0.4921,transitando
39,1705113000,-158581,-1572937,475,2271,3968,930,-296,-19,102,-20,-5,42211,0.5425,transitando
39,1705113300,-158555,-1572899,271,2325,3983,799,-363,-9,57,-18,-6,58226,0.512,transitando
39,1705113600,-158535,-1572900,341,2443,3899,605,335,11,-75,208,-4,43217,0.5239,transitando
39,1705113900,-158537,-1572943,477,2412,3953,758,192,51,-75,-60,-38,25030,0.4092,transitando
39,1705114200,-158520,-1573015,247,2422,3934,1388,86,-192,-89,-152,-49,48894,0.4603,transitando
39,1705114500,-158482,-1572964,93,2452,3938,253,242,408,-57,-78,-76,15017,0.4891,transitando
40,1705028400,659688,63945,1960,2131,3944,1185,289,-258,48,454,135,20989,0.4326,busca
40,1705028700,659745,63945,1524,2117,3917,1456,856,-703,-88,-96,-247,30477,0.378,busca
40,1705029000,659773,64143,407,2397,3935,-252,859,-433,38,106,202,43696,0.3662,busca
40,1705029300,659805,64004,1502,2194,3991,-181,1056,127,215,-68,-41,60261,0.4618,busca
40,1705029600,659866,63819,1470,2223,3986,561,866,-739,-381,59,59,13286,0.3955,busca
40,1705029900,659931,63951,1499,2299,3913,660,-1484,-518,-227,-124,170,49591,0.4458,busca
40,1705030200,659946,64175,712,2297,3955,1280,-454,-1012,-239,49,-52,10852,0.3345,busca
40,1705030500,659972,64511,502,2333,3965,533,761,355,-90,176,-168,18379,0.5103,busca
40,1705030800,659953,64541,1097,2231,3922,354,577,-789,-24,-189,-203,59180,0.4017,busca
40,1705031100,659990,64352,545,2340,3948,1185,-452,-1651,-353,249,111,33563,0.4187,busca
40,1705031400,660013,64269,398,2486,3922,913,816,-1276,83,-99,-43,749,0.4514,busca
40,1705031700,659991,64064,419,2359,3902,2008,591,71,234,-461,125,9700,0.4069,busca
40,1705032000,659932,64071,1313,2244,3904,-1331,-1081,-935,156,-410,-149,59733,0.415,busca
40,1705032300,659873,64053,1456,2221,3996,-329,1002,-430,103,-112,-16,37833,0.3765,busca
40,1705032600,659907,64331,1330,2204,3968,1509,-1094,-1032,47,-82,183,53495,0.4732,busca
40,1705032900,659849,64398,1093,2377,3979,-886,588,-990,101,-246,-32,38745,0.443,busca
40,1705033200,659823,64471,337,2476,3961,-682,-766,-669,-158,88,-108,32597,0.4073,busca
40,1705033500,659879,64490,618,2326,3903,546,395,-386,-19,111,53,46058,0.33,busca
40,1705033800,660019,64756,684,2373,3919,474,1404,-982,144,113,-94,38199,0.4639,busca
40,1705034100,660078,64764,1789,2163,3968,-587,629,-172,-189,-106,-48,14257,0.4156,busca
40,1705034400,660147,64941,731,2313,3936,-1968,297,-967,196,163,58,9791,0.6294,busca
40,1705034700,660164,64892,489,2418,3995,12,448,-1086,-98,-24,-108,24280,0.3868,busca
40,1705035000,660186,65017,750,2315,3920,575,-313,-803,96,-324,-115,18192,0.6232,busca
40,1705035300,660175,65039,826,2325,3953,1452,-157,-109,285,89,-170,34576,0.4752,busca
40,1705035600,660082,64985,1846,2152,3968,280,-418,-435,-277,257,-37,5192,0.5412,busca
40,1705035900,660131,65034,1042,2328,3947,-45,419,-1078,-270,-413,-77,48387,0.4597,busca
40,1705036200,660113,65085,1512,2279,3994,-392,-19,-826,111,-466,-43,59564,0.4324,busca
40,1705036500,660095,64937,1685,2145,3929,-682,-569,-555,207,85,115,53422,0.5557,busca
40,1705036800,660106,64926,1550,2156,3912,-613,-1203,-477,-54,77,20,42721,0.2813,busca
40,1705037100,660029,65124,1720,2127,3985,-75,868,-865,-203,177,-81,20279,0.499,busca
40,1705037400,659987,65287,1943,2124,3986,-789,-638,-632,-45,-242,24,57103,0.5644,busca
40,1705037700,660006,65356,455,2398,3993,1582,-730,105,-39,57,-127,61799,0.5313,busca
40,1705038000,659980,65301,1682,2117,3962,154,1278,79,38,-241,63,20700,0.4364,busca
40,1705038300,660051,65354,893,2324,3939,883,-205,-802,-191,-113,-67,5485,0.3201,busca
40,1705038600,660074,65061,1237,2312,3968,2861,599,-1143,77,221,-57,44729,0.5388,busca
40,1705038900,660096,65031,1171,2302,3984,-1826,17,-600,-13,61,183,60411,0.3715,busca
40,1705039200,660069,65079,871,2334,3947,-152,-701,-1156,-75,-83,-67,21428,0.3773,busca
40,1705039500,660034,64822,1883,2154,3900,604,-649,-1029,19,-373,360,36432,0.3999,busca
40,1705039800,659988,64696,984,2310,3917,1976,471,-419,-12,-146,-109,62039,0.3844,busca
40,1705040100,659895,64662,1457,2204,3935,962,42,-1212,-43,494,125,65320,0.3827,busca
40,1705040400,659866,64779,1906,2099,3927,1421,377,-672,279,-53,-202,65151,0.4715,busca
40,1705040700,659920,64657,565,2434,3925,1644,-783,-774,257,79,220,6422,0.484,busca
40,1705041000,660017,64554,795,2332,3926,940,326,-470,231,-234,-90,21704,0.4913,busca
40,1705041300,660005,64724,1194,2317,3928,2191,-576,-1037,-287,364,280,2587,0.5863,busca
40,1705041600,659994,64704,666,2379,3965,-745,-458,-746,56,30,292,13878,0.4738,busca
40,1705041900,659951,64807,1907,2083,3909,103,-700,-1166,-202,-488,-44,2504,0.4844,busca
40,1705042200,659907,64929,1582,2114,3993,1410,489,-331,74,-63,21,16635,0.3886,busca
40,1705042500,659887,65186,949,2337,3912,-2509,105,-340,166,84,-142,38901,0.39,busca
40,1705042800,659847,65262,681,2367,3995,675,-1039,-219,210,339,410,35173,0.6206,busca
40,1705043100,659864,65291,1453,2143,3982,2045,390,-1131,41,198,169,60951,0.4374,busca
40,1705043400,659822,65595,1386,2231,3955,109,-717,-908,52,140,-41,49055,0.5079,busca
40,1705043700,659819,65665,560,2389,3926,-72,114,659,53,260,-109,44075,0.5706,busca
40,1705044000,659837,65648,1167,2247,3961,785,324,-882,57,-152,-113,59273,0.5189,busca
40,1705044300,659847,65613,1368,2216,3927,-892,-1642,-2136,-278,344,-229,41010,0.5445,busca
40,1705044600,659846,65645,380,2428,3927,1988,347,-732,-349,-156,-118,39841,0.525,busca
40,1705044900,659832,65730,1598,2214,3992,913,245,-13,-21,-255,-190,6629,0.4546,busca
40,1705045200,659742,65847,500,2394,3901,1013,85,-634,43,-110,40,43013,0.3823,busca
40,1705045500,659770,65738,548,2389,3928,41,-202,-1020,43,6,174,32691,0.5156,busca
40,1705045800,659779,65793,486,2423,3923,1788,-846,-50,220,75,-189,32491,0.4112,busca
40,1705046100,659723,65698,1310,2200,3908,1852,-2111,-590,-227,54,-158,46370,0.6565,forrageando
40,1705046400,659750,65741,1221,2306,3944,1806,339,-2098,395,142,386,29062,0.6105,forrageando
40,1705046700,659741,65802,312,2482,3919,431,79,166,560,-302,-377,20044,0.6196,forrageando
40,1705047000,659785,65814,338,2424,3928,2912,1540,-1279,-1734,-151,253,7659,0.5592,forrageando
40,1705047300,659800,65848,1395,2223,3974,-1536,391,-2898,924,-188,-147,36814,0.6061,forrageando
40,1705047600,659786,65809,761,2384,3904,1541,32,-1625,460,302,126,16884,0.4252,forrageando
40,1705047900,659753,65760,1204,2242,3972,3609,-3343,-1179,-119,-337,79,15691,0.5437,forrageando
40,1705048200,659720,65792,510,2396,3932,-3605,-42,-306,-25,-93,-60,47130,0.4925,forrageando
40,1705048500,659638,65750,1070,2245,3968,-1251,1050,450,-246,-288,-214,18626,0.4852,forrageando
40,1705048800,659679,65678,1092,2264,3901,1680,-519,-6,-391,572,436,39012,0.6187,forrageando
40,1705049100,659713,65680,526,2437,3915,-1491,394,-2167,-207,923,341,31641,0.4535,forrageando
40,1705049400,659674,65972,476,2434,3918,-423,-2341,-1194,74,-258,306,41557,0.5617,forrageando
40,1705049700,659673,65884,1486,2282,3923,-707,5556,-1892,6,-459,-401,52057,0.4653,forrageando
40,1705050000,659747,65841,1027,2256,3913,1073,1680,1002,249,373,-257,27429,0.4888,forrageando
40,1705050300,659766,65770,874,2307,3967,90,93,-115,-50,158,-30,60993,0.5229,forrageando
40,1705050600,659761,65746,1998,2038,3939,333,-992,-73,-758,1235,-117,27151,0.4623,forrageando
40,1705050900,659747,65922,801,2355,3903,-1976,308,-1362,394,-607,-112,10707,0.4768,forrageando
40,1705051200,659744,65695,640,2355,3974,2158,-1534,-2442,-712,315,-492,53918,0.3858,forrageando
40,1705051500,659690,65621,547,2436,3950,3647,-1152,1646,-96,-29,364,63147,0.6382,forrageando
40,1705051800,659677,65633,2935,464,3946,1088,1577,422,244,197,221,52622,0.6229,forrageando
40,1705052100,659668,65737,2711,502,3908,-3012,275,-1156,-1375,258,-331,53140,0.5349,forrageando
40,1705052400,659675,65624,845,2386,3968,-1115,1552,-1454,-470,720,-459,24100,0.4676,forrageando
40,1705052700,659618,65744,1761,2145,3926,-468,-826,-1129,775,460,14,20920,0.5258,forrageando
40,1705053000,659592,65775,1333,2252,3943,-1517,-384,-654,105,-394,34,9938,0.477,forrageando
40,1705053300,659546,65758,1312,2291,3963,-481,86,-1515,116,31,-257,26040,0.5075,forrageando
40,1705053600,659523,65767,1089,2337,3937,-2422,-173,-844,351,-837,107,22993,0.5847,forrageando
40,1705053900,659503,65808,2406,463,3965,3375,2475,-2063,-338,-166,-261,58139,0.4394,forrageando
40,1705054200,659548,65956,879,2412,3989,1579,1423,-312,-332,-223,-373,37850,0.5018,forrageando
40,1705054500,659572,66081,1831,2194,3962,-2838,463,-1210,-74,268,-78,23437,0.5053,forrageando
40,1705054800,659585,66164,960,2278,3957,-121,-3998,-597,524,-298,68,4942,0.4323,forrageando
40,1705055100,659595,66211,1315,2383,3947,884,-317,-1514,190,213,44,45006,0.5772,forrageando
40,1705055400,659599,66188,1501,2211,3955,2447,701,-278,-506,545,114,26894,0.5403,forrageando
40,1705055700,659563,66220,2850,392,3944,499,-4098,-484,-221,33,-124,21723,0.5615,forrageando
40,1705056000,659584,66256,913,2344,3963,-1326,-2334,547,-298,-7,-348,21679,0.4759,forrageando
40,1705056300,659575,66590,2644,479,3935,4464,-344,-1833,470,8,120,38498,0.4353,forrageando
40,1705056600,659524,66649,2228,411,3988,-791,1,-1261,235,249,77,60658,0.4705,forrageando
40,1705056900,659505,66691,2302,445,3958,-1235,-2068,-2214,-646,29,-41,41177,0.5351,forrageando
40,1705057200,659500,66684,1214,2261,3973,-463,-30,-1078,-886,222,258,24357,0.4133,forrageando
40,1705057500,659570,66758,972,2264,3936,-189,-994,-816,-281,-409,-239,8620,0.423,forrageando
40,1705057800,659548,66650,2964,517,3944,2213,832,-470,14,-205,280,47595,0.4097,forrageando
40,1705058100,659636,66533,2522,402,3934,-875,-1394,-2124,-460,16,-144,28352,0.392,forrageando
40,1705058400,659665,66553,805,2266,3997,-373,1573,-391,-1061,699,100,19819,0.5983,forrageando
40,1705058700,659678,66536,2065,462,3923,-1343,1990,-1430,477,-482,297,617,0.4884,forrageando
40,1705059000,659671,66672,1900,2094,3962,-3012,-2286,780,-502,99,-93,19255,0.4352,forrageando
40,1705059300,659706,66677,1407,2284,3900,-2715,-1738,-1041,521,1100,-250,49492,0.4277,forrageando
40,1705059600,659740,66779,1559,2143,3953,-4348,-2163,-558,-283,87,-136,15013,0.3982,forrageando
40,1705059900,659716,66606,2662,543,3991,2139,195,-1749,28,-915,-103,56208,0.4008,forrageando
40,1705060200,659630,66756,2027,411,3948,1956,614,-92,251,-399,294,33684,0.4376,forrageando
40,1705060500,659593,66852,2209,463,3975,-1843,1577,-404,-515,879,-375,49918,0.3562,forrageando
40,1705060800,659620,66988,988,2227,3953,1,254,-159,-1629,284,-269,32829,0.4074,forrageando
40,1705061100,659667,67167,2672,463,3993,10,3112,-387,83,-31,256,2103,0.4641,forrageando
40,1705061400,659655,67099,956,2260,3927,-337,583,979,107,-737,-526,28552,0.4979,forrageando
40,1705061700,659504,66988,2622,473,3921,659,919,-2290,702,405,270,36109,0.4167,forrageando
40,1705062000,659495,67179,1078,2175,3971,-3191,702,-952,-58,-1759,-307,45869,0.5085,forrageando
40,1705062300,659511,67235,543,2345,3985,-1159,1716,158,-181,759,45,36584,0.5141,forrageando
40,1705062600,659512,67193,566,2472,3966,-114,-2670,-1388,41,-177,-382,23871,0.5105,forrageando
40,1705062900,659461,67160,1093,2255,3937,558,-2223,-68,-37,-203,-263,45359,0.4404,forrageando
40,1705063200,659472,67250,1039,2251,3917,1103,-5,-1236,-67,17,16,49490,0.546,forrageando
40,1705063500,659477,67225,736,2390,3988,255,1498,-650,-35,-708,-271,24159,0.4531,forrageando
40,1705063800,659356,67235,2095,425,3980,-154,691,-2707,184,-37,-63,49380,0.453,forrageando
40,1705064100,659380,67376,1141,2277,3945,49,-1667,-2010,322,-705,-272,5783,0.4805,forrageando
40,1705064400,659397,67329,2578,384,3945,-2381,132,-921,-609,376,197,56958,0.404,forrageando
40,1705064700,659413,67483,1925,2185,3904,-139,588,-1788,-566,925,-140,36175,0.4018,forrageando
40,1705065000,659303,67543,1688,2131,3934,-3813,-811,332,0,-913,-28,18357,0.2775,forrageando
40,1705065300,659361,67493,2505,456,3970,147,2367,-1346,360,-639,328,16048,0.4613,forrageando
40,1705065600,659260,67440,1351,2199,3996,1568,-1403,-1696,107,-231,-704,21983,0.4145,forrageando
40,1705065900,659233,67247,2012,357,3975,3587,1718,-2067,-1027,1289,-61,60091,0.4061,forrageando
40,1705066200,659278,67312,1454,2224,3905,-717,1645,-1265,-13,-229,86,32347,0.3319,busca
40,1705066500,659414,67467,1134,2340,3903,1218,-58,72,-429,-146,217,2001,0.364,busca
40,1705066800,659377,67485,3602,1798,3969,202,-10,-1449,-264,-253,-149,52863,0.5328,busca
40,1705067100,659388,67533,3527,1823,3933,202,-398,-210,112,-207,17,1150,0.4308,busca
40,1705067400,659272,67413,3008,1916,3991,-99,-537,-386,56,185,-37,20995,0.4923,busca
40,1705067700,659306,67296,1926,2096,3979,617,652,-375,-61,101,-309,30077,0.396,busca
40,1705068000,659317,67473,2947,1907,3917,-66,-44,-608,36,288,163,25941,0.3659,busca
40,1705068300,659374,67713,402,2487,3991,1023,-16,116,-137,-135,22,32104,0.3287,transitando
40,1705068600,659250,67669,326,2446,3939,1280,343,410,-96,-173,-39,54293,0.4634,transitando
40,1705068900,659204,67758,58,2544,3934,1916,-154,-254,57,149,34,36038,0.3733,transitando
40,1705069200,659176,67521,462,2380,3898,1042,76,251,-209,-62,122,57220,0.2537,transitando
40,1705069500,659106,67749,489,2494,3901,1115,-461,106,-98,-111,-4,64961,0.3743,transitando
40,1705069800,659126,67570,294,2516,3942,1398,338,189,-3,-213,118,28467,0.459,transitando
40,1705070100,659093,67725,205,2455,3963,1398,-15,-22,-38,80,37,13078,0.3346,transitando
40,1705070400,659192,67685,70,2499,3967,1757,67,3,4,71,-5,8646,0.3854,transitando
40,1705070700,659214,67816,168,2499,3907,129,7,128,56,103,61,36762,0.2268,transitando
40,1705071000,659287,67588,275,2550,3925,1091,-159,62,39,6,48,36908,0.339,transitando
40,1705071300,659333,67335,483,2482,3935,901,-181,-296,129,110,-53,16774,0.278,transitando
40,1705071600,659245,67352,389,2398,3978,853,-93,-31,-26,15,-91,56121,0.295,transitando
40,1705071900,659307,67537,395,2287,3951,1378,93,318,53,96,-115,36132,0.573,transitando
40,1705072200,659312,67459,73,2524,3936,1183,-434,-101,-61,-19,5,40373,0.4432,transitando
40,1705072500,659250,67578,165,2465,3903,1481,-49,-23,10,39,66,45085,0.3402,transitando
40,1705072800,659091,67659,484,2404,3994,570,40,22,162,8,65,64093,0.2256,transitando
40,1705073100,659170,67803,140,2432,3933,354,-643,112,124,25,-74,55829,0.3108,transitando
40,1705073400,659199,68094,321,2520,3970,1329,-240,159,-34,-140,-44,17213,0.345,transitando
40,1705073700,659157,67816,108,2551,3904,992,173,-83,-16,225,29,16617,0.3567,transitando
40,1705074000,659124,67585,349,2422,3936,-111,-342,-183,-151,-57,-37,26949,0.361,transitando
40,1705074300,659018,67596,192,2485,3919,1750,-459,129,39,61,21,5675,0.3665,transitando
40,1705074600,659089,67729,327,2431,3948,777,397,-132,106,91,28,51148,0.3671,transitando
40,1705074900,659170,67850,67,2449,3952,1097,217,122,-38,79,-21,59331,0.2754,transitando
40,1705075200,659195,67564,216,2396,3906,896,-66,183,-51,-107,97,24858,0.298,transitando
40,1705075500,659076,67743,487,2466,3908,1177,146,-445,65,-8,-51,43224,0.3029,transitando
40,1705075800,659131,67935,79,2553,3990,1438,147,37,-57,-25,-3,60471,0.2724,transitando
40,1705076100,659282,68056,184,2469,3900,1021,401,118,-69,13,55,50351,0.3838,transitando
40,1705076400,659372,68007,495,2348,3957,388,344,-24,124,-157,-30,2812,0.3993,transitando
40,1705076700,659313,68099,210,2386,3978,978,-214,49,138,-76,-18,59566,0.3118,transitando
40,1705077000,659315,68369,101,2341,3912,1688,15,-14,-216,172,46,5726,0.3282,transitando
40,1705077300,659230,68187,483,2425,3964,1181,137,-295,74,20,25,41478,0.4205,transitando
40,1705077600,659175,68195,490,2453,3948,105,-168,-182,-5,134,12,20646,0.2735,transitando
40,1705077900,659161,67914,368,2497,3909,942,147,-147,132,-25,-16,108,0.3072,transitando
40,1705078200,659252,67650,460,2335,3964,1484,-54,-18,-74,-78,10,1095,0.1654,transitando
40,1705078500,659314,67429,371,2447,3986,935,87,-305,0,-130,-53,32114,0.3748,transitando
40,1705078800,659235,67565,314,2465,3916,1714,-410,-39,86,84,-9,43412,0.2853,transitando
40,1705079100,659150,67289,334,2422,3907,1614,320,-153,-54,73,-47,23896,0.2584,transitando
40,1705079400,659108,66936,205,2395,3938,1261,111,-360,11,-121,52,44881,0.3121,transitando
40,1705079700,659177,67224,329,2365,3907,2193,-723,89,169,134,58,26980,0.2735,transitando
40,1705080000,659086,67354,265,2440,3901,1142,-192,33,88,167,-78,58463,0.2848,transitando
40,1705080300,659109,67538,181,2410,3980,748,-58,-321,56,-109,-41,35850,0.3163,transitando
40,1705080600,659186,67602,444,2427,3936,793,383,-234,85,-82,-8,64439,0.4609,transitando
40,1705080900,659230,67733,121,2529,3925,1384,75,-152,-59,195,-10,2883,0.353,transitando
40,1705081200,659253,67527,160,2478,3975,1376,275,-70,47,5,62,20262,0.3661,transitando
40,1705081500,659244,67662,151,2464,3941,1311,32,-43,115,20,17,10417,0.2658,transitando
40,1705081800,659306,67828,257,2435,3915,1310,-261,-209,28,-162,-33,27946,0.3085,transitando
40,1705082100,659416,67862,421,2433,3988,1408,-1,-437,86,-117,56,51013,0.1877,transitando
40,1705082400,659284,67849,281,2455,3969,593,-428,129,95,8,32,23931,0.3077,transitando
40,1705082700,659384,67739,266,2436,3933,1696,-258,227,91,-157,6,16003,0.3067,transitando
40,1705083000,659488,67532,248,2524,3940,1201,551,-50,0,-22,-40,54852,0.3484,transitando
40,1705083300,659404,67252,128,2480,3984,1073,-39,-129,-216,23,-38,37910,0.3219,transitando
40,1705083600,659324,67068,437,2483,3923,813,63,-239,-272,-4,12,35086,0.2976,transitando
40,1705083900,659340,66820,403,2475,3927,1342,64,135,65,184,11,54111,0.355,transitando
40,1705084200,659385,66667,111,2514,3907,769,583,515,203,4,-9,20414,0.291,transitando
40,1705084500,659309,66858,233,2483,3986,1545,253,94,-76,19,-13,30816,0.3034,transitando
40,1705084800,659278,66582,255,2438,3915,1542,-729,157,-114,-100,11,34195,0.2872,transitando
40,1705085100,659419,66593,363,2426,3907,123,-4,15,32,-57,71,34598,0.2615,transitando
40,1705085400,659501,66313,250,2411,3953,977,576,50,38,32,85,50534,0.3022,transitando
40,1705085700,659547,66649,350,2346,3942,1189,-100,-152,-32,30,-1,46482,0.2532,transitando
40,1705086000,659528,66836,301,2381,3899,1018,597,-34,-71,-176,76,33817,0.3307,transitando
40,1705086300,659616,67157,175,2450,3976,73,219,-234,-227,-57,3,30068,0.3152,transitando
40,1705086600,659637,66882,317,2398,3991,712,32,-160,137,271,-21,24697,0.4387,transitando
40,1705086900,659653,66752,445,2362,3937,578,243,371,-76,-26,-49,21162,0.3667,transitando
40,1705087200,659695,66714,176,2460,3994,1432,385,61,-71,23,98,59782,0.2955,transitando
40,1705087500,659682,66326,363,2547,3992,467,-182,-9,190,-38,43,26997,0.2771,transitando
40,1705087800,659627,66492,456,2438,3967,1570,7,212,-10,-95,2,34968,0.2962,transitando
40,1705088100,659643,66267,321,2446,3969,1425,-293,-16,-71,-14,33,53792,0.4298,transitando
40,1705088400,659642,66088,160,2458,3934,1290,164,-1,6,-92,21,30776,0.2998,transitando
40,1705088700,659674,65821,212,2507,3977,991,459,-335,98,77,58,60029,0.2949,transitando
40,1705089000,659762,65593,205,2527,3987,1417,-276,155,139,112,19,41884,0.2214,transitando
40,1705089300,659657,65479,314,2431,3985,715,101,107,15,-76,-160,38733,0.306,transitando
40,1705089600,659600,65263,366,2446,3951,306,132,-120,23,43,82,20507,0.3956,transitando
40,1705089900,659592,65084,424,2538,3902,524,-80,298,-31,150,24,54395,0.4996,transitando
40,1705090200,659620,65244,315,2465,3913,1244,479,225,-83,18,40,49303,0.4591,transitando
40,1705090500,659590,65045,123,2439,3965,934,441,86,126,31,-28,28179,0.3754,transitando
40,1705090800,659499,64993,480,2338,3960,1104,-516,-133,18,32,12,52838,0.4126,transitando
40,1705091100,659449,64896,166,2405,3987,849,789,107,-18,-90,11,27998,0.2682,transitando
40,1705091400,659514,65129,213,2393,3986,1049,-356,-329,-283,174,27,45629,0.4533,transitando
40,1705091700,659567,65115,51,2543,3939,1072,108,75,84,54,-20,35298,0.4455,transitando
40,1705092000,659585,65000,191,2305,3903,284,-218,-24,-170,93,-91,34225,0.3368,transitando
40,1705092300,659593,64778,347,2397,3928,1231,-475,134,-33,-41,32,17973,0.4015,transitando
40,1705092600,659571,64932,476,2319,3918,1190,-242,-111,-1,89,34,59556,0.4864,transitando
40,1705092900,659542,65056,492,2408,3971,1002,-458,94,218,-19,-87,15482,0.307,transitando
40,1705093200,659532,65420,188,2411,3969,736,-398,30,-64,-1,-76,27,0.3374,transitando
40,1705093500,659485,65634,348,2448,3901,1454,423,-149,-28,-1,-62,46507,0.277,transitando
40,1705093800,659600,65782,162,2474,3945,1090,-159,-70,97,-8,31,26930,0.2894,transitando
40,1705094100,659504,65565,84,2447,3977,1442,582,61,8,-75,-33,64936,0.3314,transitando
40,1705094400,659510,65245,367,2399,3932,1075,176,129,-158,23,12,43377,0.3833,transitando
40,1705094700,659509,65370,459,2438,3913,1775,-317,104,46,148,46,18675,0.2596,transitando
40,1705095000,659421,65487,360,2424,3947,1458,-278,-37,-30,-122,-97,4601,0.2563,transitando
40,1705095300,659479,65172,415,2389,3965,316,-21,151,-59,-41,40,2590,0.3588,transitando
40,1705095600,659506,65319,452,2436,3981,88,129,-248,22,73,27,54461,0.3564,transitando
40,1705095900,659457,65479,350,2451,3900,109,0,-136,-77,-33,53,15180,0.4798,transitando
40,1705096200,659478,65344,102,2454,3903,1213,-335,-133,68,-62,17,25395,0.3331,transitando
40,1705096500,659495,65658,288,2416,3988,1458,-286,-95,9,-92,-36,15909,0.3129,transitando
40,1705096800,659433,65983,432,2376,3897,1474,275,-253,50,-187,19,4030,0.3356,transitando
40,1705097100,659324,65693,91,2454,3966,1125,-298,-167,-69,145,-34,29918,0.4798,transitando
40,1705097400,659329,65859,325,2497,3929,70,-146,-184,119,-84,22,49253,0.2915,transitando
40,1705097700,659342,66072,325,2443,3952,369,-282,-117,-70,-14,9,20531,0.3343,transitando
40,1705098000,659375,66367,269,2489,3990,269,184,-6,128,89,-38,11908,0.297,transitando
40,1705098300,659267,66389,358,2458,3961,757,-231,139,101,-160,-21,1230,0.404,transitando
40,1705098600,659281,66508,202,2437,3988,1350,180,334,-28,42,39,820,0.3931,transitando
40,1705098900,659219,66426,441,2390,3930,78,301,-99,-59,-105,-21,37797,0.2416,transitando
40,1705099200,659209,66735,490,2483,3946,1512,-172,271,-120,-57,13,55814,0.5168,transitando
40,1705099500,659225,66816,194,2397,3995,1167,363,227,-19,13,-38,5097,0.2687,transitando
40,1705099800,659334,66806,393,2414,3985,1282,290,-316,39,13,51,822,0.3234,transitando
40,1705100100,659429,66597,102,2424,3977,713,-146,-240,-103,152,19,52816,0.3167,transitando
40,1705100400,659372,66377,394,2571,3922,480,-246,186,-48,7,-35,3226,0.4409,transitando
40,1705100700,659464,66279,327,2466,3979,1551,-79,-717,-109,-151,-39,60846,0.3388,transitando
40,1705101000,659425,65944,206,2513,3939,1215,-209,46,54,236,-84,44546,0.2795,transitando
40,1705101300,659294,65989,180,2513,3995,1092,176,102,165,-10,49,14937,0.2628,transitando
40,1705101600,659386,65774,416,2393,3898,1800,-289,-235,-2,67,6,51185,0.2919,transitando
40,1705101900,659461,65579,80,2524,3933,820,-111,-60,33,29,28,22928,0.2536,transitando
40,1705102200,659486,65888,427,2478,3950,714,320,-16,-104,-46,-31,15961,0.4396,transitando
40,1705102500,659587,65911,138,2449,3963,1327,-232,100,30,-133,31,59565,0.336,transitando
40,1705102800,659512,65654,325,2361,3945,706,-268,-102,52,-158,32,38093,0.2968,transitando
40,1705103100,659431,65824,208,2442,3933,1090,114,-249,-206,-43,4,28750,0.5055,transitando
40,1705103400,659454,65854,113,2503,3914,1299,-25,-23,-97,-48,-3,10381,0.4844,transitando
40,1705103700,659503,65784,411,2398,3935,1953,-119,247,64,1,-32,50036,0.3728,transitando
40,1705104000,659613,65820,118,2521,3901,711,170,209,41,-13,-142,57207,0.4293,transitando
40,1705104300,659629,65664,411,2380,3935,1184,262,-88,-151,-34,-20,17263,0.3404,transitando
40,1705104600,659655,65430,96,2417,3958,812,-73,-59,6,134,-109,51970,0.3078,transitando
40,1705104900,659766,65295,365,2373,3923,452,29,8,-107,-53,42,37843,0.3985,transitando
40,1705105200,659733,65215,185,2497,3964,1448,14,384,3,-141,59,49928,0.597,transitando
40,1705105500,659710,65190,182,2493,3903,1329,-477,-63,-8,25,-5,42108,0.2966,transitando
40,1705105800,659806,65240,170,2500,3933,415,60,10,110,81,64,41052,0.4215,transitando
40,1705106100,659756,65212,158,2537,3996,610,-82,-75,-98,59,-47,1832,0.467,transitando
40,1705106400,659719,65391,93,2467,3989,1495,-4,-154,88,166,17,9858,0.3233,transitando
40,1705106700,659581,65338,466,2454,3942,661,47,-213,-166,-30,21,3514,0.4208,transitando
40,1705107000,659622,65246,338,2441,3989,907,-613,-171,42,45,4,36979,0.525,transitando
40,1705107300,659622,65171,190,2376,3943,1232,-522,-144,205,36,-59,61694,0.3477,transitando
40,1705107600,659584,64834,109,2478,3950,1682,-410,85,-147,-98,-34,15993,0.5288,transitando
40,1705107900,659610,64830,345,2392,3919,855,4,183,120,82,62,50878,0.3674,transitando
40,1705108200,659668,64793,343,2497,3904,1341,-193,-247,142,8,-19,63236,0.394,transitando
40,1705108500,659727,64960,319,2518,3936,1138,157,159,-194,70,-59,7604,0.3624,transitando
40,1705108800,659688,65138,475,2340,3983,718,-297,79,60,-10,-61,11798,0.3431,transitando
40,1705109100,659771,64982,138,2423,3902,2294,-268,153,86,18,33,17912,0.2831,transitando
40,1705109400,659714,64643,221,2443,3950,549,420,-38,-60,-97,-45,18663,0.3341,transitando
40,1705109700,659620,64736,61,2510,3912,1864,334,-412,-57,23,38,3566,0.4211,transitando
40,1705110000,659623,64956,107,2481,3940,791,272,-41,-166,-37,25,64881,0.4222,transitando
40,1705110300,659602,65069,1124,2313,3951,466,64,-304,43,163,-18,23601,0.606,busca
40,1705110600,659559,65068,1660,2166,3948,325,1749,-1148,-205,-44,28,43471,0.4388,busca
40,1705110900,659587,65215,976,2381,3933,412,-1185,-808,419,72,-41,64852,0.5251,busca
40,1705111200,659568,65285,242,2458,3946,-1650,-2713,507,-439,-224,483,19339,0.4834,forrageando
40,1705111500,659599,65141,507,2325,3945,235,2640,349,44,455,100,47327,0.2901,forrageando
40,1705111800,659697,65594,1434,2261,3920,-807,-2366,-547,357,-487,-63,2544,0.5733,forrageando
40,1705112100,659685,65652,817,2283,3910,2911,2855,324,425,9,-304,20333,0.514,forrageando
40,1705112400,659688,65669,1178,2149,3954,1026,-336,-2302,-479,-35,-90,27017,0.4013,forrageando
40,1705112700,659758,65717,1035,2320,3993,-4011,-1139,551,-28,639,376,49603,0.411,forrageando
40,1705113000,659781,65587,1169,2283,3994,2128,1532,-940,138,799,190,12853,0.3797,forrageando
40,1705113300,659683,65620,1211,2244,3914,218,-4881,-1952,135,-745,-160,561,0.3782,forrageando
40,1705113600,659719,65633,1174,2340,3965,-3129,2555,-569,-32,189,-145,29630,0.5175,forrageando
40,1705113900,659687,65611,223,2420,3994,-3991,-897,-2231,-74,-746,-228,30257,0.4278,forrageando
40,1705114200,659637,65438,1453,2205,3949,-4200,1338,515,439,-542,-454,40112,0.4658,forrageando
40,1705114500,659604,65511,755,2369,3907,-2496,659,-775,35,-622,-50,50571,0.6319,forrageando
41,1705028400,-412901,-1509002,330,2462,3992,-1366,471,116,470,-20,149,30475,0.3554,busca
41,1705028700,-412907,-1508932,330,2403,3911,1191,-405,-325,13,-40,44,33787,0.4432,busca
41,1705029000,-412827,-1509063,1520,2146,3987,-672,-276,-737,-117,199,-68,62680,0.4045,busca
41,1705029300,-412788,-1509094,646,2373,3965,2461,1416,-1370,121,-174,-109,29213,0.56,busca
41,1705029600,-412735,-1509100,1632,2133,3934,1064,968,-682,11,253,275,47040,0.4057,busca
41,1705029900,-412660,-1509010,245,2455,3912,1647,-203,-165,-216,210,11,21961,0.3482,transitando
41,1705030200,-412545,-1508900,106,2486,3915,1832,-212,-77,72,17,19,29544,0.3726,transitando
41,1705030500,-412561,-1508957,167,2530,3984,1481,-310,-7,108,-142,-22,10491,0.2701,transitando
41,1705030800,-412490,-1509117,240,2519,3976,1630,309,311,89,123,0,6587,0.3458,transitando
41,1705031100,-412462,-1508921,244,2551,3906,1185,-282,263,-129,-23,8,25312,0.4775,transitando
41,1705031400,-412443,-1509061,430,2404,3905,376,114,229,-5,-30,-64,20111,0.3251,transitando
41,1705031700,-412318,-1508991,255,2409,3984,1365,-147,156,115,79,-17,47654,0.3797,transitando
41,1705032000,-412297,-1508919,276,2413,3967,91,-513,-153,72,33,46,56173,0.3259,transitando
41,1705032300,-412345,-1508801,90,2598,3899,1327,-43,-12,-9,87,-10,21472,0.4587,transitando
41,1705032600,-412383,-1508840,69,2563,3987,1138,149,-299,69,80,-23,61200,0.3937,transitando
41,1705032900,-412464,-1508924,474,2461,3902,2335,30,281,-147,64,-56,31049,0.3213,transitando
41,1705033200,-412597,-1508856,195,2402,3987,688,427,166,75,79,-23,52818,0.3813,transitando
41,1705033500,-412532,-1508946,235,2533,3933,854,329,59,-15,81,-29,26231,0.4662,transitando
41,1705033800,-412602,-1508889,383,2490,3968,1408,416,226,-120,17,3,7363,0.4851,transitando
41,1705034100,-412610,-1508956,116,2479,3929,542,239,-486,45,-145,-14,39813,0.4818,transitando
41,1705034400,-412559,-1509056,66,2478,3950,1334,20,-328,120,183,61,643,0.365,transitando
41,1705034700,-412634,-1509012,387,2504,3935,944,47,206,96,-66,19,10297,0.4217,transitando
41,1705035000,-412610,-1509118,342,2314,3994,334,282,-41,129,-46,-19,26988,0.4694,transitando
41,1705035300,-412629,-1509016,249,2482,3993,2038,75,-307,45,-32,9,44180,0.3588,transitando
41,1705035600,-412710,-1509046,224,2396,3937,1091,-227,26,-57,-46,-92,39988,0.4422,transitando
41,1705035900,-412767,-1509078,91,2369,3964,200,-301,-183,-21,52,-41,22590,0.4162,transitando
41,1705036200,-412707,-1509111,118,2401,3923,1434,-224,-375,96,41,-85,54280,0.459,transitando
41,1705036500,-412766,-1509200,385,2430,3956,1198,-471,206,63,-116,-40,26306,0.5318,transitando
41,1705036800,-412772,-1509226,112,2377,3914,1352,-356,-347,-44,-103,-9,16602,0.3956,transitando
41,1705037100,-412816,-1509295,159,2518,3948,1471,-356,260,-246,-1,-17,21479,0.4534,transitando
41,1705037400,-412870,-1509176,57,2410,3987,677,-131,-79,24,-16,-14,61897,0.4005,transitando
41,1705037700,-412840,-1509288,95,2570,3986,851,384,100,-78,-96,57,12194,0.4749,transitando
41,1705038000,-412882,-1509242,401,2382,3976,890,56,-25,20,-5,-7,58332,0.4304,transitando
41,1705038300,-412985,-1509285,234,2460,3949,236,280,-344,-34,187,-147,36205,0.3366,transitando
41,1705038600,-413053,-1509180,234,2470,3930,521,451,-111,-25,104,34,4908,0.456,transitando
41,1705038900,-413102,-1509125,301,2467,3988,243,-36,-55,185,75,8,665,0.5067,transitando
41,1705039200,-413131,-1509150,399,2449,3993,-300,-221,62,-40,31,-87,25732,0.5037,transitando
41,1705039500,-413130,-1509115,357,2425,3922,1604,-128,77,-5,115,152,55127,0.4753,transitando
41,1705039800,-413131,-1509037,153,2482,3949,1051,-318,-195,-43,93,-1,4888,0.3799,transitando
41,1705040100,-413124,-1508955,432,2397,3966,856,197,-251,74,21,17,12651,0.4482,transitando
41,1705040400,-413190,-1508941,394,2401,3900,859,-151,93,4,232,-73,19734,0.5313,transitando
41,1705040700,-413167,-1508899,308,2366,3900,1312,274,109,-19,144,4,64251,0.504,transitando
41,1705041000,-413181,-1508907,256,2452,3979,391,269,161,-32,78,-7,2040,0.5046,transitando
41,1705041300,-413160,-1508954,362,2421,3912,165,-170,120,-64,68,12,7919,0.5433,transitando
41,1705041600,-413153,-1508923,347,2448,3975,1301,-47,321,-45,-89,17,22588,0.589,transitando
41,1705041900,-413178,-1508889,57,2509,3987,778,308,-162,-8,235,-46,57068,0.4586,transitando
41,1705042200,-413235,-1508949,213,2430,3983,1238,498,-136,98,-152,-32,9956,0.5568,transitando
41,1705042500,-413235,-1508926,112,2445,3951,1554,-116,-20,248,-45,4,35986,0.5312,transitando
41,1705042800,-413221,-1508950,477,2446,3903,1305,478,53,-45,32,35,16862,0.4405,transitando
41,1705043100,-413123,-1509008,315,2474,3903,1325,457,-353,53,-37,103,47972,0.3978,transitando
41,1705043400,-413028,-1508994,131,2523,3909,535,250,-13,117,-106,9,38979,0.3585,transitando
41,1705043700,-413064,-1508889,493,2409,3959,1151,341,-106,59,-95,21,4249,0.4782,transitando
41,1705044000,-413124,-1508901,337,2504,3914,1058,361,-158,-16,-15,33,39725,0.4723,transitando
41,1705044300,-413125,-1508802,92,2526,3990,1196,384,-333,-89,-100,8,14965,0.399,transitando
41,1705044600,-413169,-1508898,112,2486,3970,1511,156,-55,-94,-20,-15,12540,0.5392,transitando
41,1705044900,-413185,-1508894,323,2450,3986,979,-59,74,-18,-92,-31,35848,0.4485,transitando
41,1705045200,-413265,-1508859,163,2541,3913,1740,-241,-398,-9,-37,-9,45177,0.4303,transitando
41,1705045500,-413219,-1508936,330,2488,3919,1315,-31,-303,-62,-33,-90,5957,0.486,transitando
41,1705045800,-413157,-1508843,166,2448,3983,56,497,-97,37,-113,24,23357,0.4697,transitando
41,1705046100,-413100,-1508801,56,2494,3901,1139,-342,310,-25,237,-36,23542,0.5488,transitando
41,1705046400,-413087,-1508799,235,2527,3958,729,-510,171,-215,-50,54,40495,0.6016,transitando
41,1705046700,-413106,-1508807,50,2543,3979,983,6,-182,16,4,4,39200,0.5398,transitando
41,1705047000,-413130,-1508856,282,2433,3925,263,258,446,0,-33,22,27340,0.4627,transitando
41,1705047300,-413081,-1508802,254,2381,3912,2351,102,-262,-11,52,-66,53024,0.6482,transitando
41,1705047600,-413058,-1508837,327,2372,3962,951,-108,-27,3,-42,-32,19014,0.5905,transitando
41,1705047900,-413073,-1508848,386,2418,3925,1433,255,-166,-26,27,-2,16002,0.5667,transitando
41,1705048200,-413062,-1508798,362,2449,3934,649,473,188,48,17,3,49110,0.6028,transitando
41,1705048500,-413030,-1508820,370,2313,3897,1457,310,-115,117,176,33,48727,0.6235,transitando
41,1705048800,-413035,-1508782,193,2355,3916,919,261,-183,73,205,-120,3470,0.4404,transitando
41,1705049100,-412959,-1508890,161,2567,3954,652,244,141,-85,217,10,19095,0.6332,transitando
41,1705049400,-412983,-1508929,215,2380,3926,403,-236,41,-129,-155,-48,45885,0.5167,transitando
41,1705049700,-413012,-1508970,227,2545,3941,1075,98,113,17,-20,-13,35045,0.6006,transitando
41,1705050000,-413035,-1508935,386,2350,3937,1105,-195,-266,-72,-44,-70,59965,0.5117,transitando
41,1705050300,-413048,-1508952,155,2519,3982,540,-313,242,-65,50,64,41854,0.6001,transitando
41,1705050600,-413037,-1508979,123,2581,3962,882,-228,133,116,-22,-13,842,0.5036,transitando
41,1705050900,-413068,-1509032,294,2384,3983,1173,-8,120,-85,86,35,19273,0.5221,transitando
41,1705051200,-413093,-1509043,217,2432,3954,592,169,-200,-2,-67,31,39246,0.6173,transitando
41,1705051500,-413073,-1509051,228,2502,3993,945,-571,-200,262,-15,-27,44636,0.5149,transitando
41,1705051800,-413045,-1509094,137,2487,3916,310,-355,-306,12,-121,29,43439,0.4938,transitando
41,1705052100,-412985,-1509068,182,2471,3945,1295,509,71,-162,11,12,64254,0.5213,transitando
41,1705052400,-412972,-1509034,406,2417,3991,890,-131,58,3,-239,-48,42691,0.534,transitando
41,1705052700,-412950,-1508998,177,2573,3949,770,-388,-201,-100,184,-15,49207,0.5527,transitando
41,1705053000,-412978,-1509043,467,2399,3989,869,-58,-249,39,-29,25,27580,0.6172,transitando
41,1705053300,-412938,-1509086,51,2500,3986,-67,150,-242,84,25,26,3974,0.5026,transitando
41,1705053600,-412922,-1509092,136,2475,3993,185,-184,-112,190,-50,51,45582,0.5816,transitando
41,1705053900,-412899,-1509110,120,2462,3945,1767,555,23,78,-29,103,62629,0.5745,transitando
41,1705054200,-412929,-1509138,438,2431,3974,1138,53,-52,-89,164,-19,16577,0.5295,transitando
41,1705054500,-412950,-1509106,380,2504,3984,572,-3,-129,-117,199,-8,50244,0.5338,transitando
41,1705054800,-412943,-1509084,173,2432,3908,768,-236,-52,164,38,-26,5836,0.5278,transitando
41,1705055100,-412956,-1509111,90,2535,3927,1263,-267,-21,-44,15,-62,15585,0.5777,transitando
41,1705055400,-412975,-1509081,131,2505,3985,279,62,-251,-241,97,52,25652,0.651,transitando
41,1705055700,-412956,-1509084,479,2425,3944,722,-228,200,-90,-143,-57,45991,0.554,transitando
41,1705056000,-412955,-1509134,224,2427,3941,1029,-598,-145,29,21,-73,28829,0.513,transitando
41,1705056300,-412918,-1509119,300,2474,3908,394,322,98,-59,-72,-56,45470,0.5231,transitando
41,1705056600,-412948,-1509126,116,2450,3928,509,-67,-122,-82,-35,3,54008,0.6418,transitando
41,1705056900,-412943,-1509182,232,2409,3972,520,-20,112,-22,-111,-16,42241,0.4846,transitando
41,1705057200,-413025,-1509112,285,2493,3919,757,-240,-22,170,56,-30,12775,0.5353,transitando
41,1705057500,-413060,-1509128,448,2325,3962,1164,261,-344,-103,-6,-19,6001,0.5297,transitando
41,1705057800,-413080,-1509110,459,2447,3988,882,262,169,29,-63,4,30984,0.617,transitando
41,1705058100,-413084,-1509153,140,2466,3919,1289,154,-130,160,-139,139,24192,0.5908,transitando
41,1705058400,-413099,-1509127,182,2513,3989,1750,-103,-132,192,139,69,49141,0.394,transitando
41,1705058700,-413028,-1509054,322,2424,3906,273,59,-231,35,-35,37,13889,0.3966,transitando
41,1705059000,-412930,-1509142,402,2366,3965,1035,464,-54,165,-12,-74,61477,0.4962,transitando
41,1705059300,-412975,-1509191,366,2521,3988,1128,-494,-138,-71,-32,-18,7793,0.4721,transitando
41,1705059600,-412914,-1509141,148,2498,3932,586,185,282,-125,-11,0,48047,0.5306,transitando
41,1705059900,-412924,-1509125,271,2374,3965,849,-209,-489,33,84,-16,59219,0.4151,transitando
41,1705060200,-412971,-1509067,97,2467,3968,721,-203,-5,-48,54,-6,18292,0.4473,transitando
41,1705060500,-412938,-1508917,84,2517,3933,755,-308,171,38,96,-25,38121,0.463,transitando
41,1705060800,-412979,-1508969,261,2446,3973,482,343,176,-146,-59,-42,34085,0.6014,transitando
41,1705061100,-412947,-1508998,497,2462,3931,840,395,-135,-9,-138,87,39755,0.4683,transitando
41,1705061400,-412999,-1509003,119,2516,3974,429,134,-9,-111,154,-5,20986,0.5325,transitando
41,1705061700,-413018,-1509053,2925,1983,3938,2052,385,-1200,248,252,-98,21660,0.5702,busca
41,1705062000,-413009,-1509015,3400,1874,3980,449,-500,79,-395,102,310,29210,0.4531,busca
41,1705062300,-413003,-1509112,1949,2071,3974,-2217,-289,174,197,-51,177,60016,0.6189,busca
41,1705062600,-413001,-1509068,3871,1737,3932,518,-79,138,294,-123,-133,24407,0.5913,busca
41,1705062900,-412961,-1509053,3213,1800,3928,20,606,-1117,131,-9,67,8974,0.3953,busca
41,1705063200,-412922,-1509068,2862,1797,3915,1094,-707,362,-159,567,-98,6559,0.4177,busca
41,1705063500,-412969,-1509029,2836,1989,3919,445,-627,-20,33,-199,-318,13772,0.5387,busca
41,1705063800,-412977,-1509051,3339,1872,3947,1265,476,-1280,198,281,96,32038,0.5439,busca
41,1705064100,-412948,-1509027,3688,1700,3926,1980,-256,-415,-39,-77,157,48835,0.5232,busca
41,1705064400,-412975,-1509003,2175,2087,3928,-207,538,-290,313,16,29,40507,0.4362,busca
41,1705064700,-412898,-1508963,3304,1851,3967,1552,305,-715,-135,-106,-272,4500,0.5128,busca
41,1705065000,-412897,-1508918,1282,2205,3958,2474,-313,-631,-477,-47,-67,43206,0.4136,busca
41,1705065300,-412943,-1508906,2705,1945,3912,-561,544,-850,42,-86,-276,54258,0.4323,busca
41,1705065600,-413003,-1508981,1407,2211,3980,-31,290,-985,91,-132,-102,45158,0.4478,busca
41,1705065900,-412933,-1509047,1896,2131,3989,-318,208,-75,13,-379,28,14345,0.4362,busca
41,1705066200,-412955,-1508961,3479,1712,3918,971,-419,-1828,-93,278,-262,47150,0.549,busca
41,1705066500,-412905,-1508930,3755,1801,3932,-192,393,-863,-55,72,116,55068,0.4443,busca
41,1705066800,-412910,-1509011,2795,1923,3983,537,-50,268,-36,68,-39,47049,0.4827,busca
41,1705067100,-412993,-1508991,2790,1881,3998,1845,-186,-391,157,209,-284,5913,0.4875,busca
41,1705067400,-412926,-1509091,3315,1794,3942,-1310,196,-590,-500,-283,-195,30903,0.4455,busca
41,1705067700,-413007,-1509013,1959,2082,3967,447,1059,-719,-23,-126,-110,55996,0.4711,busca
41,1705068000,-413070,-1509047,1029,2344,3916,1643,-347,524,-113,144,-9,59573,0.4957,busca
41,1705068300,-413042,-1508974,2342,2061,3917,1050,19,-66,-277,-148,299,39366,0.3792,busca
41,1705068600,-413008,-1509037,1240,2209,3919,3351,164,625,-56,276,-136,22375,0.448,busca
41,1705068900,-412955,-1508906,2857,1980,3968,1090,-2214,-902,8,-89,-14,1991,0.4885,busca
41,1705069200,-412958,-1508818,3422,1865,3938,1604,530,-998,-136,-349,240,22303,0.4284,busca
41,1705069500,-412860,-1508811,1049,2302,3976,747,-856,-68,-25,-56,-181,63014,0.4595,busca
41,1705069800,-412816,-1508801,2921,1972,3940,1993,-31,-99,107,-146,-71,53249,0.3101,busca
41,1705070100,-412715,-1508832,1422,2277,3908,-1830,1189,-1168,-128,91,39,20210,0.3969,busca
41,1705070400,-412647,-1508914,3008,1915,3959,801,-1112,-438,-169,125,-127,34242,0.487,busca
41,1705070700,-412696,-1508982,3868,1758,3986,313,-156,-984,-245,-8,-214,53052,0.3954,busca
41,1705071000,-412671,-1509145,3336,1862,3928,1761,1216,-446,290,376,190,61432,0.3477,busca
41,1705071300,-412684,-1509039,2399,2031,3916,-2140,-206,115,-3,77,-51,7993,0.4799,busca
41,1705071600,-412598,-1508926,2087,2113,3949,-340,194,-99,-130,-71,-200,21441,0.3582,busca
41,1705071900,-412600,-1508842,2235,2064,3908,1066,621,-862,-267,207,-89,64564,0.4671,busca
41,1705072200,-412654,-1508872,3793,1762,3953,-1137,-1316,-81,-503,89,132,15122,0.3908,busca
41,1705072500,-412683,-1508962,1740,2112,3984,92,199,-298,-19,210,-180,33884,0.4744,busca
41,1705072800,-412619,-1509025,3834,1701,3907,2017,-110,-1084,167,-301,-8,38173,0.3964,busca
41,1705073100,-412588,-1508964,2769,1893,3932,-202,225,-428,108,-110,166,25188,0.3961,busca
41,1705073400,-412491,-1508923,3285,1834,3920,428,-321,-34,-240,-279,19,43728,0.3414,busca
41,1705073700,-412531,-1509015,1446,2247,3937,977,-371,-416,199,-139,-184,22880,0.3603,busca
41,1705074000,-412599,-1509140,1165,2231,3947,19,-102,-445,-27,-96,256,30607,0.3242,busca
41,1705074300,-412551,-1509052,3670,1645,3949,-387,-587,-949,-69,3,203,23124,0.4102,busca
41,1705074600,-412563,-1509012,3563,1831,3939,2916,-1314,135,-394,-39,170,36681,0.4318,busca
41,1705074900,-412631,-1509055,2939,1910,3969,1435,505,-260,281,-224,-39,11177,0.3907,busca
41,1705075200,-412687,-1508989,3093,1882,3984,1354,-352,-574,-145,-21,50,44104,0.5361,busca
41,1705075500,-412722,-1509018,2652,1964,3917,1205,-709,-168,-161,-115,-69,559,0.3963,busca
41,1705075800,-412672,-1509049,2156,2071,3937,-2388,-880,28,136,34,118,2186,0.3757,busca
41,1705076100,-412690,-1509134,2623,2020,3967,26,420,-993,-44,20,-130,43095,0.4048,busca
41,1705076400,-412662,-1509165,3249,1812,3994,1641,-935,-349,59,107,-172,3709,0.5422,busca
41,1705076700,-412677,-1509194,2098,2123,3998,559,-489,-889,-34,87,12,191,0.2763,busca
41,1705077000,-412685,-1509280,2685,1912,3991,990,-111,-88,-12,-57,-324,16532,0.3596,busca
41,1705077300,-412765,-1509362,1305,2177,3967,-477,912,-9,196,-97,18,4631,0.4578,busca
41,1705077600,-412671,-1509272,2791,1983,3912,214,67,-818,-608,-217,-32,35280,0.4404,busca
41,1705077900,-412692,-1509377,3983,1672,3916,-2566,385,129,427,357,-188,21821,0.384,busca
41,1705078200,-412655,-1509439,3976,699,3980,685,-3491,-1710,-216,-346,-145,48649,0.357,forrageando
41,1705078500,-412575,-1509532,3695,511,3928,2805,-3924,-1664,412,-212,160,28503,0.4221,forrageando
41,1705078800,-412578,-1509454,2729,481,3943,883,-921,-402,3,182,273,49497,0.4519,forrageando
41,1705079100,-412658,-1509372,4025,599,3971,1450,3208,-1909,261,32,376,6600,0.3727,forrageando
41,1705079400,-412722,-1509253,3920,619,3961,-2152,-1594,-1977,-149,-523,-60,55008,0.4122,forrageando
41,1705079700,-412725,-1509134,5734,831,3945,-2128,4428,-799,-849,-137,232,62524,0.3376,forrageando
41,1705080000,-412544,-1509061,6263,783,3927,-631,-26,-574,1003,464,-492,33051,0.448,forrageando
41,1705080300,-412538,-1508948,2529,1950,3918,1115,255,-957,-257,142,242,32133,0.3325,busca
41,1705080600,-412430,-1508820,1255,2243,3993,2584,1148,-735,96,-90,279,18350,0.3721,busca
41,1705080900,-412508,-1508885,1630,2145,3919,1295,-869,67,239,-161,-52,19027,0.4649,busca
41,1705081200,-412521,-1508781,3534,1861,3964,29,236,141,159,-19,8,23359,0.267,busca
41,1705081500,-412584,-1508656,2043,2085,3950,870,-1706,-317,33,-79,15,34918,0.4637,busca
41,1705081800,-412507,-1508639,1351,2252,3925,27,-672,-1097,-288,41,28,11317,0.3195,busca
41,1705082100,-412596,-1508680,1682,2221,3955,2226,-1341,-1104,75,-103,156,2195,0.287,busca
41,1705082400,-412576,-1508785,2280,2044,3905,-136,-485,-688,-305,-57,-116,57855,0.3493,busca
41,1705082700,-412543,-1508647,2212,2072,3929,-50,-625,-544,36,-56,117,46075,0.2978,busca
41,1705083000,-412605,-1508722,1559,2207,3945,1823,-1406,374,-160,107,-77,1056,0.4135,busca
41,1705083300,-412644,-1508687,1540,2271,3922,509,1020,490,42,219,-335,1144,0.3268,busca
41,1705083600,-412617,-1508613,3084,1901,3918,-573,28,-717,323,-162,-143,9904,0.3249,busca
41,1705083900,-412705,-1508742,2058,2170,3914,-282,259,-642,203,-372,-128,205,0.3597,busca
41,1705084200,-412761,-1508715,2628,2022,3977,-734,20,-343,-106,13,-47,48596,0.3438,busca
41,1705084500,-412703,-1508585,1898,2148,3920,2019,-480,-311,155,127,251,63221,0.2635,busca
41,1705084800,-412637,-1508589,3433,1775,3997,1614,1648,-512,-355,84,-136,55263,0.2628,busca
41,1705085100,-412744,-1508637,3944,1699,3969,738,-79,282,5,157,65,32847,0.2403,busca
41,1705085400,-412689,-1508534,2741,1964,3951,165,-986,-766,48,117,0,27619,0.4475,busca
41,1705085700,-412758,-1508488,2207,1883,3964,1891,651,-179,282,216,-45,41859,0.3659,busca
41,1705086000,-412695,-1508413,1766,2117,3969,-195,-477,-390,155,154,-239,9,0.3473,busca
41,1705086300,-412651,-1508564,1206,2327,3921,-673,621,-171,173,-45,-214,30588,0.4813,busca
41,1705086600,-412629,-1508510,2666,1911,3909,88,-965,-417,-149,83,-152,59655,0.4457,busca
41,1705086900,-412641,-1508574,1344,2253,3912,-752,410,-635,195,381,-40,16574,0.2973,busca
41,1705087200,-412545,-1508707,2195,2076,3969,-1827,-435,-76,340,57,200,54098,0.4266,busca
41,1705087500,-412478,-1508645,384,2486,3917,-450,391,-191,-54,-79,30,42173,0.2848,transitando
41,1705087800,-412528,-1508791,233,2452,3945,403,43,368,7,-71,60,27326,0.3884,transitando
41,1705088100,-412616,-1508754,267,2464,3920,962,-119,-518,-14,-156,12,52722,0.3926,transitando
41,1705088400,-412680,-1508672,155,2450,3903,883,303,88,30,-231,3,53521,0.3096,transitando
41,1705088700,-412591,-1508732,326,2387,3995,597,132,-237,-135,80,16,24137,0.3921,transitando
41,1705089000,-412579,-1508812,86,2430,3984,1548,-508,-399,-104,25,6,12709,0.4739,transitando
41,1705089300,-412658,-1508849,176,2369,3928,1171,294,49,-110,-164,64,7992,0.3049,transitando
41,1705089600,-412634,-1508719,420,2422,3980,696,51,-82,43,16,-60,225,0.3238,transitando
41,1705089900,-412751,-1508677,88,2490,3979,878,-60,56,98,65,-140,7156,0.379,transitando
41,1705090200,-412776,-1508765,63,2450,3971,123,-557,-63,-111,-73,-73,56251,0.3803,transitando
41,1705090500,-412696,-1508762,273,2392,3996,1623,-149,297,54,15,22,25598,0.3664,transitando
41,1705090800,-412624,-1508740,394,2445,3944,1159,36,97,-13,-43,23,2642,0.3944,transitando
41,1705091100,-412622,-1508678,73,2543,3955,1262,367,-118,-136,-134,27,12484,0.304,transitando
41,1705091400,-412664,-1508497,313,2345,3936,509,-282,15,-31,-7,-24,57886,0.4412,transitando
41,1705091700,-412598,-1508406,496,2392,3908,1412,-91,168,-77,-46,-11,49666,0.5275,transitando
41,1705092000,-412626,-1508428,491,2442,3990,1133,0,-291,-215,57,14,36263,0.4036,transitando
41,1705092300,-412664,-1508339,175,2537,3960,662,-196,-205,139,-109,8,43314,0.4905,transitando
41,1705092600,-412633,-1508263,206,2447,3940,2105,-361,67,-34,-17,-15,64107,0.4055,transitando
41,1705092900,-412632,-1508156,113,2427,3918,487,161,121,-4,47,16,24391,0.5042,transitando
41,1705093200,-412620,-1508111,255,2468,3908,1425,685,95,56,-31,-25,49763,0.4042,transitando
41,1705093500,-412566,-1508123,136,2596,3941,748,121,-214,56,-105,11,51645,0.4053,transitando
41,1705093800,-412506,-1508234,54,2473,3975,1403,-340,172,-76,-118,-62,1112,0.4996,transitando
41,1705094100,-412433,-1508173,230,2465,3976,1003,-242,54,-82,69,16,20904,0.2613,transitando
41,1705094400,-412327,-1508120,332,2389,3978,1099,-463,364,72,43,-19,3222,0.4117,transitando
41,1705094700,-412419,-1508078,342,2437,3953,-464,-37,292,139,-52,79,43683,0.4835,transitando
41,1705095000,-412335,-1508115,320,2452,3919,1406,-36,-284,42,-27,19,51139,0.541,transitando
41,1705095300,-412318,-1508091,57,2543,3926,1433,540,-262,-65,-133,-51,60312,0.5071,transitando
41,1705095600,-412307,-1508039,331,2451,3950,-18,55,41,-81,113,27,58017,0.2952,transitando
41,1705095900,-412192,-1508086,59,2507,3945,773,549,80,-51,-109,8,57669,0.4329,transitando
41,1705096200,-412105,-1508020,94,2518,3931,580,-167,273,27,244,-67,14504,0.2796,transitando
41,1705096500,-412065,-1508148,483,2440,3954,836,370,367,69,51,27,20144,0.357,transitando
41,1705096800,-412032,-1508236,424,2348,3953,873,-18,-336,-73,25,-3,12658,0.456,transitando
41,1705097100,-411955,-1508276,410,2368,3932,1498,-543,-5,96,150,15,45687,0.254,transitando
41,1705097400,-412073,-1508230,68,2490,3959,1059,124,88,10,-20,-70,31178,0.4742,transitando
41,1705097700,-412077,-1508144,59,2486,3918,717,151,278,-157,62,-69,50279,0.4956,transitando
41,1705098000,-412099,-1508020,66,2516,3925,124,119,168,-45,-264,56,27980,0.2396,transitando
41,1705098300,-412250,-1507972,257,2448,3952,1425,323,106,-36,197,2,18950,0.3373,transitando
41,1705098600,-412178,-1507876,255,2577,3995,1434,474,-118,-115,118,-107,54987,0.447,transitando
41,1705098900,-412120,-1507854,56,2444,3972,1546,164,309,-162,-385,-34,34786,0.4556,transitando
41,1705099200,-412144,-1507913,430,2475,3897,1179,212,-5,-174,-17,-26,55190,0.467,transitando
41,1705099500,-412098,-1507989,197,2565,3988,1433,-182,-179,-82,-99,55,41819,0.3078,transitando
41,1705099800,-411984,-1507879,277,2469,3947,1455,37,-56,52,162,66,48460,0.5288,transitando
41,1705100100,-411961,-1507904,440,2415,3945,329,-225,138,156,-13,-17,11368,0.4312,transitando
41,1705100400,-412039,-1507809,190,2449,3899,986,487,129,-16,121,-30,54655,0.4054,transitando
41,1705100700,-412059,-1507747,113,2432,3908,1144,-275,153,17,116,3,9409,0.4135,transitando
41,1705101000,-412073,-1507614,493,2451,3953,831,753,95,20,-113,-18,1586,0.366,transitando
41,1705101300,-412093,-1507709,265,2576,3928,1038,423,0,-82,-69,-10,15711,0.4235,transitando
41,1705101600,-412155,-1507751,159,2543,3983,1168,78,26,26,-4,25,7496,0.4467,transitando
41,1705101900,-412067,-1507725,455,2398,3912,923,390,194,27,-33,-61,26475,0.4278,transitando
41,1705102200,-412024,-1507624,88,2472,3978,978,111,-455,-77,-236,-71,2606,0.4134,transitando
41,1705102500,-412108,-1507630,111,2452,3919,1947,-114,-82,80,-108,-4,29811,0.5179,transitando
41,1705102800,-412109,-1507656,144,2498,3914,662,-6,165,4,10,-87,53092,0.4192,transitando
41,1705103100,-412227,-1507605,306,2492,3950,751,318,54,71,92,23,13219,0.3641,transitando
41,1705103400,-412198,-1507689,119,2507,3970,591,-131,-361,91,-46,4,22669,0.389,transitando
41,1705103700,-412134,-1507588,158,2440,3929,496,-338,188,17,42,49,10138,0.4218,transitando
41,1705104000,-412102,-1507704,306,2413,3994,1348,-388,249,-87,16,-26,60257,0.5627,transitando
41,1705104300,-412093,-1507675,315,2378,3902,970,-66,-23,67,-52,-16,63726,0.4558,transitando
41,1705104600,-412152,-1507599,312,2451,3922,1121,-624,-115,207,80,-23,22731,0.3674,transitando
41,1705104900,-412063,-1507640,248,2414,3900,1133,240,194,-142,-89,-51,32491,0.4392,transitando
41,1705105200,-412059,-1507555,253,2515,3973,1192,-45,23,16,-112,73,39343,0.3573,transitando
41,1705105500,-412062,-1507629,440,2385,3954,778,137,-260,-98,-143,-45,55789,0.3731,transitando
41,1705105800,-412122,-1507645,273,2373,3973,241,-138,-80,51,-71,-22,47256,0.4108,transitando
41,1705106100,-412164,-1507589,350,2406,3974,1746,589,252,72,175,-19,50570,0.4617,transitando
41,1705106400,-412137,-1507677,53,2494,3970,1132,-592,29,31,-80,-36,64721,0.5589,transitando
41,1705106700,-412126,-1507709,389,2441,3899,1004,273,272,63,-119,28,5708,0.3605,transitando
41,1705107000,-412155,-1507655,145,2464,3985,1343,-186,-93,-13,29,11,41969,0.3697,transitando
41,1705107300,-412081,-1507656,211,2445,3967,1041,-392,-11,150,-90,51,43970,0.3642,transitando
41,1705107600,-412133,-1507736,136,2426,3951,864,216,-283,28,13,-96,46018,0.4579,transitando
41,1705107900,-412072,-1507779,481,2344,3919,1325,161,-570,22,-42,-108,40198,0.4966,transitando
41,1705108200,-412140,-1507846,83,2396,3929,-20,-177,220,71,-86,28,18754,0.4592,transitando
41,1705108500,-412215,-1507842,337,2367,3936,859,-377,118,-238,-85,80,31902,0.3839,transitando
41,1705108800,-412155,-1507815,367,2406,3902,920,-591,186,-119,-67,11,28801,0.5478,transitando
41,1705109100,-412181,-1507809,358,2490,3898,663,-33,-367,69,15,-31,39388,0.3981,transitando
41,1705109400,-412185,-1507940,126,2464,3992,1310,380,-58,144,26,-95,14969,0.4606,transitando
41,1705109700,-412232,-1508021,149,2432,3958,575,-420,-99,-92,44,-92,17396,0.4113,transitando
41,1705110000,-412307,-1508067,305,2411,3978,1392,184,87,-96,-56,107,53278,0.3381,transitando
41,1705110300,-412216,-1507961,115,2478,3903,984,77,0,117,-28,-15,13795,0.3165,transitando
41,1705110600,-412126,-1507876,248,2447,3907,1004,-65,70,-49,-31,-20,27988,0.417,transitando
41,1705110900,-412097,-1507834,259,2577,3966,823,26,343,2,80,-17,11698,0.3859,transitando
41,1705111200,-412110,-1507721,318,2373,3964,1177,-63,130,-26,193,-28,4166,0.3959,transitando
41,1705111500,-412058,-1507741,108,2527,3941,849,-104,93,79,169,49,55622,0.4864,transitando
41,1705111800,-412027,-1507835,61,2490,3910,1079,188,199,72,-27,-9,58096,0.4438,transitando
41,1705112100,-412045,-1507732,164,2426,3906,919,-314,51,183,128,-2,20986,0.4157,transitando
41,1705112400,-411981,-1507756,478,2387,3975,1628,467,121,-17,-164,-32,13798,0.4624,transitando
41,1705112700,-411922,-1507775,338,2341,3945,888,-241,267,-29,40,-17,7329,0.5028,transitando
41,1705113000,-411945,-1507782,406,2405,3928,650,-256,279,72,69,-44,46166,0.4219,transitando
41,1705113300,-412002,-1507862,313,2446,3923,95,-21,-139,63,-81,-53,63643,0.3886,transitando
41,1705113600,-411932,-1507906,225,2397,3935,289,335,-163,-59,-14,-52,28148,0.6923,transitando
41,1705113900,-411971,-1507936,317,2425,3970,1406,190,-445,-154,-4,27,54954,0.4693,transitando
41,1705114200,-411934,-1508029,1106,2220,3906,2807,671,-1441,-45,353,-228,33561,0.5509,busca
41,1705114500,-411903,-1508072,1075,2242,3969,-469,-593,-347,4,354,78,24553,0.3666,busca
42,1705028400,126014,-1357004,373,2378,3989,1554,113,-416,-178,-99,26,39096,0.436,busca
42,1705028700,126037,-1357048,846,2397,3952,215,-290,-330,199,-470,-77,26779,0.3688,busca
42,1705029000,126041,-1357003,794,2380,3967,776,666,16,179,266,-330,18361,0.3049,busca
42,1705029300,125997,-1357067,1015,2316,3969,898,-1295,-1272,50,-281,-26,11519,0.3856,busca
42,1705029600,126018,-1357093,358,2402,3926,-774,210,-56,223,83,-22,53661,0.3124,busca
42,1705029900,126126,-1357116,1503,2248,3908,366,-729,-1455,189,-367,69,25532,0.4743,busca
42,1705030200,126148,-1357065,1358,2195,3909,234,-1798,-460,219,-117,33,38168,0.4233,busca
42,1705030500,126084,-1357015,1531,2232,3981,-105,-1002,-373,309,-95,-130,24479,0.3469,busca
42,1705030800,125978,-1357093,166,2544,3897,1077,-20,-9,-93,-8,-68,14738,0.303,transitando
42,1705031100,125816,-1357079,468,2411,3996,913,408,-240,13,-57,58,29587,0.3713,transitando
42,1705031400,125784,-1357135,198,2440,3982,1209,-146,268,41,74,-61,35170,0.526,transitando
42,1705031700,125781,-1357097,65,2442,3986,1568,-6,67,95,55,-56,51379,0.3829,transitando
42,1705032000,125741,-1357070,187,2441,3935,8,223,-221,2,28,-6,14976,0.4662,transitando
42,1705032300,125708,-1357033,88,2476,3932,980,-114,-140,-17,-42,69,12767,0.4349,transitando
42,1705032600,125744,-1357134,291,2445,3924,376,-486,-232,-22,83,10,29785,0.5057,transitando
42,1705032900,125762,-1357141,444,2433,3918,672,-157,87,-47,140,-15,59307,0.2712,transitando
42,1705033200,125827,-1357229,259,2417,3947,676,-178,25,100,51,-39,32268,0.5295,transitando
42,1705033500,125812,-1357188,402,2466,3914,1643,349,128,58,1,76,48151,0.3603,transitando
42,1705033800,125732,-1357160,189,2514,3951,1175,148,-379,23,31,-81,36104,0.4147,transitando
42,1705034100,125768,-1357115,377,2441,3909,1528,-18,80,-115,-21,34,10013,0.5109,transitando
42,1705034400,125778,-1357126,141,2446,3949,933,-62,-291,-87,42,0,17741,0.408,transitando
42,1705034700,125722,-1357197,81,2556,3942,-221,59,35,-215,147,33,19733,0.4798,transitando
42,1705035000,125817,-1357188,358,2392,3930,1502,159,185,210,-103,74,24942,0.421,transitando
42,1705035300,125858,-1357226,379,2412,3955,892,317,31,-49,-62,60,37727,0.4922,transitando
42,1705035600,125938,-1357190,232,2402,3979,123,287,-61,-34,-87,0,21359,0.453,transitando
42,1705035900,126000,-1357143,447,2380,3906,735,-14,-19,3,-7,21,58336,0.3681,transitando
42,1705036200,126042,-1357041,287,2459,3949,1250,-68,-305,-147,183,16,46950,0.3751,transitando
42,1705036500,126143,-1357068,166,2507,3950,1495,-46,-147,-50,97,32,10217,0.4498,transitando
42,1705036800,126228,-1357135,285,2423,3943,641,151,-1,29,-66,10,57997,0.5011,transitando
42,1705037100,126188,-1357142,128,2434,3923,1241,-125,75,-200,-79,7,28688,0.5,transitando
42,1705037400,126149,-1357122,468,2427,3930,533,67,25,-61,-92,67,3835,0.4271,transitando
42,1705037700,126189,-1357088,118,2509,3906,753,468,-575,14,-205,-67,39074,0.4612,transitando
42,1705038000,126107,-1357088,267,2456,3979,1173,-45,12,-11,12,-1,44617,0.3674,transitando
42,1705038300,126206,-1357053,416,2379,3915,617,-200,358,-7,-46,-92,52582,0.3728,transitando
42,1705038600,126224,-1357106,474,2469,3929,1722,16,39,48,-190,-39,19782,0.4555,transitando
42,1705038900,126180,-1357063,168,2534,3917,887,264,-193,90,87,45,33705,0.4177,transitando
42,1705039200,126208,-1356977,329,2395,3912,308,497,133,-6,-79,-74,26381,0.4001,transitando
42,1705039500,126203,-1356885,250,2365,3943,273,22,313,-31,-40,24,14797,0.3918,transitando
42,1705039800,126186,-1356784,475,2288,3977,1171,-179,207,50,17,-23,37007,0.4741,transitando
42,1705040100,126126,-1356740,144,2401,3910,2113,86,-23,-213,-158,-46,38218,0.4774,transitando
42,1705040400,126068,-1356758,111,2439,3992,1090,576,-85,82,-22,-38,9216,0.4171,transitando
42,1705040700,125978,-1356790,107,2561,3980,307,-380,-65,-1,24,-10,13334,0.4032,transitando
42,1705041000,126026,-1356751,336,2457,3989,943,24,61,-44,74,15,33915,0.4803,transitando
42,1705041300,126122,-1356791,181,2508,3939,139,74,188,-14,-39,-10,37849,0.5477,transitando
42,1705041600,126107,-1356762,206,2410,3962,140,-290,-140,1,96,-20,59682,0.5108,transitando
42,1705041900,126118,-1356783,83,2529,3988,1545,-355,-41,105,-10,-39,9326,0.4771,transitando
42,1705042200,126168,-1356829,497,2363,3919,1054,-23,-178,-61,-12,-3,9813,0.5583,transitando
42,1705042500,126180,-1356852,106,2430,3971,1036,346,-128,54,-293,-40,15056,0.3291,transitando
42,1705042800,126225,-1356758,179,2472,3975,193,-118,204,-122,-12,40,7449,0.3864,transitando
42,1705043100,126242,-1356708,1507,2258,3918,154,1182,100,83,73,68,34080,0.5763,busca
42,1705043400,126272,-1356725,384,2399,3920,783,326,-142,112,-408,81,60992,0.3851,busca
42,1705043700,126372,-1356666,1801,2262,3922,919,-464,-320,-127,154,225,41766,0.4365,busca
42,1705044000,126374,-1356613,1865,2078,3993,150,-671,-87,-212,-10,-50,20170,0.4125,busca
42,1705044300,126404,-1356585,1480,2197,3979,1355,981,-723,82,-142,-175,11928,0.5216,busca
42,1705044600,126402,-1356630,1410,2218,3980,872,-2103,-285,206,348,65,43752,0.4343,busca
42,1705044900,126488,-1356705,353,2326,3922,-934,148,177,351,68,-161,47662,0.525,busca
42,1705045200,126454,-1356716,1737,2210,3988,105,-299,-573,261,250,313,62422,0.5436,busca
42,1705045500,126479,-1356743,566,2434,3953,525,-89,-2606,146,398,433,46167,0.5975,forrageando
42,1705045800,126469,-1356746,542,2420,3930,1263,-2898,-1193,-432,-151,420,54129,0.4857,forrageando
42,1705046100,126472,-1356690,1305,2222,3951,2108,-50,810,694,-169,2,55510,0.4789,forrageando
42,1705046400,126585,-1356670,929,2292,3956,-628,3717,-907,-510,-958,109,60361,0.6492,forrageando
42,1705046700,126593,-1356684,817,2358,3990,-3517,999,-1124,-393,-612,-345,26341,0.5732,forrageando
42,1705047000,126623,-1356693,1481,2222,3977,-4223,-1327,-1882,988,437,406,35958,0.6114,forrageando
42,1705047300,126613,-1356685,1084,2300,3943,2116,2508,356,52,47,-437,16639,0.6016,forrageando
42,1705047600,126605,-1356673,703,2330,3943,-642,-3250,-816,-122,-618,58,27745,0.6983,forrageando
42,1705047900,126586,-1356657,1343,2278,3902,1558,1300,-670,-123,-316,130,58255,0.6092,forrageando
42,1705048200,126580,-1356645,573,2392,3907,-515,-957,-3625,684,-361,-441,1014,0.4462,forrageando
42,1705048500,126631,-1356675,1279,2191,3993,941,-820,-2233,187,-122,169,55487,0.5645,forrageando
42,1705048800,126628,-1356682,1413,2204,3968,4934,-1906,-1647,505,620,-250,46580,0.5076,forrageando
42,1705049100,126631,-1356667,326,2441,3909,2244,-577,-1119,-226,1327,258,12482,0.5918,forrageando
42,1705049400,126626,-1356644,652,2387,3904,1836,1,-2769,-258,753,-362,64773,0.4917,forrageando
42,1705049700,126593,-1356658,1283,2258,3933,-442,709,-1038,545,-229,113,9491,0.5702,forrageando
42,1705050000,126589,-1356646,2149,380,3943,-2689,-843,-493,-145,-476,-16,345,0.6298,forrageando
42,1705050300,126550,-1356656,2842,536,3971,1657,-1131,-3651,-140,90,220,60689,0.5549,forrageando
42,1705050600,126514,-1356640,906,2259,3978,1773,3111,-370,-78,83,276,46480,0.3928,forrageando
42,1705050900,126504,-1356713,1688,2163,3908,1009,656,-122,405,-95,36,62800,0.5292,forrageando
42,1705051200,126489,-1356697,2222,395,3925,753,-755,301,33,18,110,44863,0.6456,forrageando
42,1705051500,126498,-1356674,1535,2148,3899,-5622,-1190,-2207,-447,296,-258,42561,0.6238,forrageando
42,1705051800,126495,-1356664,1775,2168,3926,956,1504,-1504,-1106,-433,-377,6640,0.5643,forrageando
42,1705052100,126537,-1356633,941,2387,3982,-1297,-408,764,617,-664,-16,12209,0.4516,forrageando
42,1705052400,126544,-1356586,2079,382,3900,-1640,334,283,569,880,145,26923,0.4574,forrageando
42,1705052700,126594,-1356652,2507,434,3913,-583,-624,-166,38,-57,157,23307,0.4021,forrageando
42,1705053000,126596,-1356690,566,2435,3981,-147,-952,-1106,240,-595,229,41054,0.4854,forrageando
42,1705053300,126469,-1356680,1485,2324,3908,-645,1923,-866,630,590,27,7854,0.44,forrageando
42,1705053600,126439,-1356690,1038,2348,3924,679,2169,-778,849,582,-466,7931,0.5157,forrageando
42,1705053900,126401,-1356695,1675,2169,3931,-3572,2276,-619,51,-692,-491,16207,0.5094,forrageando
42,1705054200,126375,-1356722,2471,492,3992,1904,2823,139,-403,-225,-86,34345,0.4918,forrageando
42,1705054500,126379,-1356751,2101,373,3972,1639,1629,1102,-62,-159,557,34234,0.701,forrageando
42,1705054800,126373,-1356762,1600,2103,3997,-333,2123,753,-173,-9,-303,30858,0.6299,forrageando
42,1705055100,126399,-1356738,2685,433,3962,-1613,1241,-649,627,610,407,9734,0.5714,forrageando
42,1705055400,126439,-1356756,1574,2178,3973,-969,2965,-3559,526,600,-338,45276,0.7037,forrageando
42,1705055700,126427,-1356793,1161,2326,3913,3780,-1661,-1330,1066,-637,199,11861,0.3752,forrageando
42,1705056000,126447,-1356716,1302,2354,3924,658,-2258,-2453,5,74,-26,61243,0.4658,forrageando
42,1705056300,126423,-1356707,1457,2237,3914,-140,-4899,-2026,-188,123,312,53543,0.5176,forrageando
42,1705056600,126411,-1356690,1343,2300,3947,-3113,-1736,-803,340,200,-201,52597,0.5698,forrageando
42,1705056900,126424,-1356688,1542,2143,3930,1825,1765,-1552,-337,541,264,39363,0.4793,forrageando
42,1705057200,126283,-1356721,2370,421,3970,681,-3440,523,261,-144,3,46891,0.4787,forrageando
42,1705057500,126272,-1356743,784,2439,3899,-1414,-772,-2884,-101,157,78,1149,0.4974,forrageando
42,1705057800,126317,-1356723,2796,510,3956,-6301,-1375,-2896,-950,805,169,15899,0.4456,forrageando
42,1705058100,126207,-1356715,878,2402,3976,1599,811,187,49,-1107,181,40616,0.5256,forrageando
42,1705058400,126188,-1356676,1149,2258,3964,-177,2945,-446,289,-154,-269,42414,0.4457,forrageando
42,1705058700,126231,-1356705,1993,2114,3910,-3794,-2578,-1877,-81,370,-214,20993,0.5344,forrageando
42,1705059000,126227,-1356723,2774,585,3918,-41,1939,-2804,733,408,-231,1542,0.5708,forrageando
42,1705059300,126249,-1356731,2817,489,3995,3054,-1095,-1458,62,358,215,20514,0.4691,forrageando
42,1705059600,126214,-1356712,2120,401,3934,-1616,-516,-718,324,-211,-582,43426,0.5543,forrageando
42,1705059900,126218,-1356730,2429,517,3904,-2658,2116,-1388,-970,334,293,15464,0.5183,forrageando
42,1705060200,126163,-1356716,2607,472,3906,-329,1085,-873,372,83,-129,54124,0.3899,forrageando
42,1705060500,126199,-1356652,1778,2175,3918,-2083,593,-3006,478,-207,-237,19293,0.5269,forrageando
42,1705060800,126217,-1356669,1782,2160,3968,-2472,258,-77,-177,-232,352,16063,0.4397,forrageando
42,1705061100,126239,-1356633,1182,2248,3899,3221,-532,-395,635,119,443,42807,0.3957,forrageando
42,1705061400,126205,-1356724,1739,2237,3936,4502,-1701,-433,209,-245,-348,18494,0.4093,forrageando
42,1705061700,126250,-1356734,2214,391,3924,-1540,2179,-215,38,317,-69,41306,0.5371,forrageando
42,1705062000,126238,-1356758,2336,381,3939,978,-1554,-273,489,-67,-240,50172,0.377,forrageando
42,1705062300,126244,-1356719,505,2419,3993,-3488,-3302,-1540,-369,212,376,23083,0.4105,forrageando
42,1705062600,126306,-1356695,1664,2137,3980,655,1360,-1072,-111,341,-90,13215,0.5989,forrageando
42,1705062900,126288,-1356681,793,2363,3975,1722,2198,-1477,-272,-88,-398,36928,0.3848,forrageando
42,1705063200,126389,-1356639,607,2389,3964,-400,1742,453,813,-613,378,55884,0.5749,forrageando
42,1705063500,126397,-1356653,894,2307,3926,-3267,2424,-824,-46,-160,199,11103,0.436,forrageando
42,1705063800,126459,-1356589,847,2286,3968,829,456,157,-498,743,-197,62678,0.5504,forrageando
42,1705064100,126463,-1356583,598,2393,3974,1816,-1994,-1172,332,70,-351,42953,0.472,forrageando
42,1705064400,126540,-1356448,2952,472,3998,-197,-531,-1501,-9,-238,6,27193,0.4239,forrageando
42,1705064700,126482,-1356434,776,2247,3940,556,1911,-1534,226,443,291,50532,0.3732,forrageando
42,1705065000,126508,-1356441,927,2292,3948,-2465,-943,-321,27,607,-121,16896,0.4216,forrageando
42,1705065300,126518,-1356533,2594,461,3962,-1385,-386,-87,-683,395,-318,56103,0.4735,forrageando
42,1705065600,126638,-1356535,949,2283,3922,746,3345,-777,714,-583,-107,38019,0.3237,forrageando
42,1705065900,126626,-1356403,2861,467,3985,2248,-1357,-1896,-767,133,162,53851,0.4152,forrageando
42,1705066200,126656,-1356378,654,2407,3991,-3051,2612,-642,168,226,92,59811,0.2895,forrageando
42,1705066500,126681,-1356330,2548,503,3988,-1576,1760,-233,146,437,219,31476,0.3691,forrageando
42,1705066800,126737,-1356394,2776,452,3975,-1542,1217,-718,-1446,-79,-291,61414,0.3332,forrageando
42,1705067100,126831,-1356507,2844,505,3950,1984,1328,77,182,80,-52,45738,0.4477,forrageando
42,1705067400,126915,-1356410,1943,2135,3918,465,-1502,-1354,101,-267,-508,61407,0.5086,forrageando
42,1705067700,126900,-1356380,1336,2302,3918,1435,-2683,-3366,-786,571,148,43772,0.3643,forrageando
42,1705068000,126914,-1356358,1014,2323,3945,-1349,2270,-1321,1213,-109,-223,25676,0.3945,forrageando
42,1705068300,126831,-1356469,1741,2159,3902,4080,1856,-2055,-13,656,392,56577,0.3658,forrageando
42,1705068600,126889,-1356490,1733,2162,3935,1912,-2346,988,42,207,206,5120,0.3989,forrageando
42,1705068900,126900,-1356443,1498,2145,3960,1082,-455,-12,397,-314,-319,29526,0.388,forrageando
42,1705069200,126922,-1356418,2177,440,3948,-1248,2184,-1681,-843,-344,-102,36983,0.412,forrageando
42,1705069500,126880,-1356369,1892,1994,3949,74,1484,-1642,588,-509,-581,23114,0.4998,forrageando
42,1705069800,126813,-1356418,2592,331,3909,-2773,1487,-481,154,414,-542,44503,0.443,forrageando
42,1705070100,126853,-1356407,2660,453,3958,1649,-3177,-3193,-229,617,45,52257,0.3826,forrageando
42,1705070400,126897,-1356397,2816,405,3942,216,1378,-472,138,513,105,27089,0.4,forrageando
42,1705070700,127005,-1356358,1129,2210,3969,1675,-74,-904,-510,-874,-287,60946,0.3981,forrageando
42,1705071000,126906,-1356343,1525,2163,3998,-2578,-1074,56,-230,-433,-871,17829,0.4939,forrageando
42,1705071300,126819,-1356279,2605,443,3936,-315,2792,-856,184,-418,135,32482,0.3422,forrageando
42,1705071600,126700,-1356145,2651,461,3919,-525,-2510,-52,-408,-104,214,23271,0.3865,forrageando
42,1705071900,126824,-1356215,1044,2259,3941,2250,656,-602,-1075,-147,184,64088,0.5101,forrageando
42,1705072200,126833,-1356176,1204,2232,3941,-76,-560,-2278,-588,749,540,47353,0.4034,forrageando
42,1705072500,126816,-1356191,1928,2054,3927,260,1895,370,-203,-786,-85,2457,0.366,forrageando
42,1705072800,126828,-1356204,704,2392,3996,-4079,-266,-477,804,-111,-174,15945,0.3518,forrageando
42,1705073100,126828,-1356338,1537,2234,3901,1117,-844,-278,258,677,-272,27553,0.4011,forrageando
42,1705073400,126871,-1356367,860,2352,3962,-2160,73,-1026,694,-615,25,20941,0.2715,forrageando
42,1705073700,126910,-1356396,637,2261,3954,-3002,3730,-175,272,112,-134,25509,0.4178,forrageando
42,1705074000,126934,-1356358,2245,395,3935,-2503,82,-87,-271,224,-468,34374,0.3692,forrageando
42,1705074300,126897,-1356283,571,2349,3943,1464,752,-679,82,-704,34,29508,0.4554,forrageando
42,1705074600,126901,-1356253,2521,424,3958,-24,-771,-1055,243,385,-397,45902,0.4073,forrageando
42,1705074900,126861,-1356211,1428,2139,3943,1941,-1173,-2474,312,-706,-437,56338,0.3926,forrageando
42,1705075200,126921,-1356185,843,2290,3964,319,-1323,-2280,312,1503,-270,35148,0.4082,forrageando
42,1705075500,126991,-1356213,2854,504,3962,-892,1381,-1358,-290,-72,-127,27637,0.3557,forrageando
42,1705075800,126990,-1356270,1927,2177,3998,250,-208,-1837,598,-362,425,7780,0.3094,forrageando
42,1705076100,127082,-1356318,886,2317,3918,142,1059,-1731,181,-681,-201,6734,0.3574,forrageando
42,1705076400,127189,-1356316,1921,2125,3950,2782,1828,-1556,-230,-294,169,63610,0.3002,forrageando
42,1705076700,127198,-1356428,2003,410,3988,-481,-691,-542,-786,-392,351,10150,0.3985,forrageando
42,1705077000,127276,-1356557,2520,471,3970,2462,474,951,-222,74,-90,1233,0.3516,forrageando
42,1705077300,127184,-1356498,2947,545,3921,1006,-985,-1838,803,229,-333,59523,0.1969,forrageando
42,1705077600,127113,-1356425,2390,423,3910,1421,-21,1,13,-455,206,22922,0.2957,forrageando
42,1705077900,127255,-1356395,1722,2112,3901,287,270,-1685,50,-99,-37,41151,0.3358,forrageando
42,1705078200,127313,-1356451,2987,466,3935,1192,-167,-879,193,1028,-2,6178,0.2241,forrageando
42,1705078500,127257,-1356395,1667,2245,3966,782,1309,83,300,-690,173,6729,0.3677,forrageando
42,1705078800,127317,-1356442,3888,1691,3929,-494,-713,566,275,-226,39,7018,0.3397,busca
42,1705079100,127406,-1356588,2522,1854,3972,1333,-429,-1215,49,317,-194,61515,0.328,busca
42,1705079400,127501,-1356705,3375,1826,3964,718,-347,-114,65,-229,21,9321,0.3815,busca
42,1705079700,127560,-1356700,2374,1985,3934,1078,750,-1263,-166,-25,49,31810,0.3578,busca
42,1705080000,127540,-1356633,1872,2093,3937,1275,832,-423,6,-93,-15,50531,0.3135,busca
42,1705080300,127552,-1356775,152,2567,3910,599,-261,20,-7,246,-53,19837,0.2483,transitando
42,1705080600,127614,-1356934,471,2375,3994,745,165,346,-36,50,8,46004,0.2357,transitando
42,1705080900,127575,-1356830,297,2542,3976,1297,-226,-143,-278,-13,-5,15587,0.3168,transitando
42,1705081200,127571,-1356714,214,2414,3977,433,136,-130,172,-311,-38,21483,0.3321,transitando
42,1705081500,127521,-1356649,124,2474,3972,1788,89,-6,-91,171,3,37473,0.3074,transitando
42,1705081800,127597,-1356725,336,2431,3934,1733,-125,504,4,-89,11,49862,0.3157,transitando
42,1705082100,127658,-1356789,264,2391,3987,1654,-44,-195,-21,9,-43,29026,0.2176,transitando
42,1705082400,127580,-1356746,366,2443,3918,877,183,-141,65,135,-32,47045,0.3942,transitando
42,1705082700,127654,-1356753,193,2537,3934,1555,446,107,-40,158,20,65031,0.1374,transitando
42,1705083000,127729,-1356884,389,2281,3949,1160,330,-24,-114,136,-53,17888,0.2671,transitando
42,1705083300,127831,-1356875,468,2469,3971,1598,-16,-116,216,70,40,56262,0.3803,transitando
42,1705083600,127804,-1356920,249,2466,3936,40,-63,119,140,18,-35,62526,0.3715,transitando
42,1705083900,127728,-1356990,72,2515,3913,1892,205,-2,72,64,56,23024,0.3257,transitando
42,1705084200,127619,-1356992,175,2501,3905,1240,757,134,51,42,20,10623,0.3643,transitando
42,1705084500,127651,-1356901,87,2474,3937,1159,-481,182,-56,36,-34,54789,0.3413,transitando
42,1705084800,127741,-1356803,109,2401,3968,1399,-715,-60,78,-11,17,20908,0.3363,transitando
42,1705085100,127652,-1356829,132,2416,3988,845,544,-83,-24,34,131,30959,0.1937,transitando
42,1705085400,127678,-1356735,118,2529,3981,1136,345,201,-203,-71,-16,25102,0.2747,transitando
42,1705085700,127764,-1356873,445,2379,3945,890,242,-51,5,-59,45,48661,0.2945,transitando
42,1705086000,127640,-1356864,105,2494,3904,-165,105,181,83,-3,-13,3815,0.2693,transitando
42,1705086300,127591,-1356733,209,2421,3992,917,83,271,-60,-186,-74,35608,0.2944,transitando
42,1705086600,127480,-1356799,379,2445,3909,854,461,-267,84,167,-4,41396,0.4429,transitando
42,1705086900,127540,-1356728,251,2505,3952,468,-145,-39,-66,-26,18,35222,0.3395,transitando
42,1705087200,127639,-1356723,365,2443,3938,569,194,-331,12,150,-86,57794,0.4519,transitando
42,1705087500,127644,-1356786,60,2472,3946,1372,-223,-212,-22,-31,-6,64208,0.2983,transitando
42,1705087800,127609,-1356898,151,2365,3903,960,-59,-53,-121,15,88,24807,0.2753,transitando
42,1705088100,127638,-1356806,87,2517,3975,950,-234,22,151,104,28,44543,0.4354,transitando
42,1705088400,127560,-1356819,68,2572,3993,1725,10,-269,85,13,77,11486,0.2558,transitando
42,1705088700,127451,-1356896,111,2498,3973,1061,-299,7,27,9,24,48325,0.2942,transitando
42,1705089000,127412,-1357003,400,2358,3897,812,-8,-393,4,16,0,9159,0.2817,transitando
42,1705089300,127493,-1356878,154,2528,3918,1635,-535,1,-8,28,76,3701,0.3613,transitando
42,1705089600,127492,-1356940,139,2531,3941,989,191,-97,27,-11,67,46905,0.3533,transitando
42,1705089900,127474,-1357019,370,2422,3901,1683,-364,290,-104,58,31,63314,0.4258,transitando
42,1705090200,127445,-1356957,168,2569,3925,1413,-81,-11,44,134,91,28716,0.3751,transitando
42,1705090500,127459,-1356998,257,2511,3931,756,-90,-64,-23,-29,6,42251,0.2916,transitando
42,1705090800,127415,-1356892,58,2466,3963,820,-206,280,-144,-16,65,36265,0.3799,transitando
42,1705091100,127512,-1356862,477,2404,3951,849,78,-226,60,-12,-35,36572,0.2816,transitando
42,1705091400,127604,-1356783,96,2505,3964,715,-72,19,12,-96,-59,59022,0.3995,transitando
42,1705091700,127663,-1356699,356,2366,3934,996,604,66,-153,72,85,31821,0.4258,transitando
42,1705092000,127759,-1356708,174,2430,3917,1110,-199,-98,-17,6,-30,28039,0.2633,transitando
42,1705092300,127863,-1356781,160,2388,3921,904,-775,-222,84,-100,-6,46412,0.3998,transitando
42,1705092600,127940,-1356823,448,2405,3984,1006,49,43,15,67,-6,29422,0.4064,transitando
42,1705092900,128039,-1356773,295,2440,3908,910,-73,-74,213,45,-50,60614,0.2504,transitando
42,1705093200,127978,-1356616,141,2462,3988,569,485,-490,-4,52,17,17102,0.3618,transitando
42,1705093500,128078,-1356609,134,2442,3985,724,165,303,-41,22,-45,64393,0.3296,transitando
42,1705093800,128067,-1356740,411,2472,3899,793,494,407,-94,52,-53,49428,0.3241,transitando
42,1705094100,128016,-1356600,477,2455,3985,457,132,260,138,31,80,33847,0.3495,transitando
42,1705094400,127968,-1356495,63,2544,3973,1641,-192,-173,-96,10,-88,26121,0.3662,transitando
42,1705094700,127951,-1356392,343,2388,3974,1121,81,-82,-159,-281,-48,33917,0.5545,transitando
42,1705095000,127942,-1356360,391,2462,3914,1745,130,-47,19,17,88,52995,0.4161,transitando
42,1705095300,127833,-1356421,462,2416,3927,1931,102,36,-22,227,-19,13770,0.4231,transitando
42,1705095600,127904,-1356453,160,2483,3903,738,261,-242,20,-43,6,5635,0.3904,transitando
42,1705095900,127860,-1356491,399,2398,3960,818,-48,204,37,-58,28,35074,0.3349,transitando
42,1705096200,127865,-1356382,289,2515,3933,95,-70,-99,-152,-77,-54,7391,0.3648,transitando
42,1705096500,127974,-1356370,465,2464,3937,677,295,2,-98,-24,-8,52231,0.4588,transitando
42,1705096800,128059,-1356386,119,2530,3903,1091,180,56,-81,11,8,63434,0.5007,transitando
42,1705097100,128090,-1356381,386,2391,3972,1960,409,-118,-40,63,178,61177,0.2938,transitando
42,1705097400,128146,-1356489,125,2445,3949,328,50,555,-52,-61,51,34959,0.3193,transitando
42,1705097700,128043,-1356588,240,2349,3964,751,17,222,15,59,-5,16598,0.3644,transitando
42,1705098000,127968,-1356617,81,2431,3933,482,220,460,120,17,-7,60096,0.2676,transitando
42,1705098300,128020,-1356726,456,2458,3964,1012,41,205,-64,-103,25,50335,0.3721,transitando
42,1705098600,127974,-1356805,338,2437,3939,759,169,-38,27,142,32,37841,0.434,transitando
42,1705098900,127922,-1356738,278,2425,3943,1669,-450,-325,116,174,-58,11673,0.4137,transitando
42,1705099200,127844,-1356732,475,2423,3987,719,120,358,126,49,4,5918,0.4946,transitando
42,1705099500,127868,-1356672,271,2441,3926,1324,-380,206,99,25,84,25171,0.3593,transitando
42,1705099800,127900,-1356707,239,2434,3985,1827,-230,-449,-210,155,-62,40051,0.3334,transitando
42,1705100100,127933,-1356596,472,2454,3904,401,-288,-127,47,72,31,59606,0.4716,transitando
42,1705100400,127925,-1356497,355,2431,3907,1665,25,123,88,145,72,13896,0.4747,transitando
42,1705100700,127829,-1356551,214,2382,3975,545,-196,-441,183,14,14,12265,0.4457,transitando
42,1705101000,127889,-1356529,324,2449,3970,745,454,266,5,-86,-28,39273,0.3305,transitando
42,1705101300,127950,-1356598,50,2577,3956,556,212,321,-39,-91,79,378,0.4379,transitando
42,1705101600,127982,-1356546,109,2447,3993,648,-78,190,50,194,4,23625,0.2688,transitando
42,1705101900,127899,-1356606,163,2532,3940,1047,-209,138,73,40,22,63727,0.3213,transitando
42,1705102200,127907,-1356728,129,2404,3915,-142,8,38,97,18,12,64587,0.3628,transitando
42,1705102500,127841,-1356652,451,2484,3934,1184,11,-131,-13,-34,15,59080,0.3431,transitando
42,1705102800,127799,-1356530,278,2534,3963,1423,305,158,127,-48,2,1105,0.6077,transitando
42,1705103100,127775,-1356526,171,2410,3972,1269,-126,-330,-37,-14,51,49856,0.428,transitando
42,1705103400,127810,-1356581,129,2456,3941,1522,491,-435,-82,42,-27,44331,0.3555,transitando
42,1705103700,127774,-1356558,202,2515,3902,1830,35,-194,69,78,15,47058,0.3708,transitando
42,1705104000,127825,-1356582,441,2444,3936,1729,-233,292,-101,0,-127,31608,0.4137,transitando
42,1705104300,127895,-1356513,412,2400,3957,839,169,72,148,47,15,974,0.3588,transitando
42,1705104600,127839,-1356453,313,2466,3911,1196,-48,434,177,-64,-44,10509,0.3762,transitando
42,1705104900,127860,-1356516,134,2477,3898,783,152,-228,43,54,78,11499,0.475,transitando
42,1705105200,127765,-1356537,488,2447,3988,809,50,299,-113,16,15,37751,0.4878,transitando
42,1705105500,127738,-1356580,372,2444,3992,591,134,227,-54,57,15,39338,0.3182,transitando
42,1705105800,127602,-1356600,209,2346,3929,1330,-179,191,-209,-71,41,23266,0.385,transitando
42,1705106100,127674,-1356670,165,2492,3943,1065,135,-55,-19,3,45,9589,0.48,transitando
42,1705106400,127615,-1356707,379,2450,3906,105,197,149,11,-60,-17,22869,0.4214,transitando
42,1705106700,127662,-1356749,447,2449,3937,1761,175,-58,92,-71,77,16899,0.3638,transitando
42,1705107000,127720,-1356785,212,2489,3937,1131,-141,216,-154,-83,32,24086,0.4937,transitando
42,1705107300,127750,-1356821,80,2469,3958,949,-194,238,-28,-59,-10,26407,0.3444,transitando
42,1705107600,127761,-1356716,493,2383,3967,1054,-258,324,-208,-151,-20,41999,0.4341,transitando
42,1705107900,127812,-1356690,69,2403,3913,1453,-161,20,-37,159,3,10843,0.4482,transitando
42,1705108200,127784,-1356630,380,2504,3950,602,-226,99,5,199,5,20416,0.5099,transitando
42,1705108500,127789,-1356610,472,2411,3910,299,268,130,-149,8,-64,25287,0.3639,transitando
42,1705108800,127857,-1356621,122,2513,3952,1222,438,262,162,-51,48,452,0.3842,transitando
42,1705109100,127783,-1356702,278,2477,3925,1761,110,267,-61,65,68,28183,0.4133,transitando
42,1705109400,127739,-1356816,485,2417,3940,1782,-622,295,87,-71,-26,50727,0.3801,transitando
42,1705109700,127687,-1356824,493,2397,3938,647,-365,234,12,101,-57,8460,0.3904,transitando
42,1705110000,127724,-1356767,401,2370,3956,1359,352,297,-54,-18,3,52289,0.3063,transitando
42,1705110300,127732,-1356855,139,2425,3912,1111,-166,-85,30,-53,21,44028,0.5114,transitando
42,1705110600,127753,-1356865,238,2422,3943,398,557,225,13,-12,7,64199,0.4194,transitando
42,1705110900,127794,-1356883,234,2463,3976,923,238,281,165,98,-30,52594,0.3681,transitando
42,1705111200,127904,-1356927,112,2494,3980,1008,-100,387,-9,-53,74,40583,0.5036,transitando
42,1705111500,127879,-1356910,81,2552,3937,909,-461,-2,-13,-186,-89,7281,0.4007,transitando
42,1705111800,127953,-1356901,358,2351,3965,528,-206,84,25,-183,-17,41856,0.4598,transitando
42,1705112100,128059,-1356882,79,2508,3996,40,-25,-179,96,57,-114,46790,0.4097,transitando
42,1705112400,128081,-1356947,447,2461,3908,815,-221,96,85,-10,-104,31410,0.4305,transitando
42,1705112700,128038,-1356984,299,2446,3984,1587,154,17,1,-86,2,52386,0.3633,transitando
42,1705113000,128093,-1356949,258,2361,3964,485,100,-286,6,-63,21,57599,0.5171,transitando
42,1705113300,128086,-1356912,346,2397,3964,1716,-477,-187,-65,18,96,46542,0.4591,transitando
42,1705113600,128163,-1356898,436,2433,3946,694,235,78,62,-50,-10,28433,0.5531,transitando
42,1705113900,128138,-1356923,71,2498,3902,771,429,-257,-15,20,-21,47164,0.4654,transitando
42,1705114200,128065,-1356882,133,2577,3949,715,71,312,167,-33,4,17184,0.5101,transitando
42,1705114500,128046,-1356871,60,2486,3910,-131,9,-185,22,-48,-55,45008,0.3262,transitando
43,1705028400,154104,618846,1954,2161,3914,1435,1734,-945,-114,-48,-295,24550,0.3494,busca
43,1705028700,154206,618854,1434,2197,3950,658,1037,717,53,-466,-14,20989,0.447,busca
43,1705029000,154158,618880,864,2357,3921,-1278,525,-373,-433,-185,248,12647,0.3514,busca
43,1705029300,154105,618922,1287,2195,3994,723,461,-1211,-174,-234,-49,3939,0.3329,busca
43,1705029600,154183,618768,1803,2132,3966,3033,-885,-535,-73,31,28,46307,0.3693,busca
43,1705029900,154234,618736,1059,2267,3966,229,575,-307,-211,-278,176,49226,0.3812,busca
43,1705030200,154282,618755,1366,2215,3961,-1460,1474,-980,-20,-101,84,16430,0.3496,busca
43,1705030500,154275,618623,1133,2295,3916,-97,1019,-775,-277,130,120,25885,0.4046,busca
43,1705030800,154214,618700,1999,2095,3962,-503,-527,-1100,430,-65,-25,14396,0.5393,busca
43,1705031100,154221,618714,1470,2187,3916,-609,8,-1261,1,-136,100,21047,0.3289,busca
43,1705031400,154160,618758,355,2399,3960,1525,-249,-235,60,-69,7,46503,0.3088,transitando
43,1705031700,154122,618838,460,2391,3903,1498,122,11,45,81,8,48918,0.4517,transitando
43,1705032000,154052,618785,341,2450,3913,826,269,143,-77,44,-24,24243,0.4389,transitando
43,1705032300,154100,618819,393,2375,3963,465,-18,54,-101,-15,15,22712,0.5682,transitando
43,1705032600,154059,618844,444,2384,3930,1557,20,113,-113,-144,49,53939,0.5916,transitando
43,1705032900,154095,618815,128,2530,3913,747,-133,433,19,-41,-1,27062,0.5544,transitando
43,1705033200,154070,618810,294,2407,3963,965,-207,113,42,-15,26,22201,0.3502,transitando
43,1705033500,154034,618850,394,2478,3964,1154,169,11,-136,-69,-66,19488,0.4925,transitando
43,1705033800,153994,618814,244,2548,3971,427,307,4,-81,2,-80,2769,0.4716,transitando
43,1705034100,153968,618707,337,2361,3985,1434,-253,318,-115,-1,-44,39005,0.3194,transitando
43,1705034400,154048,618580,138,2511,3990,1029,-489,345,-98,-54,-123,42060,0.377,transitando
43,1705034700,153990,618570,120,2488,3987,699,852,35,-35,24,-32,41155,0.4206,transitando
43,1705035000,153996,618485,322,2435,3950,690,-632,-354,-87,126,0,18062,0.5538,transitando
43,1705035300,154014,618523,376,2437,3934,584,160,136,-47,-18,19,65535,0.4269,transitando
43,1705035600,154055,618510,98,2407,3939,874,327,61,-38,83,41,60046,0.3862,transitando
43,1705035900,154104,618525,438,2389,3954,866,-32,340,-86,75,18,1207,0.5089,transitando
43,1705036200,154066,618510,320,2453,3948,62,27,216,-62,98,12,22941,0.5553,transitando
43,1705036500,154093,618542,294,2428,3996,285,130,-237,-47,-107,-22,39477,0.4882,transitando
43,1705036800,154055,618630,61,2515,3953,1790,217,-126,59,-92,-13,18147,0.5222,transitando
43,1705037100,154093,618615,112,2530,3949,1166,460,31,54,42,-60,13635,0.4653,transitando
43,1705037400,154117,618688,364,2435,3995,1061,-75,201,-59,152,-68,26781,0.2993,transitando
43,1705037700,154012,618694,145,2522,3944,535,27,-189,188,175,-71,3331,0.3175,transitando
43,1705038000,154044,618582,448,2361,3919,117,64,-264,-55,-10,30,13866,0.5646,transitando
43,1705038300,154059,618565,176,2410,3917,1670,-20,59,-7,142,31,58683,0.3586,transitando
43,1705038600,154038,618629,57,2500,3923,1112,-173,225,-108,199,25,32502,0.4659,transitando
43,1705038900,154011,618724,372,2401,3924,1158,142,83,34,3,-167,6305,0.33,transitando
43,1705039200,154055,618588,419,2406,3914,1161,-494,47,146,-9,76,5882,0.4643,transitando
43,1705039500,154132,618617,356,2438,3903,1269,154,77,-33,-32,-49,29982,0.4264,transitando
43,1705039800,154073,618664,79,2407,3972,846,-51,-116,66,102,36,38765,0.4562,transitando
43,1705040100,154127,618634,199,2371,3945,1169,77,-465,63,-23,31,61295,0.4021,transitando
43,1705040400,154168,618665,1716,2094,3917,1768,971,170,70,-96,128,28755,0.6027,busca
43,1705040700,154197,618621,764,2442,3903,1558,-1005,-562,84,168,2,4730,0.4591,busca
43,1705041000,154206,618687,337,2409,3932,-129,-20,-1309,-362,-276,20,38492,0.3287,busca
43,1705041300,154183,618531,1460,2177,3901,2720,-789,-546,84,126,295,12029,0.5344,busca
43,1705041600,154174,618512,548,2393,3984,931,1752,144,-229,-366,196,3466,0.4335,busca
43,1705041900,154149,618519,1907,2089,3992,1208,1560,-1572,455,-47,15,47076,0.372,busca
43,1705042200,154105,618468,770,2423,3935,2449,-4380,-657,-307,-348,-98,1383,0.5999,forrageando
43,1705042500,154122,618476,1345,2275,3971,1188,-2264,-195,321,67,-169,5968,0.4712,forrageando
43,1705042800,154102,618483,242,2349,3976,-1334,-384,-1815,-374,755,-342,41167,0.5045,forrageando
43,1705043100,154070,618486,442,2325,3924,-2043,-5226,-1705,-41,536,-37,19702,0.5049,forrageando
43,1705043400,154064,618483,915,2367,3962,559,1764,-1481,241,-321,-100,38432,0.4754,forrageando
43,1705043700,154053,618419,922,2323,3945,1824,3293,-1011,-331,812,159,48284,0.4956,forrageando
43,1705044000,154110,618482,677,2261,3900,-927,-1958,738,339,-726,-229,31727,0.5064,forrageando
43,1705044300,154101,618471,888,2340,3952,2724,-1357,-742,505,88,225,42121,0.6315,forrageando
43,1705044600,154091,618463,409,2413,3947,-247,548,-36,447,264,77,52401,0.5748,forrageando
43,1705044900,154099,618441,535,2416,3924,1749,9,-2350,374,-704,-18,11748,0.5533,forrageando
43,1705045200,154109,618421,474,2412,3947,503,2831,160,-83,-977,-73,26720,0.5494,forrageando
43,1705045500,154085,618418,519,2423,3995,281,-2270,-1573,-308,-243,175,57859,0.6798,forrageando
43,1705045800,154079,618409,870,2306,3968,-655,3204,-474,-51,46,-279,43776,0.5403,forrageando
43,1705046100,154087,618411,1288,2210,3899,117,27,-1136,215,25,-249,63181,0.5274,forrageando
43,1705046400,154102,618423,591,2363,3969,-232,-110,-2868,725,65,-442,55840,0.5392,forrageando
43,1705046700,154073,618421,783,2239,3905,976,-1027,-523,-537,-754,-118,39460,0.5214,forrageando
43,1705047000,154089,618431,1487,2149,3972,-960,1907,-200,38,80,48,42967,0.5328,forrageando
43,1705047300,154115,618418,1291,2178,3912,588,-3536,-690,1073,420,169,38321,0.4667,forrageando
43,1705047600,154262,618428,968,2357,3993,-1702,3860,-357,-750,-279,-1,20169,0.5146,forrageando
43,1705047900,154291,618415,880,2218,3927,-896,1192,-1634,-242,125,-22,28784,0.6228,forrageando
43,1705048200,154327,618399,602,2387,3969,-751,1788,-798,556,247,110,10336,0.5107,forrageando
43,1705048500,154369,618391,278,2486,3963,93,-801,-1165,-280,-380,-41,9244,0.5946,forrageando
43,1705048800,154365,618426,208,2481,3987,-4794,-2860,-1927,240,0,-315,24891,0.5985,forrageando
43,1705049100,154388,618413,965,2297,3983,3029,899,609,-125,149,-2,18442,0.516,forrageando
43,1705049400,154387,618407,599,2380,3991,-1605,657,-2993,471,-245,112,62441,0.4825,forrageando
43,1705049700,154399,618359,401,2357,3914,-2015,-238,-2529,-1409,-124,345,43058,0.552,forrageando
43,1705050000,154420,618387,750,2370,3972,-2225,3251,-830,48,126,436,61071,0.5457,forrageando
43,1705050300,154454,618365,2068,417,3975,1899,-236,-221,-91,115,-124,54502,0.523,forrageando
43,1705050600,154411,618406,1293,2337,3924,1440,560,-554,259,591,128,48839,0.493,forrageando
43,1705050900,154424,618425,1301,2232,3983,-4408,2138,-745,932,707,100,23816,0.4489,forrageando
43,1705051200,154452,618498,529,2451,3944,3242,69,-577,-527,-503,363,31387,0.5283,forrageando
43,1705051500,154433,618518,2978,470,3918,135,-1572,-908,271,-135,422,47862,0.4873,forrageando
43,1705051800,154454,618543,898,2457,3931,-652,-1783,-391,322,950,-755,57520,0.4611,forrageando
43,1705052100,154354,618635,2057,410,3962,-140,-388,-2036,-220,358,193,15725,0.5126,forrageando
43,1705052400,154367,618653,1691,2173,3982,-5198,185,-705,-749,-378,334,57030,0.5225,forrageando
43,1705052700,154364,618673,1807,2090,3908,1059,178,-1377,153,-416,-181,64414,0.4908,forrageando
43,1705053000,154403,618671,1460,2166,3953,70,2764,-1611,299,131,330,5880,0.5524,forrageando
43,1705053300,154419,618690,889,2285,3994,-1813,2674,-998,388,-433,-46,52173,0.5105,forrageando
43,1705053600,154372,618710,1424,2283,3926,-2552,1682,-1044,-518,-191,683,10271,0.4751,forrageando
43,1705053900,154461,618658,1661,2186,3972,-2598,-2186,-1426,600,-19,562,51458,0.51,forrageando
43,1705054200,154508,618634,2606,430,3940,-1376,2500,-1582,-363,-56,-17,64681,0.5947,forrageando
43,1705054500,154485,618633,2726,451,3908,-293,3447,-1574,158,-53,100,25943,0.4333,forrageando
43,1705054800,154527,618620,2221,400,3902,-245,929,-2651,555,-33,210,31334,0.6038,forrageando
43,1705055100,154534,618638,1516,2171,3998,1323,-1515,-1683,-203,232,-88,22827,0.531,forrageando
43,1705055400,154535,618616,2179,407,3930,928,167,-2240,-165,-141,-421,57297,0.4772,forrageando
43,1705055700,154527,618544,2892,453,3985,-35,-5306,-500,-729,-551,-65,7753,0.494,forrageando
43,1705056000,154545,618551,2617,497,3921,1820,2150,-1410,99,817,-560,11266,0.4638,forrageando
43,1705056300,154613,618588,1659,2189,3922,-3024,999,-782,296,345,308,9237,0.5227,forrageando
43,1705056600,154601,618574,1641,2083,3973,-517,-257,-1248,113,-328,32,17434,0.5005,forrageando
43,1705056900,154610,618587,2350,456,3955,1105,930,-191,-617,-209,-137,17821,0.3985,forrageando
43,1705057200,154636,618567,2384,493,3915,-1423,-2357,-884,-989,-224,-572,33028,0.4617,forrageando
43,1705057500,154791,618584,2597,441,3951,1665,468,-1212,532,-646,23,36734,0.4234,forrageando
43,1705057800,154824,618522,1602,2133,3997,1995,-809,-920,-161,-83,48,8846,0.4927,forrageando
43,1705058100,154777,618473,2938,572,3965,2088,-775,-998,739,-316,472,193,0.3605,forrageando
43,1705058400,154737,618515,804,2334,3954,1554,-3673,-513,173,760,-331,35348,0.5482,forrageando
43,1705058700,154707,618523,2356,406,3974,288,243,-469,-243,329,-254,13724,0.4538,forrageando
43,1705059000,154785,618568,1681,2120,3977,1215,428,-43,391,-77,41,15979,0.4083,forrageando
43,1705059300,154802,618579,2330,356,3903,-1800,-1819,-1119,23,1269,440,39932,0.4805,forrageando
43,1705059600,154744,618477,2978,518,3923,-4175,-3216,-1290,311,-265,-66,17506,0.4398,forrageando
43,1705059900,154789,618421,1143,2234,3936,432,-6329,-246,-463,-42,-34,19435,0.6006,forrageando
43,1705060200,154785,618363,2230,394,3988,-4285,2324,-839,-734,-340,585,64129,0.5017,forrageando
43,1705060500,154783,618380,600,2432,3978,-2481,529,-1529,-911,-552,-237,61524,0.5005,forrageando
43,1705060800,154826,618371,2569,433,3935,-2614,-1119,-1232,131,-696,-66,56847,0.5603,forrageando
43,1705061100,154835,618376,1593,2183,3955,-153,2760,-1530,662,-440,44,34272,0.4022,forrageando
43,1705061400,154831,618415,614,2361,3926,-1839,1278,-1493,-80,-94,204,25345,0.4467,forrageando
43,1705061700,154865,618421,2520,466,3940,278,-154,31,244,87,146,44805,0.4348,forrageando
43,1705062000,154993,618417,1520,2343,3997,-583,-1667,-695,71,176,169,55776,0.3093,forrageando
43,1705062300,154900,618401,2737,563,3944,-1141,4147,-2150,-361,-458,165,50578,0.423,forrageando
43,1705062600,154965,618381,1759,2205,3978,-4457,2659,359,-307,337,620,42231,0.519,forrageando
43,1705062900,154966,618391,2242,457,3945,-2318,-1631,-126,545,-391,353,31413,0.4824,forrageando
43,1705063200,154986,618474,2763,497,3930,-3823,-417,-303,-394,-176,152,37423,0.3553,forrageando
43,1705063500,154980,618402,2845,541,3924,-2550,-3301,-1154,256,545,-55,48959,0.4299,forrageando
43,1705063800,154942,618314,2984,483,3970,-3070,980,-977,-906,-605,147,45016,0.4208,forrageando
43,1705064100,154898,618389,1167,2144,3952,966,2059,567,-514,180,303,58039,0.4493,forrageando
43,1705064400,154914,618467,2226,449,3917,-1866,-1395,-228,-9,-176,-150,31201,0.417,forrageando
43,1705064700,154925,618515,2172,389,3941,296,-1562,-1838,115,-29,-53,24977,0.3059,forrageando
43,1705065000,154884,618551,2293,432,3915,687,-1724,113,264,871,-103,4231,0.3137,forrageando
43,1705065300,154888,618601,1019,2308,3961,-73,4317,-1362,57,14,557,40999,0.3816,forrageando
43,1705065600,154914,618633,574,2375,3950,-90,-1095,-1969,113,19,-143,58806,0.3976,forrageando
43,1705065900,154969,618592,1472,2203,3963,-286,-1545,82,240,-455,34,55475,0.3904,forrageando
43,1705066200,155021,618505,1344,2217,3983,-131,566,-217,-161,-388,591,40130,0.4131,forrageando
43,1705066500,154978,618510,1762,2137,3992,-4094,2618,-1169,-453,-454,83,19941,0.4699,forrageando
43,1705066800,155019,618495,1163,2244,3905,871,-163,49,854,1073,244,30805,0.4187,forrageando
43,1705067100,155066,618465,1236,2230,3960,3925,1890,45,-703,-214,-156,37435,0.3131,forrageando
43,1705067400,155008,618574,720,2316,3993,-879,-1602,-2275,-403,-187,479,64276,0.3928,forrageando
43,1705067700,154978,618507,1387,2229,3929,1072,2064,935,-138,98,9,12905,0.3724,forrageando
43,1705068000,154868,618517,2667,498,3913,1497,-778,-1050,-142,646,-436,55700,0.3182,forrageando
43,1705068300,154850,618664,2478,450,3906,-4136,-1538,-1558,292,432,256,37056,0.3139,forrageando
43,1705068600,155027,618707,1522,2181,3913,-2579,1183,-1667,-636,651,433,55698,0.3573,forrageando
43,1705068900,155009,618619,885,2316,3935,-58,-2213,-989,-670,318,306,45631,0.3597,forrageando
43,1705069200,155024,618664,2466,471,3906,-163,3832,-3745,-854,262,-416,40400,0.4418,forrageando
43,1705069500,155027,618683,2147,417,3977,397,-3404,-1017,420,-386,-361,40847,0.326,forrageando
43,1705069800,154872,618661,2275,347,3984,-2727,719,-992,204,200,16,30265,0.2869,forrageando
43,1705070100,154924,618739,2294,425,3986,-797,42,239,-458,221,565,31333,0.4356,forrageando
43,1705070400,154935,618774,2004,379,3962,2964,-1006,-2033,136,675,-58,21392,0.4692,forrageando
43,1705070700,154992,618846,2237,408,3921,2440,-2573,-2300,54,354,121,25981,0.2993,forrageando
43,1705071000,155029,618681,2516,396,3902,-972,-649,-965,-150,103,2,45185,0.4164,forrageando
43,1705071300,155011,618686,2330,2015,3998,-847,-1219,-750,357,73,-172,29623,0.3322,busca
43,1705071600,154998,618571,2949,1891,3964,-362,437,-509,-204,-17,-78,1709,0.275,busca
43,1705071900,154855,618596,2138,2043,3906,775,523,-561,145,-370,8,44673,0.3189,busca
43,1705072200,154696,618607,1745,2143,3921,-1936,-842,-595,10,-86,234,23865,0.4189,busca
43,1705072500,154677,618505,3934,1674,3970,-387,-658,-484,263,-1,39,28126,0.3096,busca
43,1705072800,154567,618458,3838,1768,3963,-1051,393,-146,-95,342,222,45827,0.3814,busca
43,1705073100,154608,618365,1108,2295,3915,-79,416,-117,252,56,-155,6262,0.2956,busca
43,1705073400,154538,618401,2806,2003,3995,1598,-54,-60,559,-22,-6,3175,0.3085,busca
43,1705073700,154500,618471,3287,1764,3996,426,-176,-1360,-95,204,-53,7273,0.353,busca
43,1705074000,154478,618426,3689,1744,3996,-669,213,-467,80,398,58,26289,0.4034,busca
43,1705074300,154435,618405,1519,2209,3975,-68,757,393,77,-374,155,1767,0.4449,busca
43,1705074600,154399,618435,1523,2224,3961,596,-168,-259,-36,86,0,42269,0.356,busca
43,1705074900,154370,618502,1161,2173,3925,1347,-903,-634,-15,-98,121,32623,0.3564,busca
43,1705075200,154312,618557,2333,2008,3949,1428,641,-814,-213,-329,-58,59365,0.3141,busca
43,1705075500,154242,618524,1170,2285,3908,-214,925,-33,-52,91,-118,4576,0.3397,busca
43,1705075800,154150,618507,3991,1662,3917,-105,-123,-81,59,75,90,24805,0.2941,busca
43,1705076100,154043,618428,2531,2027,3987,1176,552,-670,-306,-171,15,24041,0.214,busca
43,1705076400,154093,618510,1528,2144,3969,-1205,-12,-320,-22,241,-316,55488,0.3479,busca
43,1705076700,154040,618439,2471,2022,3920,-936,1049,-717,-30,139,-109,54470,0.2447,busca
43,1705077000,154081,618491,296,2450,3965,499,-234,361,41,-13,-48,30395,0.2237,transitando
43,1705077300,153971,618571,404,2387,3930,1273,63,-413,-56,-2,87,53846,0.4006,transitando
43,1705077600,154031,618509,233,2463,3958,576,-200,-59,-190,-50,-69,64502,0.1881,transitando
43,1705077900,153940,618431,209,2407,3908,957,199,160,-16,36,73,53943,0.4639,transitando
43,1705078200,153987,618419,166,2446,3920,995,-232,241,99,-18,-47,32625,0.3531,transitando
43,1705078500,153919,618473,102,2468,3949,811,-140,348,33,-52,-100,56410,0.2828,transitando
43,1705078800,153878,618324,77,2414,3936,1375,-173,116,28,4,7,6044,0.1983,transitando
43,1705079100,153764,618337,51,2477,3988,840,147,-43,50,40,37,16971,0.2418,transitando
43,1705079400,153668,618307,322,2411,3977,1424,-347,171,31,-36,-18,56087,0.1644,transitando
43,1705079700,153676,618461,421,2378,3922,1581,-25,495,-27,-123,12,26392,0.2551,transitando
43,1705080000,153812,618475,237,2503,3995,220,-14,-244,-23,6,13,440,0.2588,transitando
43,1705080300,153842,618599,479,2246,3934,1895,135,-55,42,-18,-55,33335,0.2298,transitando
43,1705080600,153745,618504,68,2514,3984,460,-90,358,-87,-242,-48,6613,0.3187,transitando
43,1705080900,153809,618579,485,2322,3981,1075,258,-80,216,33,-3,7226,0.3291,transitando
43,1705081200,153900,618467,205,2415,3949,367,-549,-34,-170,79,23,35631,0.2933,transitando
43,1705081500,153909,618618,338,2332,3958,239,-105,-23,-21,167,100,19319,0.2544,transitando
43,1705081800,153834,618714,181,2426,3970,491,2,75,44,153,-67,2919,0.2544,transitando
43,1705082100,153945,618745,323,2426,3912,1250,-332,-266,-90,-13,-3,24756,0.1943,transitando
43,1705082400,153877,618651,246,2386,3984,1176,-159,178,37,-91,-29,50829,0.3374,transitando
43,1705082700,153745,618584,81,2363,3977,885,-99,205,71,57,31,25983,0.2731,transitando
43,1705083000,153854,618635,178,2445,3946,1749,-379,15,16,41,-78,26414,0.2897,transitando
43,1705083300,153769,618728,129,2460,3918,1082,187,146,-41,-100,-21,38662,0.299,transitando
43,1705083600,153714,618832,146,2401,3965,1626,22,-187,-12,65,-55,58213,0.428,transitando
43,1705083900,153736,618914,129,2543,3951,784,-427,-387,87,33,-7,32723,0.2908,transitando
43,1705084200,153844,618876,349,2367,3937,1872,-372,248,-4,23,-33,26741,0.1899,transitando
43,1705084500,153797,618804,442,2498,3984,962,169,258,131,102,60,62190,0.2256,transitando
43,1705084800,153795,618906,70,2527,3925,705,298,231,128,92,24,19796,0.2041,transitando
43,1705085100,153684,618919,343,2386,3907,-167,243,349,-176,-88,-81,34906,0.1865,transitando
43,1705085400,153592,619013,119,2460,3963,1352,-134,-234,51,-22,-46,39946,0.2321,transitando
43,1705085700,153458,619056,307,2364,3922,876,202,150,7,-79,-71,62110,0.2954,transitando
43,1705086000,153348,619005,127,2493,3957,1287,337,268,-58,-50,28,50885,0.1921,transitando
43,1705086300,153341,619131,434,2428,3920,1341,45,324,-26,67,121,10955,0.2903,transitando
43,1705086600,153390,619234,418,2427,3901,1458,184,32,160,-5,14,58208,0.3804,transitando
43,1705086900,153403,619278,338,2435,3922,514,-53,372,72,-142,-6,40448,0.2851,transitando
43,1705087200,153376,619367,113,2479,3911,1696,-100,184,-46,-48,73,57038,0.34,transitando
43,1705087500,153311,619454,52,2533,3983,1287,-78,353,42,130,-41,44666,0.2159,transitando
43,1705087800,153452,619438,277,2428,3968,577,-162,-305,1,-66,-9,16175,0.4119,transitando
43,1705088100,153437,619329,269,2474,3901,42,133,-123,96,31,32,59191,0.3079,transitando
43,1705088400,153471,619233,421,2448,3984,743,-101,49,22,-32,-59,30608,0.3218,transitando
43,1705088700,153550,619329,482,2469,3982,1043,-151,-8,79,-38,-42,63665,0.3385,transitando
43,1705089000,153503,619203,289,2356,3954,1283,-20,-470,144,-8,-48,56658,0.2989,transitando
43,1705089300,153485,619043,200,2459,3912,1203,-8,165,158,7,21,33382,0.2417,transitando
43,1705089600,153359,619009,241,2558,3909,768,-443,224,-94,-20,-2,39429,0.2495,transitando
43,1705089900,153279,619089,181,2476,3915,369,63,163,-139,-52,-65,52492,0.3088,transitando
43,1705090200,153396,619155,393,2417,3977,1258,-112,79,56,-5,54,12966,0.3642,transitando
43,1705090500,153307,619157,158,2469,3973,811,77,-171,-50,46,24,30731,0.3294,transitando
43,1705090800,153292,619317,254,2398,3904,1394,126,99,139,-39,-7,12135,0.3491,transitando
43,1705091100,153371,619322,267,2465,3943,1085,-131,59,-46,-6,-38,9932,0.2465,transitando
43,1705091400,153302,619444,260,2467,3927,1948,377,235,-12,-77,-1,4150,0.3824,transitando
43,1705091700,153262,619465,336,2371,3968,1549,-156,-142,-156,15,-91,56116,0.3007,transitando
43,1705092000,153217,619531,303,2421,3930,745,29,-396,22,-16,-48,9715,0.2145,transitando
43,1705092300,153104,619464,366,2487,3978,304,215,-115,-104,-66,-30,24679,0.3017,transitando
43,1705092600,152989,619504,483,2417,3909,1456,320,-57,6,-171,140,65092,0.3853,transitando
43,1705092900,152954,619564,409,2375,3985,280,-247,271,98,64,-54,18529,0.4064,transitando
43,1705093200,152908,619484,131,2319,3983,661,-460,191,-111,-122,17,18449,0.2129,transitando
43,1705093500,152754,619475,523,2364,3932,1559,-27,-311,20,-48,-54,10607,0.3814,transitando
43,1705093800,152777,619405,117,2485,3960,1036,165,236,-27,45,-28,9716,0.2962,transitando
43,1705094100,152699,619481,438,2386,3955,677,62,-27,14,158,57,57551,0.3312,transitando
43,1705094400,152774,619584,286,2473,3960,1117,90,114,-71,174,23,7568,0.4262,transitando
43,1705094700,152783,619539,106,2465,3965,218,127,44,230,59,63,19669,0.3815,transitando
43,1705095000,152847,619650,77,2629,3957,1250,280,78,84,-9,-45,61098,0.3706,transitando
43,1705095300,152900,619690,270,2500,3899,413,494,-8,144,131,19,20003,0.3288,transitando
43,1705095600,152761,619690,403,2464,3954,725,-81,-102,68,126,68,12460,0.3829,transitando
43,1705095900,152789,619739,273,2415,3905,1234,-365,138,-13,-129,73,38347,0.2763,transitando
43,1705096200,152684,619811,247,2398,3914,1366,-140,-257,34,4,27,15245,0.248,transitando
43,1705096500,152779,619803,146,2474,3919,1032,-294,-183,-57,-153,12,9821,0.422,transitando
43,1705096800,152665,619779,147,2510,3924,474,761,-130,34,73,-55,4736,0.404,transitando
43,1705097100,152668,619709,408,2380,3969,1222,108,104,-47,192,-70,7676,0.4306,transitando
43,1705097400,152720,619773,338,2503,3908,980,-163,97,-1,0,62,41169,0.4309,transitando
43,1705097700,152676,619757,376,2337,3925,1225,227,-217,-147,39,-39,34032,0.4038,transitando
43,1705098000,152642,619817,117,2391,3985,1747,278,-210,28,-12,21,30543,0.3955,transitando
43,1705098300,152598,619878,84,2557,3959,1273,-58,-55,-9,125,-14,42333,0.3366,transitando
43,1705098600,152479,619850,195,2487,3994,1990,548,-32,114,0,6,20840,0.3041,transitando
43,1705098900,152411,619928,322,2380,3904,1007,326,344,-164,150,24,28662,0.3725,transitando
43,1705099200,152370,619994,327,2392,3931,1617,135,-135,-76,59,2,15339,0.5298,transitando
43,1705099500,152387,619973,295,2473,3946,1019,341,89,20,-60,-12,4244,0.3171,transitando
43,1705099800,152409,619877,189,2485,3964,942,-139,68,91,137,-16,6898,0.4866,transitando
43,1705100100,152451,619804,411,2337,3962,424,-120,-509,19,15,69,9484,0.2949,transitando
43,1705100400,152535,619757,179,2412,3961,1011,-35,-199,20,15,52,45877,0.5141,transitando
43,1705100700,152526,619812,342,2425,3923,1885,188,-126,-71,164,96,17938,0.4081,transitando
43,1705101000,152515,619858,112,2393,3923,561,89,-319,-84,-39,21,48019,0.3089,transitando
43,1705101300,152383,619750,458,2395,3944,602,-65,-228,-24,-242,25,59756,0.3036,transitando
43,1705101600,152281,619695,435,2405,3972,762,292,171,9,-55,23,11988,0.3441,transitando
43,1705101900,152197,619742,278,2467,3928,1321,92,43,-51,-1,-4,65369,0.2779,transitando
43,1705102200,152198,619870,187,2394,3929,677,-116,145,-98,-137,2,10303,0.3476,transitando
43,1705102500,152216,620017,346,2345,3976,1016,317,21,-78,-74,-107,23067,0.3887,transitando
43,1705102800,152276,620026,336,2496,3945,800,-121,-248,-59,-23,-5,26134,0.47,transitando
43,1705103100,152219,619999,312,2405,3920,824,-47,-256,-72,190,3,27526,0.4241,transitando
43,1705103400,152255,620031,377,2458,3935,1049,142,-177,302,19,-14,37362,0.3698,transitando
43,1705103700,152191,619964,338,2378,3947,47,-253,-53,165,90,69,5150,0.4791,transitando
43,1705104000,152234,619896,164,2418,3958,705,-141,153,60,60,-31,6267,0.3547,transitando
43,1705104300,152358,619904,128,2393,3945,1110,184,263,-25,144,29,14507,0.3317,transitando
43,1705104600,152255,619873,495,2314,3940,1668,66,247,18,32,-33,55379,0.2848,transitando
43,1705104900,152182,619795,135,2488,3925,1153,456,80,-6,-6,29,50683,0.295,transitando
43,1705105200,152224,619908,278,2581,3939,225,-722,151,-108,-84,60,48990,0.3859,transitando
43,1705105500,152243,619995,66,2462,3926,920,64,303,47,52,-64,55230,0.3305,transitando
43,1705105800,152143,619980,96,2396,3976,1022,696,222,-28,152,3,18967,0.3579,transitando
43,1705106100,152120,619888,330,2426,3976,544,21,-159,46,-123,-7,15167,0.4271,transitando
43,1705106400,152152,620018,220,2485,3944,1225,-311,111,-32,-53,-11,8335,0.4484,transitando
43,1705106700,152214,620065,238,2421,3960,1273,129,-173,33,33,-16,47336,0.4543,transitando
43,1705107000,152154,620064,380,2570,3962,1189,-372,75,8,-45,-89,1878,0.4367,transitando
43,1705107300,152220,620096,406,2404,3911,1239,374,-8,-64,107,-75,53797,0.3798,transitando
43,1705107600,152179,619995,182,2427,3911,1410,491,182,10,-72,56,26752,0.4132,transitando
43,1705107900,152203,620066,177,2450,3989,1263,-927,-48,-79,-92,110,24456,0.3366,transitando
43,1705108200,152206,620183,388,2375,3990,645,180,-139,36,-29,47,52886,0.3482,transitando
43,1705108500,152260,620030,455,2374,3903,855,-327,-4,-213,11,-50,11206,0.4191,transitando
43,1705108800,152300,619990,379,2403,3984,2284,-43,6,-120,120,43,58758,0.4494,transitando
43,1705109100,152378,620004,189,2501,3898,1135,-405,105,-214,53,-7,18138,0.418,transitando
43,1705109400,152428,620014,229,2420,3975,517,194,-168,-85,-66,-60,61916,0.4631,transitando
43,1705109700,152377,620006,67,2439,3959,154,28,-50,-180,101,86,16402,0.3872,transitando
43,1705110000,152386,620070,46,2514,3954,1158,155,321,11,-142,-50,22795,0.3223,transitando
43,1705110300,152366,619901,371,2436,3972,1076,581,56,-21,-43,-34,22835,0.5261,transitando
43,1705110600,152379,619867,353,2496,3943,1626,-185,-61,-40,-189,-87,13839,0.3823,transitando
43,1705110900,152288,619848,161,2514,3992,1132,290,-79,-24,-48,-2,43091,0.369,transitando
43,1705111200,152240,619824,470,2420,3918,-84,136,-15,55,-44,-53,15499,0.4194,transitando
43,1705111500,152270,619758,341,2430,3953,1251,-825,-53,-65,-6,43,51650,0.454,transitando
43,1705111800,152337,619710,414,2334,3976,1608,-224,-349,75,42,47,35802,0.3761,transitando
43,1705112100,152269,619764,72,2522,3985,863,532,-26,208,155,63,13294,0.3479,transitando
43,1705112400,152375,619865,145,2472,3918,934,60,-414,32,-3,-5,15444,0.4702,transitando
43,1705112700,152374,619758,207,2368,3985,1035,231,416,166,-75,27,14928,0.3333,transitando
43,1705113000,152504,619692,210,2404,3979,1330,-237,-50,42,101,-12,11750,0.3973,transitando
43,1705113300,152381,619688,119,2490,3965,566,141,-22,-11,-126,-52,26590,0.3657,transitando
43,1705113600,152481,619735,455,2392,3971,910,24,298,98,54,9,10197,0.5477,transitando
43,1705113900,152506,619706,359,2346,3908,863,214,329,9,54,45,12580,0.4722,transitando
43,1705114200,152526,619611,274,2393,3975,1438,-140,113,205,25,-32,53352,0.4404,transitando
43,1705114500,152633,619653,547,2370,3964,471,-163,-112,-244,-6,-6,20163,0.5186,transitando
44,1705028400,94437,1212637,1659,2126,3966,2534,1611,-735,371,222,-92,33565,0.5043,busca
44,1705028700,94448,1212616,1832,2104,3988,1057,107,462,-102,-234,63,9013,0.3389,busca
44,1705029000,94343,1212673,1680,2219,3934,935,62,95,101,185,77,51352,0.4312,busca
44,1705029300,94327,1212573,1711,2172,3970,262,-83,-712,-216,115,74,33115,0.3258,busca
44,1705029600,94437,1212595,885,2370,3987,552,883,-468,-56,187,124,16965,0.4213,busca
44,1705029900,94453,1212532,1318,2322,3989,1696,-828,-794,-154,65,160,23115,0.4836,busca
44,1705030200,94474,1212544,1067,2210,3954,-680,157,-510,38,-65,-145,30527,0.3841,busca
44,1705030500,94459,1212599,805,2320,3962,1041,326,348,-51,17,13,49080,0.4334,busca
44,1705030800,94438,1212526,1937,2036,3950,-344,314,-496,20,11,-142,30476,0.4388,busca
44,1705031100,94458,1212568,339,2467,3969,1348,206,-1308,-507,59,-103,47018,0.3557,busca
44,1705031400,94481,1212620,1602,2111,3991,374,473,-415,34,286,244,41009,0.3642,busca
44,1705031700,94512,1212546,1163,2243,3920,-1332,101,-571,24,-24,56,37524,0.4568,busca
44,1705032000,94553,1212611,1840,2155,3990,-660,573,-262,-245,-188,-177,34237,0.4001,busca
44,1705032300,94550,1212536,1584,2213,3950,780,674,-473,331,0,225,16634,0.4633,busca
44,1705032600,94514,1212579,752,2305,3936,-756,845,-440,397,-4,196,2284,0.4398,busca
44,1705032900,94578,1212543,787,2257,3901,1548,103,-835,-229,-51,-84,28776,0.4715,busca
44,1705033200,94542,1212546,225,2520,3988,1737,42,37,-29,53,-65,43515,0.3494,transitando
44,1705033500,94574,1212659,401,2430,3944,610,336,-185,-96,-57,-28,27879,0.4061,transitando
44,1705033800,94646,1212676,100,2547,3993,1205,-60,-65,62,166,-42,6832,0.4333,transitando
44,1705034100,94588,1212774,481,2465,3953,1445,622,-14,-8,81,-40,52656,0.4078,transitando
44,1705034400,94499,1212786,164,2354,3910,1131,-280,81,-41,-31,-16,23021,0.5583,transitando
44,1705034700,94529,1212774,382,2395,3967,1025,-142,9,-42,-48,-12,53458,0.4512,transitando
44,1705035000,94587,1212786,362,2449,3963,568,220,-335,99,109,64,39311,0.4773,transitando
44,1705035300,94659,1212845,327,2492,3903,1016,-91,-182,-177,-187,84,47793,0.5358,transitando
44,1705035600,94661,1212884,450,2437,3935,619,202,-22,167,-2,16,31345,0.4314,transitando
44,1705035900,94658,1212980,385,2475,3976,987,249,-16,221,-191,21,56196,0.4418,transitando
44,1705036200,94596,1212960,109,2402,3941,943,-278,-433,-94,-26,-19,9412,0.4927,transitando
44,1705036500,94671,1212988,186,2421,3916,1487,478,-191,78,87,-31,56912,0.4459,transitando
44,1705036800,94728,1212948,291,2487,3991,1070,120,106,62,2,34,28536,0.5404,transitando
44,1705037100,94745,1212983,486,2425,3926,733,-417,77,98,18,-38,20780,0.4623,transitando
44,1705037400,94746,1213034,499,2458,3982,255,-356,139,136,42,-54,6920,0.4722,transitando
44,1705037700,94673,1213007,237,2421,3996,471,-361,-405,-50,27,-1,15258,0.2492,transitando
44,1705038000,94703,1213134,145,2533,3982,428,-243,248,35,-101,58,48963,0.4852,transitando
44,1705038300,94732,1213236,77,2534,3961,1753,-106,-47,35,27,8,40159,0.4772,transitando
44,1705038600,94731,1213138,475,2411,3933,584,109,146,70,-86,21,1930,0.4844,transitando
44,1705038900,94692,1213221,378,2471,3934,1098,-165,286,-150,96,27,9994,0.4227,transitando
44,1705039200,94642,1213238,311,2494,3913,1145,-577,-73,50,-60,12,44182,0.433,transitando
44,1705039500,94598,1213291,339,2453,3966,790,97,306,30,-363,39,64393,0.4083,transitando
44,1705039800,94684,1213337,491,2367,3946,1043,-579,-314,61,-53,-48,56770,0.4938,transitando
44,1705040100,94676,1213387,154,2497,3929,502,-19,121,13,-96,12,515,0.2993,transitando
44,1705040400,94830,1213366,371,2445,3898,1120,-249,337,-63,-13,9,30412,0.3771,transitando
44,1705040700,94719,1213405,64,2561,3944,930,-115,-274,-26,-205,-9,55304,0.4427,transitando
44,1705041000,94686,1213340,240,2451,3959,1306,65,136,-79,103,31,40837,0.5241,transitando
44,1705041300,94658,1213332,256,2431,3959,676,255,79,40,0,71,4562,0.4532,transitando
44,1705041600,94754,1213381,305,2447,3920,943,375,385,17,-99,-17,47931,0.4236,transitando
44,1705041900,94805,1213370,463,2526,3937,479,-184,129,27,-59,20,32910,0.4622,transitando
44,1705042200,94794,1213432,352,2510,3927,1443,-929,67,22,139,-52,8535,0.5227,transitando
44,1705042500,94815,1213426,441,2375,3921,803,-13,-94,-217,-6,-68,8215,0.4425,transitando
44,1705042800,94845,1213363,243,2333,3917,273,-122,-55,-59,86,-10,22627,0.3974,transitando
44,1705043100,94885,1213434,237,2441,3924,-320,-37,-70,44,-127,2,12811,0.5032,transitando
44,1705043400,94854,1213442,265,2468,3911,392,-204,-52,-5,-341,52,16079,0.479,transitando
44,1705043700,94756,1213480,401,2422,3969,1581,-116,46,33,-32,-55,29064,0.4712,transitando
44,1705044000,94719,1213420,98,2494,3936,951,-37,124,-80,21,36,55094,0.5459,transitando
44,1705044300,94698,1213433,237,2505,3996,-25,-153,-23,-5,39,60,50327,0.4017,transitando
44,1705044600,94764,1213445,99,2532,3936,429,-329,45,-71,-40,7,29897,0.4,transitando
44,1705044900,94799,1213410,251,2446,3930,1434,30,-240,9,-169,36,41687,0.4212,transitando
44,1705045200,94866,1213443,227,2415,3903,1223,-5,183,72,-13,-62,14892,0.3594,transitando
44,1705045500,94854,1213544,202,2486,3914,1414,-165,62,141,-71,5,42878,0.5614,transitando
44,1705045800,94889,1213556,214,2453,3944,992,219,-232,-98,137,-38,6614,0.4066,transitando
44,1705046100,94910,1213674,95,2550,3950,1452,-203,-441,-5,-12,15,1915,0.6633,transitando
44,1705046400,94924,1213653,358,2385,3905,1090,402,178,-92,-66,-67,2943,0.5924,transitando
44,1705046700,94931,1213688,155,2392,3987,1570,-45,228,-11,-90,-17,2443,0.5163,transitando
44,1705047000,94910,1213682,121,2453,3957,1436,-57,55,188,-172,-5,2011,0.5271,transitando
44,1705047300,94943,1213706,95,2530,3930,1241,-621,-161,66,108,-28,14342,0.5112,transitando
44,1705047600,94924,1213725,113,2475,3955,740,81,-247,-347,-68,-24,19807,0.3944,transitando
44,1705047900,94879,1213623,489,2394,3995,1613,293,-24,-114,5,9,3285,0.6074,transitando
44,1705048200,94865,1213613,307,2374,3939,1159,-274,-98,38,21,-47,50786,0.6288,transitando
44,1705048500,94867,1213598,454,2378,3967,731,25,-381,-76,-28,2,27762,0.4336,transitando
44,1705048800,94960,1213663,349,2394,3941,896,36,-34,25,-46,-11,64649,0.5521,transitando
44,1705049100,94944,1213641,79,2523,3930,1485,-65,-144,-77,-104,-28,63646,0.6323,transitando
44,1705049400,94933,1213661,319,2477,3977,536,154,225,137,-39,35,8816,0.5618,transitando
44,1705049700,94899,1213655,421,2509,3995,1251,-28,258,-28,103,2,719,0.5222,transitando
44,1705050000,94870,1213620,490,2384,3932,2194,458,-67,-14,94,-56,2038,0.6089,transitando
44,1705050300,94862,1213643,205,2559,3963,1733,-45,121,-65,72,-58,59819,0.4948,transitando
44,1705050600,94846,1213710,109,2482,3931,1401,15,-61,118,-39,12,26818,0.4693,transitando
44,1705050900,94904,1213741,182,2467,3943,1265,-83,39,21,48,0,55099,0.5227,transitando
44,1705051200,94893,1213707,66,2523,3899,1456,64,-98,-44,-31,42,41278,0.4757,transitando
44,1705051500,94868,1213820,170,2457,3957,1058,292,113,-20,114,-7,6788,0.5885,transitando
44,1705051800,94844,1213809,494,2355,3953,1342,24,149,53,-97,55,24210,0.5831,transitando
44,1705052100,94878,1213845,68,2410,3969,1907,-168,-143,56,-91,-61,4853,0.6237,transitando
44,1705052400,94901,1213834,338,2420,3912,876,-710,-243,-264,-156,-63,528,0.5203,transitando
44,1705052700,94913,1213828,58,2541,3927,820,-354,111,-61,-15,0,23586,0.4984,transitando
44,1705053000,94856,1213774,146,2448,3938,824,-372,-194,25,5,-31,53140,0.5428,transitando
44,1705053300,94823,1213807,452,2531,3914,67,493,33,27,17,-69,45571,0.5857,transitando
44,1705053600,94846,1213805,193,2450,3984,1726,-206,54,-140,57,-5,17965,0.4712,transitando
44,1705053900,94876,1213883,247,2428,3952,916,165,34,93,274,-44,31137,0.562,transitando
44,1705054200,94897,1213913,488,2461,3972,1064,7,71,-15,-68,2,54402,0.5641,transitando
44,1705054500,94899,1213897,433,2444,3935,552,-107,240,99,171,37,30626,0.745,transitando
44,1705054800,94918,1213895,441,2485,3907,1675,-244,-5,3,30,52,1570,0.6389,transitando
44,1705055100,94938,1213875,173,2402,3988,491,-55,455,101,102,86,40367,0.4924,transitando
44,1705055400,94996,1213772,295,2447,3900,1434,-336,-149,1,-64,32,59353,0.5139,transitando
44,1705055700,95025,1213752,216,2495,3973,1691,-326,-101,-120,-93,-25,28094,0.5536,transitando
44,1705056000,95050,1213783,457,2376,3922,1212,-63,-62,73,-231,-31,24636,0.4811,transitando
44,1705056300,94983,1213772,262,2436,3941,1215,-59,-222,-5,-79,1,61407,0.4762,transitando
44,1705056600,94878,1213722,285,2336,3941,919,169,211,22,184,41,42419,0.5922,transitando
44,1705056900,94906,1213733,438,2390,3958,1030,273,-17,-48,-59,66,25518,0.6354,transitando
44,1705057200,94897,1213722,354,2464,3969,835,360,-257,-73,-35,-25,59893,0.5536,transitando
44,1705057500,94922,1213697,58,2497,3974,801,-648,71,114,-6,102,33746,0.4818,transitando
44,1705057800,94862,1213655,366,2403,3911,592,-206,43,171,-45,84,8896,0.5703,transitando
44,1705058100,94831,1213651,217,2387,3969,-199,3,-252,268,50,53,28538,0.5306,transitando
44,1705058400,94828,1213626,142,2502,3932,1224,392,311,-205,42,57,11580,0.5274,transitando
44,1705058700,94854,1213603,397,2408,3978,564,-381,66,-160,81,-75,58604,0.5156,transitando
44,1705059000,94873,1213572,76,2503,3963,1017,-23,111,-52,82,41,19749,0.4842,transitando
44,1705059300,94890,1213493,191,2460,3928,1346,85,-202,-6,114,-27,1971,0.5991,transitando
44,1705059600,94908,1213518,379,2446,3975,903,-86,87,8,63,22,27174,0.5613,transitando
44,1705059900,94899,1213536,114,2551,3935,1456,106,-86,-30,45,-44,62427,0.4622,transitando
44,1705060200,94915,1213441,296,2554,3994,927,247,-108,145,-12,69,43405,0.5148,transitando
44,1705060500,94883,1213451,440,2362,3913,1170,-264,177,29,130,-48,15997,0.6794,transitando
44,1705060800,94887,1213408,307,2453,3964,932,156,228,-348,-121,29,31475,0.4857,transitando
44,1705061100,94980,1213328,477,2352,3939,413,87,-53,-106,-18,47,17170,0.485,transitando
44,1705061400,95065,1213278,345,2424,3991,435,-318,162,130,175,29,30534,0.5828,transitando
44,1705061700,95047,1213285,275,2421,3996,745,301,-357,43,-108,-60,8477,0.3926,transitando
44,1705062000,95127,1213372,451,2499,3926,797,288,138,-142,18,25,59732,0.4312,transitando
44,1705062300,95076,1213351,1938,2059,3913,1773,-296,-185,-107,139,-319,57534,0.5504,busca
44,1705062600,95071,1213392,3333,1750,3920,-320,-603,32,72,267,-157,30211,0.4875,busca
44,1705062900,95128,1213370,1901,2167,3936,332,-41,-750,29,16,-105,56302,0.4517,busca
44,1705063200,95198,1213419,1034,2403,3991,1071,159,-632,-227,-392,-19,33874,0.5254,busca
44,1705063500,95177,1213443,2301,1974,3901,-201,-881,798,-71,-627,234,54417,0.4408,busca
44,1705063800,95131,1213382,1974,2099,3923,938,1642,-955,-156,175,-146,26534,0.5272,busca
44,1705064100,95157,1213374,1864,2094,3907,2613,-2600,-982,206,102,-15,60821,0.6188,forrageando
44,1705064400,95163,1213380,2897,423,3911,-308,1111,406,375,-251,12,46792,0.3719,forrageando
44,1705064700,95062,1213404,1828,2148,3918,2089,-889,1610,-21,368,12,61569,0.397,forrageando
44,1705065000,95063,1213428,2779,493,3994,-6641,-710,-1045,-263,-758,272,56139,0.4552,forrageando
44,1705065300,95099,1213547,1133,2214,3900,686,-128,-445,-370,252,-375,14999,0.4351,forrageando
44,1705065600,95143,1213531,2411,418,3980,641,374,-937,-630,-215,-282,44058,0.4225,forrageando
44,1705065900,95151,1213512,1506,2215,3909,-568,-41,-41,1088,-543,364,1921,0.4819,forrageando
44,1705066200,95201,1213457,652,2325,3924,1452,-1422,-794,457,236,94,34986,0.4457,forrageando
44,1705066500,95202,1213395,1517,2219,3998,-584,-1779,-493,-59,-292,255,40893,0.5047,forrageando
44,1705066800,95187,1213396,1018,2298,3904,783,1924,-1507,-650,-161,-94,46628,0.3862,forrageando
44,1705067100,95270,1213308,1479,2136,3976,-1501,739,-1803,-31,-255,472,11278,0.3384,forrageando
44,1705067400,95195,1213453,1275,2217,3948,943,36,-2292,269,-220,-225,30095,0.4178,forrageando
44,1705067700,95169,1213564,2941,539,3958,365,413,-1398,325,-93,-275,20342,0.4633,forrageando
44,1705068000,95142,1213504,619,2319,3938,-172,1597,-1086,131,652,-455,32681,0.4062,forrageando
44,1705068300,95184,1213398,1033,2266,3904,1817,2097,-1107,-644,-649,-332,6097,0.3741,forrageando
44,1705068600,95310,1213479,2243,333,3914,522,-244,-2037,-189,392,-481,44775,0.4096,forrageando
44,1705068900,95349,1213496,849,2331,3907,103,-1085,-2241,-581,-229,77,48355,0.3728,forrageando
44,1705069200,95324,1213476,1844,2169,3913,-712,-2597,-4059,672,709,-109,60130,0.4136,forrageando
44,1705069500,95300,1213615,2019,474,3915,1884,3769,806,-448,254,101,52758,0.3421,forrageando
44,1705069800,95197,1213539,2010,399,3959,-1421,1670,-1103,797,-255,137,13644,0.2949,forrageando
44,1705070100,95174,1213659,1910,2119,3957,187,-2375,-1048,-63,1171,-384,21654,0.4621,forrageando
44,1705070400,95148,1213655,686,2332,3911,-1776,2780,132,-229,63,274,62748,0.4043,forrageando
44,1705070700,95127,1213586,1252,2234,3947,255,21,536,-102,-62,229,10665,0.2947,busca
44,1705071000,95197,1213519,3214,1725,3944,-836,-318,-672,-304,232,-162,54352,0.4714,busca
44,1705071300,95132,1213525,3301,1797,3944,-1020,-104,-408,-234,64,-121,63363,0.313,busca
44,1705071600,95064,1213484,1181,2252,3966,1931,-1096,-656,-215,37,-14,15895,0.4254,busca
44,1705071900,94968,1213463,1260,2328,3900,790,632,183,0,63,-36,12629,0.4099,busca
44,1705072200,94964,1213345,1696,2208,3973,972,-452,392,-96,93,-267,26831,0.3849,busca
44,1705072500,94874,1213360,2730,1992,3928,-1125,1073,-168,210,362,9,10023,0.2603,busca
44,1705072800,94905,1213241,3755,1766,3971,-64,-464,-249,16,141,-67,63081,0.4287,busca
44,1705073100,94978,1213153,3226,1760,3941,33,1403,-985,90,-117,-33,11173,0.2951,busca
44,1705073400,95004,1213021,3981,1813,3953,-1727,544,-637,-2,-229,87,15406,0.2682,busca
44,1705073700,94938,1213131,116,2528,3930,1283,334,78,101,-104,-38,13842,0.2667,transitando
44,1705074000,94840,1213153,100,2487,3973,441,-218,-252,-81,77,24,48291,0.4284,transitando
44,1705074300,94789,1213253,60,2503,3966,1613,-308,4,86,-4,28,39209,0.3272,transitando
44,1705074600,94806,1213384,267,2455,3928,892,-317,164,2,-57,37,6758,0.3453,transitando
44,1705074900,94907,1213328,200,2512,3913,1083,94,-377,-30,101,-8,23301,0.3749,transitando
44,1705075200,94970,1213337,222,2442,3943,295,-153,244,244,-39,28,3507,0.3529,transitando
44,1705075500,95052,1213384,485,2454,3980,1718,-27,-122,159,18,119,59043,0.3712,transitando
44,1705075800,94974,1213362,154,2366,3989,572,275,-16,147,75,-1,63191,0.365,transitando
44,1705076100,94944,1213296,137,2543,3925,744,-169,55,-120,-84,-37,32847,0.3551,transitando
44,1705076400,94946,1213227,73,2470,3987,1013,-293,-137,24,-9,46,64691,0.2648,transitando
44,1705076700,94845,1213184,372,2421,3987,1552,-246,-242,-37,201,6,56628,0.4363,transitando
44,1705077000,94812,1213144,273,2469,3968,1332,155,-120,-65,127,130,14289,0.3493,transitando
44,1705077300,94931,1213136,67,2570,3953,600,-175,-12,-28,-167,24,52384,0.2855,transitando
44,1705077600,95004,1213239,451,2415,3930,1024,-80,-36,-70,43,-36,48224,0.3354,transitando
44,1705077900,94917,1213192,428,2513,3972,906,-40,332,20,83,-48,39953,0.4456,transitando
44,1705078200,94845,1213237,298,2490,3976,1240,168,220,5,122,40,61229,0.2766,transitando
44,1705078500,94972,1213231,52,2508,3929,1084,-271,-115,128,56,-34,62787,0.4379,transitando
44,1705078800,94942,1213169,295,2455,3900,1133,329,-69,-20,0,3,46542,0.3995,transitando
44,1705079100,95030,1213120,342,2450,3924,1482,126,70,-13,-126,-21,58501,0.2673,transitando
44,1705079400,95180,1213146,419,2426,3996,1269,-166,19,-23,9,10,1094,0.4218,transitando
44,1705079700,95209,1213234,353,2446,3966,776,-194,-207,0,138,-2,14613,0.4188,transitando
44,1705080000,95222,1213330,334,2434,3980,1525,286,244,197,-43,-37,25688,0.2535,transitando
44,1705080300,95223,1213221,458,2356,3918,692,-49,68,83,19,-22,51271,0.3555,transitando
44,1705080600,95171,1213165,487,2415,3989,1101,25,-75,9,-96,-35,54617,0.3239,transitando
44,1705080900,95072,1213129,270,2454,3918,485,223,7,-6,69,-4,6823,0.2999,transitando
44,1705081200,95165,1213050,159,2513,3925,1390,-127,290,69,-84,-43,9989,0.324,transitando
44,1705081500,95046,1213120,183,2490,3901,349,-510,59,-49,82,43,63200,0.3179,transitando
44,1705081800,94954,1213108,403,2409,3931,1666,75,-56,112,94,94,47653,0.3272,transitando
44,1705082100,95052,1213090,417,2427,3914,543,-129,201,1,-30,-69,44152,0.4536,transitando
44,1705082400,94958,1213060,374,2452,3935,1491,402,108,64,-174,-30,45833,0.4306,transitando
44,1705082700,94903,1213125,399,2341,3949,849,164,-106,115,-28,1,26328,0.2326,transitando
44,1705083000,94866,1212982,402,2459,3934,1182,27,137,95,-77,41,62659,0.3137,transitando
44,1705083300,94830,1212859,186,2428,3897,1470,471,414,129,-90,95,44031,0.3816,transitando
44,1705083600,94879,1212888,244,2394,3985,1610,38,70,-68,33,7,32023,0.2914,transitando
44,1705083900,94887,1212781,272,2417,3922,343,-751,21,-66,79,134,47385,0.3027,transitando
44,1705084200,94781,1212867,454,2452,3945,1333,-331,61,7,48,-7,13353,0.3432,transitando
44,1705084500,94697,1212794,114,2425,3995,1577,77,-116,-99,7,88,37022,0.2905,transitando
44,1705084800,94820,1212743,360,2464,3975,181,-198,-314,-34,7,-37,51669,0.3691,transitando
44,1705085100,94750,1212719,343,2411,3903,415,-351,138,-17,74,-69,2155,0.3145,transitando
44,1705085400,94869,1212788,383,2427,3953,1346,122,-105,78,127,-28,38933,0.2983,transitando
44,1705085700,94929,1212670,406,2432,3918,970,92,187,-32,30,-19,53627,0.4396,transitando
44,1705086000,94884,1212696,95,2503,3916,1642,97,-217,41,-57,19,15516,0.2598,transitando
44,1705086300,94784,1212624,55,2559,3981,874,309,82,-60,-146,0,56712,0.3762,transitando
44,1705086600,94765,1212660,137,2471,3990,744,-268,-39,203,84,-12,56545,0.356,transitando
44,1705086900,94721,1212689,462,2448,3907,1084,16,-144,-119,-114,-18,4772,0.2318,transitando
44,1705087200,94725,1212790,263,2480,3925,924,-23,58,128,83,40,26240,0.2741,transitando
44,1705087500,94627,1212739,247,2511,3975,1448,-221,-211,158,-16,16,11001,0.4743,transitando
44,1705087800,94594,1212790,357,2466,3939,860,-26,-57,-4,-63,43,22766,0.3723,transitando
44,1705088100,94578,1212714,349,2429,3923,544,-304,60,-71,101,41,28758,0.4324,transitando
44,1705088400,94480,1212776,195,2509,3968,1718,-31,-406,27,-14,28,9798,0.3655,transitando
44,1705088700,94410,1212815,395,2505,3949,1187,-359,-231,50,-90,-31,60366,0.3043,transitando
44,1705089000,94467,1212746,304,2387,3966,1001,486,-447,217,56,-12,38813,0.4235,transitando
44,1705089300,94478,1212674,315,2430,3969,1345,132,23,52,-53,-27,43091,0.3157,transitando
44,1705089600,94458,1212565,336,2413,3971,840,89,-255,94,53,-28,24086,0.3385,transitando
44,1705089900,94315,1212547,72,2530,3953,180,-84,-34,-18,-3,-44,50527,0.3663,transitando
44,1705090200,94356,1212585,255,2495,3971,1544,337,-199,27,-116,70,51392,0.5663,transitando
44,1705090500,94334,1212573,112,2484,3952,1555,365,70,53,-29,-18,19191,0.3158,transitando
44,1705090800,94306,1212712,218,2480,3962,1001,-264,-561,-44,-6,-3,47295,0.408,transitando
44,1705091100,94233,1212729,340,2405,3966,647,215,-43,55,107,36,33767,0.4758,transitando
44,1705091400,94223,1212800,300,2461,3953,568,-58,-28,1,-155,-61,20618,0.3499,transitando
44,1705091700,94214,1212664,196,2518,3938,149,-212,-132,46,90,48,55814,0.413,transitando
44,1705092000,94212,1212707,487,2362,3930,1398,-521,-92,0,-38,4,19679,0.3167,transitando
44,1705092300,94159,1212599,137,2450,3988,1159,572,-144,64,-153,32,52288,0.3122,transitando
44,1705092600,94233,1212519,66,2537,3925,725,322,145,112,29,-35,44933,0.3053,transitando
44,1705092900,94166,1212590,165,2471,3938,549,-23,-73,-120,-139,-22,46431,0.5183,transitando
44,1705093200,94213,1212575,376,2423,3995,61,654,-479,45,58,14,45014,0.3518,transitando
44,1705093500,94146,1212637,144,2542,3950,337,356,263,-71,-55,14,48461,0.4219,transitando
44,1705093800,94194,1212591,126,2511,3968,1163,123,57,57,137,7,38545,0.4268,transitando
44,1705094100,94138,1212614,191,2489,3913,1313,-266,179,74,-2,-67,31004,0.3913,transitando
44,1705094400,94148,1212569,474,2411,3978,887,34,66,-93,-13,68,25760,0.3724,transitando
44,1705094700,94088,1212568,346,2388,3932,1296,-583,-185,-72,117,29,57192,0.3746,transitando
44,1705095000,94113,1212516,236,2523,3954,977,39,265,-85,113,34,43351,0.2557,transitando
44,1705095300,93991,1212482,346,2454,3954,340,389,217,-62,-84,11,51899,0.3754,transitando
44,1705095600,93884,1212499,430,2359,3967,752,414,-255,-187,-159,30,59432,0.3227,transitando
44,1705095900,93869,1212413,157,2438,3965,487,373,149,-3,-9,-64,10861,0.394,transitando
44,1705096200,93932,1212360,378,2453,3982,211,44,-111,-241,37,-45,57741,0.347,transitando
44,1705096500,93950,1212502,92,2432,3941,-46,77,-124,70,-166,13,38252,0.3858,transitando
44,1705096800,93854,1212507,289,2501,3907,1109,620,278,47,-134,53,54446,0.3866,transitando
44,1705097100,93950,1212476,187,2436,3913,1297,394,-112,-43,-88,20,7488,0.4733,transitando
44,1705097400,93894,1212401,175,2523,3951,1312,37,-1,25,13,-59,60965,0.2774,transitando
44,1705097700,93786,1212291,173,2409,3906,1185,-439,13,15,-157,-54,18044,0.3706,transitando
44,1705098000,93733,1212359,363,2407,3925,1181,22,-33,-28,-128,60,49108,0.4027,transitando
44,1705098300,93810,1212295,200,2472,3964,1636,-10,84,-23,157,6,60706,0.5527,transitando
44,1705098600,93802,1212277,232,2470,3932,490,-30,385,-18,-49,-26,7962,0.3258,transitando
44,1705098900,93794,1212175,339,2492,3938,79,-273,13,86,39,33,10054,0.3166,transitando
44,1705099200,93749,1212086,137,2490,3964,726,-80,-79,124,-79,68,8562,0.2512,transitando
44,1705099500,93704,1211938,82,2466,3926,2229,117,-43,251,-128,73,22185,0.3006,transitando
44,1705099800,93629,1211871,391,2328,3963,1676,383,152,-115,-56,-16,56297,0.4214,transitando
44,1705100100,93733,1211818,312,2281,3990,656,-70,498,-50,57,51,20287,0.2999,transitando
44,1705100400,93624,1211905,130,2484,3947,1535,-314,92,98,-69,-43,32419,0.4705,transitando
44,1705100700,93595,1211841,486,2407,3954,1336,-239,-305,-107,17,92,54010,0.2697,transitando
44,1705101000,93505,1211900,253,2411,3928,1412,190,-148,31,-73,-37,43441,0.375,transitando
44,1705101300,93551,1211975,113,2503,3927,1102,-410,-245,-47,37,-31,2184,0.4409,transitando
44,1705101600,93519,1212041,142,2539,3930,1699,698,136,121,-13,-30,37370,0.3436,transitando
44,1705101900,93624,1211973,172,2493,3974,1462,22,134,-31,40,16,42739,0.3412,transitando
44,1705102200,93565,1212103,328,2463,3960,1024,-342,304,7,164,-68,52179,0.4528,transitando
44,1705102500,93493,1212171,468,2486,3982,782,594,215,85,63,37,31571,0.266,transitando
44,1705102800,93381,1212130,264,2450,3947,1496,307,327,64,24,40,16166,0.3012,transitando
44,1705103100,93279,1212033,155,2500,3961,810,20,238,34,217,24,33993,0.3726,transitando
44,1705103400,93212,1212019,276,2489,3989,1245,185,218,-111,-20,60,58150,0.4038,transitando
44,1705103700,93299,1212081,315,2426,3985,1644,-221,-125,-118,-5,45,58932,0.2587,transitando
44,1705104000,93192,1211986,120,2431,3917,1004,-111,-11,57,-14,4,61105,0.4297,transitando
44,1705104300,93301,1212009,309,2486,3981,739,-274,115,83,-154,-16,884,0.384,transitando
44,1705104600,93277,1212115,380,2449,3982,956,490,222,9,49,9,50596,0.3194,transitando
44,1705104900,93121,1212058,130,2432,3965,888,-679,52,-78,23,9,23931,0.289,transitando
44,1705105200,93061,1211942,332,2447,3962,1211,-65,-445,-27,93,0,45641,0.3379,transitando
44,1705105500,93145,1211895,325,2434,3956,260,9,310,82,38,-33,15932,0.4782,transitando
44,1705105800,93088,1211828,152,2383,3931,1577,-303,-86,-18,-58,-52,47631,0.32,transitando
44,1705106100,93084,1211931,491,2393,3939,929,-836,-297,-69,15,61,12267,0.3225,transitando
44,1705106400,93113,1212038,133,2531,3974,770,-147,117,275,121,45,20080,0.3692,transitando
44,1705106700,93086,1211945,291,2313,3987,1110,384,-254,107,180,73,61522,0.4065,transitando
44,1705107000,93192,1211888,352,2416,3968,714,222,-382,30,-47,27,23127,0.5299,transitando
44,1705107300,93186,1211923,154,2426,3964,1271,-594,-126,145,59,12,54990,0.3545,transitando
44,1705107600,93114,1212001,238,2400,3950,371,-124,52,106,69,93,64294,0.4609,transitando
44,1705107900,93185,1211988,107,2507,3949,339,57,192,-118,-123,-52,52252,0.45,transitando
44,1705108200,93174,1212052,166,2517,3971,1005,397,-15,132,-25,-69,41032,0.3977,transitando
44,1705108500,93169,1212108,274,2383,3909,1454,-68,226,172,121,9,6450,0.3453,transitando
44,1705108800,93115,1212233,308,2369,3977,306,-252,57,152,-81,-82,32171,0.4017,transitando
44,1705109100,93148,1212300,343,2441,3904,941,-298,47,111,99,-5,54438,0.4586,transitando
44,1705109400,93209,1212315,263,2398,3970,1270,338,17,-64,74,-51,40848,0.4831,transitando
44,1705109700,93167,1212208,276,2347,3947,1035,28,305,95,-7,127,14905,0.3773,transitando
44,1705110000,93116,1212233,452,2428,3924,-206,134,133,104,165,108,9923,0.5086,transitando
44,1705110300,93145,1212242,344,2400,3991,547,-246,1,-61,-1,-4,51076,0.4552,transitando
44,1705110600,93085,1212335,255,2424,3933,1044,396,-489,-132,18,-47,38554,0.5759,transitando
44,1705110900,93089,1212311,183,2434,3962,1192,406,-381,-119,-12,56,25300,0.5363,transitando
44,1705111200,93079,1212324,199,2559,3996,1280,-927,300,57,2,-20,63582,0.5256,transitando
44,1705111500,93077,1212346,394,2306,3952,2220,3,367,90,11,92,22533,0.4889,transitando
44,1705111800,93131,1212314,321,2480,3955,1206,-317,145,37,97,57,41846,0.4505,transitando
44,1705112100,93228,1212298,457,2457,3976,653,131,216,9,245,-24,19682,0.5175,transitando
44,1705112400,93212,1212295,315,2501,3927,655,-595,-117,144,14,-58,9927,0.4883,transitando
44,1705112700,93112,1212266,282,2344,3906,1164,356,212,238,-33,143,58724,0.4132,transitando
44,1705113000,93158,1212196,473,2511,3996,1453,-42,-167,-99,-54,75,63647,0.4244,transitando
44,1705113300,93166,1212304,448,2427,3929,1709,-151,48,-140,-66,110,33582,0.5454,transitando
44,1705113600,93152,1212330,282,2381,3947,1111,-57,596,47,-114,-107,39665,0.379,transitando
44,1705113900,93137,1212381,67,2472,3958,2150,-81,37,-111,79,-55,46633,0.4336,transitando
44,1705114200,93158,1212282,481,2348,3937,157,133,-116,-40,5,92,2264,0.4222,transitando
44,1705114500,93109,1212232,145,2496,3940,933,96,365,95,9,11,50953,0.4839,transitando
45,1705028400,313876,-128940,1924,2063,3983,1909,96,-981,-186,-69,-15,19044,0.4489,busca
45,1705028700,313965,-128975,992,2262,3974,493,-1348,-385,-55,191,44,56275,0.5096,busca
45,1705029000,313975,-128995,870,2355,3996,-392,185,-832,-286,20,-6,9050,0.5823,busca
45,1705029300,313995,-128987,1815,2131,3964,332,-1535,-161,258,-65,19,32937,0.4162,busca
45,1705029600,313936,-128985,1387,2204,3989,2108,1082,-1225,38,-342,-139,24643,0.3786,busca
45,1705029900,313927,-128946,760,2373,3933,1149,-1068,-952,-84,-143,14,64737,0.2698,busca
45,1705030200,313853,-129087,1392,2241,3956,-593,-557,298,66,-83,-59,9457,0.4103,busca
45,1705030500,313821,-129156,1173,2236,3981,366,-1029,-103,131,7,312,45136,0.4104,busca
45,1705030800,313743,-129189,1819,2066,3930,-80,-1119,-254,103,196,24,45569,0.4052,busca
45,1705031100,313797,-129222,1015,2228,3950,1217,-1782,-1439,208,43,-69,23926,0.5138,busca
45,1705031400,313788,-129229,1643,2190,3969,1470,-368,-407,-271,-95,-7,63499,0.3651,busca
45,1705031700,313771,-129321,594,2419,3996,199,1085,-152,196,-41,57,15878,0.4385,busca
45,1705032000,313719,-129354,1058,2266,3922,-28,570,-427,80,246,21,1220,0.418,busca
45,1705032300,313779,-129277,671,2403,3908,741,-145,-1092,-236,107,-235,59766,0.4376,busca
45,1705032600,313809,-129200,1749,2201,3991,1672,604,-656,64,-2,70,12753,0.4754,busca
45,1705032900,313843,-129208,940,2302,3961,-68,-373,27,150,9,-21,31671,0.4635,busca
45,1705033200,313850,-129092,1657,2221,3900,1512,-463,-374,210,-228,-306,49439,0.3947,busca
45,1705033500,313781,-129129,1050,2341,3933,-1494,1358,375,-207,721,-40,32863,0.3945,busca
45,1705033800,313810,-129015,1894,2033,3905,1616,-760,-705,294,-11,35,5522,0.4558,busca
45,1705034100,313810,-128900,1866,2063,3911,-261,472,-484,9,8,-8,44441,0.2714,busca
45,1705034400,313792,-128774,1059,2289,3933,-491,939,-735,-7,704,-333,14837,0.4172,busca
45,1705034700,313778,-128827,783,2415,3941,1996,-79,-796,0,163,-72,3226,0.5121,busca
45,1705035000,313770,-128801,613,2397,3953,1337,-202,-141,185,69,-136,37038,0.2782,busca
45,1705035300,313729,-128893,1897,2165,3977,-1111,-230,-91,230,114,113,27094,0.3762,busca
45,1705035600,313714,-128810,997,2407,3997,1012,1315,-673,-4,-123,274,1267,0.4106,busca
45,1705035900,313674,-128954,1340,2326,3957,798,-1033,-1763,-11,-108,-78,26885,0.4719,busca
45,1705036200,313760,-128936,1606,2154,3934,577,-348,-1647,-142,-174,9,4658,0.3833,busca
45,1705036500,313762,-128882,316,2412,3976,1169,256,-779,67,-280,-4,42813,0.5105,busca
45,1705036800,313810,-128885,518,2409,3919,-125,46,-1665,44,-242,127,1604,0.564,busca
45,1705037100,313830,-128894,965,2268,3956,775,-579,-582,-241,-9,-66,37818,0.3745,busca
45,1705037400,313871,-128944,477,2318,3952,1675,-548,-347,135,46,165,43935,0.5173,busca
45,1705037700,313876,-128981,992,2266,3983,2188,1508,-1185,-81,-92,-191,50929,0.4713,busca
45,1705038000,313843,-128910,1660,2130,3958,408,1078,-1360,134,-70,26,40409,0.3963,busca
45,1705038300,313796,-128909,1494,2260,3937,-234,-1549,-392,-133,-46,13,32419,0.4077,busca
45,1705038600,313768,-128886,1820,2058,3903,1440,-515,-1005,-155,54,58,57813,0.4173,busca
45,1705038900,313722,-128826,927,2238,3917,1641,103,-464,-5,-285,-122,24969,0.5464,busca
45,1705039200,313758,-128842,1818,2124,3938,-1670,696,567,137,-165,-21,57989,0.4367,busca
45,1705039500,313712,-128854,1947,2113,3926,1187,-117,-953,202,63,101,60627,0.3527,busca
45,1705039800,313775,-128891,349,2372,3951,-131,-456,-618,89,-147,63,15141,0.4764,busca
45,1705040100,313845,-128817,1494,2227,3971,345,-138,-817,-210,409,-123,15566,0.5044,busca
45,1705040400,313844,-128792,1159,2258,3902,511,-368,-130,-101,373,-18,42472,0.5001,busca
45,1705040700,313829,-128790,1882,2114,3978,-1304,-684,-588,8,-163,-76,25831,0.491,busca
45,1705041000,313824,-128696,1079,2307,3989,1787,-48,-1092,-179,-14,-84,14070,0.673,busca
45,1705041300,313840,-128707,1103,2297,3961,1258,61,-700,-122,85,67,43262,0.4732,busca
45,1705041600,313906,-128735,1724,2220,3932,-464,-1559,369,-209,82,-98,24604,0.5323,busca
45,1705041900,313881,-128704,1378,2302,3955,1516,526,-543,-216,-110,82,1973,0.525,busca
45,1705042200,313862,-128712,1031,2216,3993,1197,-571,-493,170,-8,104,21090,0.4803,busca
45,1705042500,313811,-128666,1903,2083,3906,-757,-60,-865,332,-292,-43,55415,0.5797,busca
45,1705042800,313812,-128650,771,2351,3934,-1069,-903,-778,-248,29,-45,52089,0.5789,busca
45,1705043100,313830,-128684,563,2441,3917,-1181,1870,791,-351,-176,-85,3302,0.599,busca
45,1705043400,313816,-128667,317,2540,3906,916,-133,197,-524,174,-122,33922,0.6071,busca
45,1705043700,313793,-128659,1897,2138,3948,130,256,-1722,-116,237,101,22915,0.5812,busca
45,1705044000,313798,-128677,1838,2053,3924,657,-875,-687,269,-339,147,44849,0.4555,busca
45,1705044300,313776,-128552,1958,2074,3900,-349,59,-1091,212,-299,-358,50344,0.4593,busca
45,1705044600,313784,-128619,1727,2098,3983,-102,921,-649,332,94,4,14517,0.5349,busca
45,1705044900,313824,-128613,1914,2081,3946,1634,-374,-440,85,-71,76,19851,0.4858,busca
45,1705045200,313787,-128583,1928,2067,3946,581,1194,-14,-101,-5,14,22282,0.5791,busca
45,1705045500,313791,-128531,534,2445,3933,1544,77,136,-164,-11,211,61271,0.4305,busca
45,1705045800,313755,-128425,945,2275,3964,-2554,449,-769,127,128,272,26369,0.6199,busca
45,1705046100,313753,-128447,1204,2319,3927,-1182,937,299,-360,139,434,43658,0.5351,busca
45,1705046400,313759,-128482,338,2410,3977,267,516,-1002,-33,95,-27,4764,0.5418,busca
45,1705046700,313766,-128465,575,2337,3989,841,200,-848,85,127,108,32455,0.3916,busca
45,1705047000,313828,-128421,1165,2324,3995,704,74,-364,347,-7,3,44516,0.6311,busca
45,1705047300,313840,-128409,846,2295,3940,-575,375,-112,99,-9,113,7045,0.545,busca
45,1705047600,313891,-128376,1518,2156,3923,9,258,251,51,-61,-155,56635,0.6289,busca
45,1705047900,313886,-128387,741,2329,3902,1709,430,-799,-80,-180,118,2283,0.4914,busca
45,1705048200,313924,-128489,1427,2159,3932,-376,-516,-332,31,-199,280,43660,0.5485,busca
45,1705048500,313938,-128464,873,2369,3909,987,-1336,90,293,271,68,6236,0.4544,busca
45,1705048800,313874,-128437,1855,2131,3952,2485,293,-600,-126,223,-245,54348,0.5743,busca
45,1705049100,313867,-128469,1036,2255,3959,854,129,-12,10,104,295,54287,0.4849,busca
45,1705049400,313947,-128547,1285,2207,3968,1382,-563,-953,234,-37,-156,20080,0.5736,busca
45,1705049700,313909,-128542,1217,2247,3921,68,-221,236,140,-45,114,18026,0.5562,busca
45,1705050000,313920,-128564,3182,1787,3996,-780,-614,-1096,6,13,160,27680,0.5602,busca
45,1705050300,313915,-128545,1488,2158,3953,535,920,-674,-358,28,127,59974,0.6438,busca
45,1705050600,313934,-128541,1573,2099,3912,2903,-65,-698,69,270,-289,8515,0.5218,busca
45,1705050900,313924,-128510,2471,1983,3968,-408,42,-664,-23,-341,-151,36511,0.3929,busca
45,1705051200,313900,-128560,2393,2050,3965,-1355,-1071,96,43,-70,-309,42045,0.4424,busca
45,1705051500,313790,-128508,2683,2063,3922,-175,67,-1161,226,49,-102,54491,0.4863,busca
45,1705051800,313820,-128526,3373,1811,3924,-238,123,-1053,57,-131,386,24991,0.6862,busca
45,1705052100,313833,-128521,1394,2265,3954,435,-1597,109,-406,147,328,19922,0.5441,busca
45,1705052400,313853,-128472,3646,1761,3905,-189,-187,-162,-136,-5,6,23001,0.5339,busca
45,1705052700,313863,-128465,3320,1806,3963,-970,-587,-1310,72,-252,-81,9553,0.6387,busca
45,1705053000,313848,-128453,2682,2055,3998,-856,662,-495,142,-72,284,14922,0.4876,busca
45,1705053300,313834,-128372,2258,1996,3979,512,-59,573,-223,314,-114,30077,0.5172,busca
45,1705053600,313850,-128366,1140,2260,3913,-199,924,-1218,-136,112,142,9238,0.6539,busca
45,1705053900,313870,-128414,3780,1717,3938,-618,344,-1025,278,86,-88,42103,0.6038,busca
45,1705054200,313839,-128443,2721,1967,3910,102,-647,-348,-168,121,292,35141,0.6844,busca
45,1705054500,313837,-128413,2869,1852,3945,308,-1421,-1004,159,-213,49,33960,0.4465,busca
45,1705054800,313843,-128509,1366,2275,3962,1454,-346,-254,-64,370,55,3453,0.3495,busca
45,1705055100,313808,-128706,2934,506,3975,246,-3666,-2047,-370,-253,-184,32182,0.5626,forrageando
45,1705055400,313785,-128722,1342,2265,3949,1041,-2117,-1139,-705,-800,-444,27940,0.529,forrageando
45,1705055700,313800,-128697,2235,387,3974,-3079,3843,-1865,53,-334,68,3265,0.4612,forrageando
45,1705056000,313715,-128620,1617,2206,3913,-392,-961,-2344,-137,664,147,22519,0.538,forrageando
45,1705056300,313696,-128637,668,2358,3997,-2398,-877,1141,65,-297,136,11516,0.6523,forrageando
45,1705056600,313714,-128612,1742,2231,3943,339,-3533,-259,297,-541,-170,30134,0.5695,forrageando
45,1705056900,313709,-128583,2212,427,3940,-2428,-525,276,258,-317,-99,46316,0.5414,forrageando
45,1705057200,313710,-128567,2196,482,3918,3608,2048,-334,-92,1398,-598,20627,0.4743,forrageando
45,1705057500,313717,-128614,1729,2118,3908,1836,-597,-1651,654,116,-169,21012,0.5959,forrageando
45,1705057800,313701,-128593,2872,455,3979,383,2014,-1621,-48,-1282,-46,32147,0.6141,forrageando
45,1705058100,313689,-128588,1224,2251,3937,648,990,-579,-300,106,210,20986,0.487,forrageando
45,1705058400,313774,-128564,1522,2266,3987,-1036,-369,-1664,-303,-129,112,28090,0.4559,forrageando
45,1705058700,313751,-128616,1448,2193,3953,292,-1317,-1094,388,328,290,37447,0.6559,forrageando
45,1705059000,313781,-128664,1945,2001,3989,317,644,53,-558,-396,260,13653,0.5077,forrageando
45,1705059300,313776,-128673,1809,2178,3984,-192,-300,-33,800,239,-561,28669,0.5529,forrageando
45,1705059600,313784,-128687,955,2326,3939,-623,-2658,947,-54,-1035,-325,38548,0.465,forrageando
45,1705059900,313756,-128720,2971,550,3930,-2420,4512,-256,-176,-684,10,46958,0.4879,forrageando
45,1705060200,313736,-128635,955,2339,3942,-3073,871,97,763,228,-198,11806,0.5008,forrageando
45,1705060500,313754,-128659,2737,416,3998,422,755,-890,149,-520,42,14341,0.4225,forrageando
45,1705060800,313681,-128564,2131,404,3910,262,-1221,133,153,-773,-17,52364,0.4774,forrageando
45,1705061100,313784,-128644,1412,2168,3905,1975,-503,-965,115,-814,10,56161,0.3745,forrageando
45,1705061400,313700,-128619,2642,505,3945,1830,-1213,-284,435,-658,118,23013,0.5445,forrageando
45,1705061700,313662,-128610,1450,2199,3938,409,-135,-1184,62,-621,-479,3489,0.4501,forrageando
45,1705062000,313694,-128635,1868,2128,3922,464,-3633,-1259,-840,-450,104,42619,0.4113,forrageando
45,1705062300,313624,-128683,2819,467,3904,-313,388,-809,1233,-386,-553,41085,0.5881,forrageando
45,1705062600,313610,-128693,1848,2050,3989,486,-334,-1219,-320,18,-293,33992,0.5581,forrageando
45,1705062900,313617,-128714,1608,2212,3966,-1447,-3720,-2261,-216,-301,-223,16396,0.5661,forrageando
45,1705063200,313628,-128702,508,2327,3965,1298,-914,-1793,-287,-308,-447,7927,0.5716,forrageando
45,1705063500,313665,-128723,2408,408,3904,-3613,64,694,657,239,555,60463,0.3788,forrageando
45,1705063800,313535,-128762,1416,2235,3984,1969,-169,-2753,493,388,-417,41153,0.4242,forrageando
45,1705064100,313504,-128774,1930,2043,3945,64,-3544,570,596,-442,325,45071,0.511,forrageando
45,1705064400,313484,-128768,2426,2095,3901,436,89,181,112,184,247,4181,0.3431,busca
45,1705064700,313641,-128818,1478,2254,3977,889,-1256,-905,-200,-161,-138,41848,0.4029,busca
45,1705065000,313566,-128820,1747,2247,3971,-111,-628,-1642,16,-153,251,1413,0.5467,busca
45,1705065300,313545,-128782,3764,1762,3985,-1008,650,327,-163,-61,-59,21495,0.3226,busca
45,1705065600,313599,-128614,1519,2219,3908,1870,-94,-300,195,-84,-249,41978,0.4474,busca
45,1705065900,313526,-128609,2978,1929,3959,1460,-940,-683,38,23,83,5422,0.3584,busca
45,1705066200,313525,-128542,2674,2029,3951,343,-50,-350,8,78,-55,47727,0.3273,busca
45,1705066500,313608,-128583,1984,2082,3935,-1557,219,446,98,-168,217,51182,0.4519,busca
45,1705066800,313600,-128502,2697,2012,3904,883,1095,-747,-322,562,84,24985,0.3146,busca
45,1705067100,313561,-128672,3926,1727,3953,933,1198,-313,-288,364,-122,39321,0.4299,busca
45,1705067400,313543,-128559,1217,2251,3987,-361,-2541,335,-34,-120,-88,46656,0.3739,busca
45,1705067700,313578,-128620,1416,2258,3926,1649,231,-867,286,-39,45,60121,0.3904,busca
45,1705068000,313561,-128661,1351,2242,3949,-971,1125,-650,81,98,-27,63847,0.4641,busca
45,1705068300,313607,-128521,2530,2075,3949,925,-149,-56,-210,50,-86,32607,0.3009,busca
45,1705068600,313622,-128405,3721,1757,3994,649,125,-720,-136,-390,-151,27287,0.3238,busca
45,1705068900,313682,-128311,1734,2238,3917,1198,-4,-1011,88,23,-97,11678,0.4686,busca
45,1705069200,313572,-128361,1567,2176,3943,347,-352,419,-161,-175,187,5102,0.4201,busca
45,1705069500,313672,-128272,2402,2022,3939,913,-100,-601,-141,-171,-91,4942,0.2897,busca
45,1705069800,313662,-128403,1552,2153,3985,531,157,-223,-131,10,-13,32250,0.4051,busca
45,1705070100,313599,-128394,3819,1758,3961,-122,-522,-414,23,-78,27,6141,0.2313,busca
45,1705070400,313584,-128471,3223,1850,3912,65,-339,-1250,-101,-16,81,33809,0.3414,busca
45,1705070700,313579,-128391,1486,2233,3950,1292,989,0,-86,-264,63,45736,0.2839,busca
45,1705071000,313666,-128413,1594,2192,3990,170,357,-767,-56,-259,-122,28084,0.2973,busca
45,1705071300,313564,-128294,2312,2089,3917,1989,-271,-444,367,-31,175,48612,0.2971,busca
45,1705071600,313516,-128408,2297,2069,3908,-1915,-636,299,-369,72,101,64108,0.4493,busca
45,1705071900,313644,-128416,1477,2273,3901,1616,-118,-281,12,-74,-88,47318,0.4785,busca
45,1705072200,313663,-128334,184,2349,3914,136,-89,45,81,107,-63,40668,0.2977,transitando
45,1705072500,313647,-128444,190,2403,3931,1143,-83,-100,-27,-26,-34,686,0.3315,transitando
45,1705072800,313696,-128286,455,2369,3976,587,-56,16,85,-68,-41,10410,0.3613,transitando
45,1705073100,313670,-128208,322,2552,3935,1470,-36,-102,-101,-45,-59,14553,0.3985,transitando
45,1705073400,313675,-128108,389,2488,3919,450,40,105,73,-168,-17,46250,0.2108,transitando
45,1705073700,313618,-128188,316,2470,3908,-291,310,83,-117,127,19,35491,0.3408,transitando
45,1705074000,313558,-128090,475,2368,3988,408,108,-44,59,134,-6,26985,0.4192,transitando
45,1705074300,313631,-128183,175,2569,3980,1044,570,204,112,46,-50,64839,0.3989,transitando
45,1705074600,313594,-128110,302,2430,3967,1013,145,3,-39,-26,23,30447,0.3393,transitando
45,1705074900,313663,-128210,404,2475,3952,985,358,553,21,13,-114,56493,0.2949,transitando
45,1705075200,313527,-128240,227,2473,3954,1601,-52,-237,-42,30,-83,12746,0.2907,transitando
45,1705075500,313506,-128387,312,2441,3901,1331,-151,262,-71,73,-8,54119,0.3562,transitando
45,1705075800,313408,-128331,315,2408,3921,171,-149,-144,133,33,-60,44333,0.4606,transitando
45,1705076100,313287,-128282,302,2469,3985,1291,264,-92,-18,-113,79,24665,0.3645,transitando
45,1705076400,313354,-128358,233,2495,3960,1023,189,135,-2,147,-19,31553,0.3299,transitando
45,1705076700,313255,-128295,161,2511,3943,1101,-319,-233,155,52,-51,10651,0.2635,transitando
45,1705077000,313316,-128402,75,2569,3939,1456,386,123,-180,126,94,48629,0.3399,transitando
45,1705077300,313189,-128387,67,2529,3971,267,52,-40,158,97,-32,55715,0.3095,transitando
45,1705077600,313214,-128280,380,2360,3974,1353,-707,-72,112,62,61,3098,0.4184,transitando
45,1705077900,313273,-128345,113,2507,3995,510,-533,-179,102,259,70,52296,0.3232,transitando
45,1705078200,313364,-128276,93,2364,3943,944,141,85,52,9,-57,47945,0.2546,transitando
45,1705078500,313488,-128218,86,2447,3977,1134,205,69,-82,16,31,63603,0.3713,transitando
45,1705078800,313540,-128312,85,2475,3937,1248,-105,165,-85,-50,-65,16837,0.3296,transitando
45,1705079100,313642,-128335,130,2478,3991,524,-24,148,-77,-230,26,53918,0.324,transitando
45,1705079400,313551,-128209,184,2499,3990,771,608,-345,243,-146,-9,63495,0.3354,transitando
45,1705079700,313466,-128321,144,2504,3965,1028,494,182,-47,62,14,64266,0.2978,transitando
45,1705080000,313570,-128184,288,2532,3938,1055,-103,-495,91,37,-110,10212,0.3936,transitando
45,1705080300,313494,-128205,105,2408,3977,232,497,-579,-38,16,-76,48274,0.3522,transitando
45,1705080600,313438,-128268,258,2441,3958,877,189,193,-82,66,-1,18520,0.2179,transitando
45,1705080900,313367,-128369,470,2369,3917,904,288,155,-95,25,-47,45952,0.4011,transitando
45,1705081200,313316,-128319,67,2554,3910,1357,209,60,44,54,-41,59679,0.237,transitando
45,1705081500,313235,-128423,157,2443,3897,1235,36,187,158,6,33,23518,0.3472,transitando
45,1705081800,313343,-128335,176,2387,3966,188,-95,-94,51,33,42,62251,0.362,transitando
45,1705082100,313359,-128281,286,2474,3925,384,574,-33,4,-167,-51,21210,0.2079,transitando
45,1705082400,313279,-128171,234,2452,3995,1060,-59,269,-178,-141,65,57170,0.2806,transitando
45,1705082700,313289,-128031,214,2544,3918,1585,-67,276,-125,201,45,11976,0.2477,transitando
45,1705083000,313411,-128055,78,2454,3929,587,-46,128,28,117,-23,35978,0.265,transitando
45,1705083300,313324,-128119,341,2422,3899,878,-10,-118,-24,-129,-23,47112,0.3198,transitando
45,1705083600,313375,-127992,258,2452,3983,921,-87,178,85,-51,43,12591,0.3815,transitando
45,1705083900,313322,-128007,372,2501,3959,831,631,195,36,-5,-63,39644,0.3683,transitando
45,1705084200,313278,-128081,431,2415,3918,1090,291,-152,113,137,69,31136,0.1857,transitando
45,1705084500,313331,-128167,167,2555,3967,1641,-98,68,-13,-119,8,53809,0.332,transitando
45,1705084800,313227,-128226,71,2400,3952,1823,8,192,29,-94,83,7126,0.3407,transitando
45,1705085100,313335,-128223,139,2420,3925,2008,42,9,-225,5,60,45665,0.339,transitando
45,1705085400,313341,-128382,350,2389,3973,681,99,394,-66,-79,43,56236,0.2547,transitando
45,1705085700,313242,-128282,354,2445,3937,2027,-378,-71,77,65,21,13124,0.2649,transitando
45,1705086000,313346,-128246,486,2429,3904,1042,241,-439,2,-12,-28,17819,0.327,transitando
45,1705086300,313270,-128191,106,2420,3951,607,-159,-16,264,119,26,40396,0.2104,transitando
45,1705086600,313294,-128058,336,2453,3926,257,130,-290,41,45,23,39407,0.3441,transitando
45,1705086900,313248,-128170,343,2405,3938,802,156,-178,-164,120,67,9769,0.3521,transitando
45,1705087200,313256,-128259,277,2501,3946,333,-134,-126,-121,-28,34,17164,0.2875,transitando
45,1705087500,313191,-128362,155,2476,3973,938,-476,81,55,136,10,4828,0.4625,transitando
45,1705087800,313237,-128250,70,2427,3993,1117,-225,-225,-118,-71,-8,44023,0.3703,transitando
45,1705088100,313149,-128236,70,2477,3909,1372,-679,58,24,-48,41,51826,0.2557,transitando
45,1705088400,313123,-128104,371,2475,3922,480,500,26,-121,-62,16,17128,0.3253,transitando
45,1705088700,313142,-128239,283,2440,3913,1125,189,66,-51,-90,9,18592,0.5519,transitando
45,1705089000,313191,-128250,85,2435,3919,982,-108,-69,-174,238,-33,13819,0.3269,transitando
45,1705089300,313301,-128296,382,2496,3974,1005,157,-76,-89,29,65,2134,0.3709,transitando
45,1705089600,313291,-128366,274,2479,3914,1333,40,389,-42,-194,-31,57199,0.3996,transitando
45,1705089900,313227,-128315,156,2510,3943,450,-388,117,-105,-52,28,11348,0.4431,transitando
45,1705090200,313297,-128344,95,2477,3913,987,465,-21,-122,133,-83,9876,0.2758,transitando
45,1705090500,313345,-128227,89,2553,3952,1371,114,-177,41,-192,-6,62995,0.246,transitando
45,1705090800,313271,-128350,487,2384,3905,187,269,47,1,169,-89,22699,0.3094,transitando
45,1705091100,313374,-128266,303,2385,3938,1315,-326,-133,-70,-34,13,29622,0.3914,transitando
45,1705091400,313472,-128215,107,2456,3939,1319,449,194,-84,-234,32,24815,0.3943,transitando
45,1705091700,313401,-128208,232,2522,3898,1052,-166,-260,10,-6,22,25370,0.2757,transitando
45,1705092000,313324,-128307,387,2438,3972,-5,537,89,166,14,42,23218,0.435,transitando
45,1705092300,313330,-128197,460,2321,3967,517,758,-300,-47,-84,37,40653,0.3842,transitando
45,1705092600,313329,-128274,69,2500,3927,139,109,-402,-69,-147,-15,63426,0.2977,transitando
45,1705092900,313186,-128274,176,2441,3968,837,-197,-17,1,37,-62,27676,0.2913,transitando
45,1705093200,313133,-128376,298,2455,3923,1628,-410,222,3,26,48,35187,0.2856,transitando
45,1705093500,313174,-128246,163,2485,3988,442,-720,237,5,-92,-34,7930,0.331,transitando
45,1705093800,313236,-128382,209,2404,3987,181,-193,360,-76,-60,76,19018,0.2473,transitando
45,1705094100,313376,-128381,439,2395,3942,1375,61,190,-46,-63,-24,59744,0.4841,transitando
45,1705094400,313291,-128417,416,2392,3939,1261,75,117,-127,-181,6,14177,0.4314,transitando
45,1705094700,313222,-128462,485,2391,3976,1385,132,43,-228,-163,38,53850,0.4224,transitando
45,1705095000,313273,-128508,251,2445,3956,805,-783,416,77,51,-19,52252,0.3397,transitando
45,1705095300,313278,-128376,71,2468,3931,1558,-365,275,191,-40,-30,11254,0.3977,transitando
45,1705095600,313197,-128417,116,2465,3943,905,268,365,-14,-16,-59,27339,0.2437,transitando
45,1705095900,313098,-128403,346,2469,3939,475,277,-241,13,112,-67,40724,0.3011,transitando
45,1705096200,313023,-128424,127,2528,3925,751,378,311,115,34,1,36844,0.3615,transitando
45,1705096500,312960,-128511,380,2385,3957,1016,-124,-305,-67,68,-13,39330,0.292,transitando
45,1705096800,312994,-128382,100,2505,3941,960,710,320,-89,197,81,1783,0.2723,transitando
45,1705097100,312845,-128448,343,2498,3937,1540,-14,-104,-46,93,-15,29709,0.438,transitando
45,1705097400,312779,-128485,356,2439,3967,1416,-104,181,75,-53,-1,60357,0.2519,transitando
45,1705097700,312827,-128611,183,2426,3995,1853,-377,91,-73,-119,2,12666,0.46,transitando
45,1705098000,312767,-128514,311,2544,3993,1480,394,-407,31,-41,-73,24081,0.277,transitando
45,1705098300,312742,-128390,203,2429,3901,-582,-238,227,16,12,-9,51600,0.3597,transitando
45,1705098600,312837,-128376,145,2531,3920,2334,-505,5,110,39,-55,46832,0.4696,transitando
45,1705098900,312959,-128399,236,2428,3933,1365,-64,-63,2,119,7,60647,0.3608,transitando
45,1705099200,312895,-128441,355,2342,3929,1216,-187,-46,13,-15,41,48716,0.4533,transitando
45,1705099500,312976,-128405,437,2400,3920,1744,-270,-273,-82,143,32,15101,0.4478,transitando
45,1705099800,313004,-128353,303,2523,3936,1425,180,-306,-110,-144,128,16985,0.4889,transitando
45,1705100100,312968,-128396,482,2492,3969,673,-18,197,-71,-107,-29,34841,0.2906,transitando
45,1705100400,313070,-128382,367,2451,3984,532,-20,255,25,50,90,60897,0.4967,transitando
45,1705100700,313131,-128367,67,2488,3927,797,-127,93,-63,-106,-99,41247,0.378,transitando
45,1705101000,313030,-128395,132,2445,3991,769,253,113,-18,74,-22,39484,0.3742,transitando
45,1705101300,312978,-128457,128,2460,3958,541,-106,243,-94,121,23,21323,0.317,transitando
45,1705101600,313022,-128337,76,2449,3928,-25,-189,-53,172,-116,-48,41100,0.3415,transitando
45,1705101900,313081,-128227,455,2427,3968,1524,-77,-103,157,75,-41,64355,0.3526,transitando
45,1705102200,312997,-128244,107,2562,3931,2147,-128,-120,-60,0,74,48321,0.2942,transitando
45,1705102500,313079,-128130,456,2478,3966,344,-104,-162,-137,-57,13,44266,0.4183,transitando
45,1705102800,313033,-128079,277,2490,3969,672,813,326,-24,87,-6,9608,0.4143,transitando
45,1705103100,313132,-128126,78,2464,3963,839,196,-225,-149,-112,1,13921,0.4127,transitando
45,1705103400,313190,-128133,223,2359,3944,760,-179,-159,-97,-115,5,57535,0.2889,transitando
45,1705103700,313167,-127994,248,2409,3972,1839,179,52,-40,47,-19,30236,0.5512,transitando
45,1705104000,313207,-127997,233,2472,3948,737,-341,-126,33,268,-63,38454,0.4797,transitando
45,1705104300,313151,-128026,181,2447,3970,457,429,9,-170,-38,-31,4046,0.3977,transitando
45,1705104600,313066,-127956,333,2388,3934,1652,-476,10,-116,2,48,51426,0.427,transitando
45,1705104900,313007,-127991,133,2541,3954,1619,-79,-164,-124,90,-48,47476,0.4522,transitando
45,1705105200,312956,-128042,325,2309,3952,643,-104,-51,-20,-100,-42,23734,0.2708,transitando
45,1705105500,313054,-127990,307,2358,3932,1422,-289,182,18,-88,-98,55294,0.3128,transitando
45,1705105800,312953,-128098,275,2450,3915,453,23,-241,-156,-209,-37,61779,0.3469,transitando
45,1705106100,312897,-127981,759,2257,3946,568,-532,-1267,68,947,-70,29825,0.3591,forrageando
45,1705106400,312854,-128060,1387,2330,3923,-1852,-66,-663,207,-138,-428,22289,0.4164,forrageando
45,1705106700,312862,-128179,1172,2286,3902,2262,4318,-641,-1017,413,-199,34874,0.4199,forrageando
45,1705107000,312757,-128152,687,2329,3924,1282,5545,-900,67,169,393,22842,0.3937,forrageando
45,1705107300,312760,-128129,375,2454,3964,-753,2319,-2838,65,-123,-259,58744,0.4385,forrageando
45,1705107600,312670,-128114,970,2300,3904,1119,647,-333,176,347,-263,3923,0.4634,forrageando
45,1705107900,312677,-128095,797,2279,3943,4791,752,-364,142,-549,-188,6712,0.4203,forrageando
45,1705108200,312641,-128116,1349,2203,3978,1634,-6210,-900,4,-585,-293,44836,0.552,forrageando
45,1705108500,312663,-128152,912,2322,3978,-1319,4067,-3350,-161,-361,-207,46542,0.4184,forrageando
45,1705108800,312551,-128083,844,2345,3916,-929,2832,-2490,215,-146,32,33433,0.45,forrageando
45,1705109100,312571,-127982,786,2358,3913,-1886,1161,-1025,442,371,-150,25662,0.3104,forrageando
45,1705109400,312445,-127889,248,2458,3928,288,-709,-3300,710,247,265,49663,0.4278,forrageando
45,1705109700,312495,-127903,1354,2211,3986,173,1451,-2989,184,227,-365,41297,0.4657,forrageando
45,1705110000,312556,-128045,584,2308,3919,16,-2268,-1585,397,-257,269,57310,0.467,forrageando
45,1705110300,312491,-128163,253,2411,3995,-33,300,-1187,-329,652,463,33484,0.4335,forrageando
45,1705110600,312425,-128265,937,2337,3908,-1913,-4353,-215,474,-255,200,61796,0.4153,forrageando
45,1705110900,312393,-128161,1454,2212,3945,3368,-2058,548,70,467,-199,45584,0.3096,forrageando
45,1705111200,312451,-128183,1046,2281,3912,-755,-1323,-1366,-438,207,-152,25763,0.4594,forrageando
45,1705111500,312495,-128206,1106,2186,3917,823,3516,-2096,481,1,-166,4626,0.336,forrageando
45,1705111800,312493,-128115,1005,2318,3913,872,-868,-1626,241,-214,-36,16456,0.3214,forrageando
45,1705112100,312466,-128037,862,2320,3901,911,-399,-2969,472,1436,-241,43109,0.5117,forrageando
45,1705112400,312473,-128028,1305,2286,3913,-1700,-1513,-1094,105,-111,149,12901,0.2571,forrageando
45,1705112700,312350,-128047,1369,2215,3976,-960,131,-2119,10,559,50,43207,0.5525,forrageando
45,1705113000,312334,-128082,538,2406,3995,1421,-2151,-1459,-461,-217,221,29556,0.4297,forrageando
45,1705113300,312251,-128056,1258,2342,3923,-1850,1863,-865,-285,-577,85,38514,0.4378,forrageando
45,1705113600,312183,-127976,1121,2290,3946,2185,2090,-681,-42,-265,162,62717,0.3359,forrageando
45,1705113900,312177,-127840,1187,2302,3954,-1422,-1913,-1580,-329,-221,-412,13271,0.3844,forrageando
45,1705114200,312240,-127807,959,2398,3948,1275,-914,-1005,273,-391,0,46247,0.3253,forrageando
45,1705114500,312223,-127984,1199,2242,3905,853,1936,-2036,228,-319,-329,9126,0.4133,forrageando
46,1705028400,227910,-408668,1356,2196,3937,750,-824,-218,-299,99,174,33704,0.3831,busca
46,1705028700,227906,-408760,1639,2173,3989,-53,630,-452,13,-366,-18,65379,0.48,busca
46,1705029000,227891,-408690,1059,2233,3908,392,-749,-491,79,-192,-333,32943,0.4576,busca
46,1705029300,227898,-408586,839,2295,3982,1951,778,-511,-260,216,-92,15227,0.4339,busca
46,1705029600,227790,-408599,750,2307,3929,1004,-245,-387,9,62,257,11389,0.552,busca
46,1705029900,227810,-408609,1057,2195,3978,329,-778,-280,-272,-26,175,9749,0.403,busca
46,1705030200,227860,-408709,1803,2125,3984,-1036,502,-251,-128,9,-102,26555,0.5669,busca
46,1705030500,227847,-408684,1496,2162,3989,193,-1264,-382,83,-42,72,56284,0.503,busca
46,1705030800,227852,-408660,1034,2309,3913,196,128,-1062,-215,-91,179,49316,0.4663,busca
46,1705031100,227865,-408746,1211,2225,3973,-136,141,-365,391,262,29,44761,0.438,busca
46,1705031400,227866,-408813,1619,2147,3906,2305,1665,-972,-103,-265,-5,59404,0.4164,busca
46,1705031700,227850,-408766,436,2425,3963,350,767,-546,250,147,54,17342,0.4352,busca
46,1705032000,227796,-408788,1000,2293,3924,-424,827,25,-13,13,-111,7071,0.5075,busca
46,1705032300,227784,-408814,1555,2222,3912,2921,-3,-420,99,-145,-272,37534,0.4348,busca
46,1705032600,227691,-408710,1742,2107,3952,0,-929,-879,82,-104,181,45351,0.4453,busca
46,1705032900,227649,-408632,687,2391,3900,-552,-1253,-17,-158,-57,101,10454,0.3849,busca
46,1705033200,227559,-408632,371,2402,3978,2177,-747,-454,-136,-51,-13,33552,0.3587,busca
46,1705033500,227584,-408706,407,2463,3967,688,607,-691,119,32,129,47786,0.3558,busca
46,1705033800,227637,-408644,1694,2031,3985,1000,446,-958,46,63,119,31777,0.5068,busca
46,1705034100,227619,-408650,563,2389,3929,408,1591,-919,-157,-258,-232,5540,0.4223,busca
46,1705034400,227624,-408597,1543,2208,3935,1086,975,-212,-281,-308,-136,2591,0.4748,busca
46,1705034700,227626,-408547,406,2501,3952,-955,152,-618,-73,-178,99,35916,0.5291,busca
46,1705035000,227612,-408524,1031,2299,3959,177,-731,-673,-241,197,205,45100,0.5235,busca
46,1705035300,227578,-408540,873,2379,3971,602,-160,-1182,127,-245,-522,31050,0.4515,busca
46,1705035600,227587,-408609,973,2336,3926,1955,169,-577,245,4,-77,3575,0.4187,busca
46,1705035900,227575,-408576,1123,2330,3920,-709,-1846,396,-211,69,-108,34897,0.4095,busca
46,1705036200,227538,-408540,1429,2173,3948,156,-785,693,113,127,94,12076,0.463,busca
46,1705036500,227563,-408650,448,2428,3982,-560,713,-690,-19,34,-1,43601,0.4766,busca
46,1705036800,227503,-408697,616,2380,3942,-188,372,-15,99,335,-380,16623,0.3323,busca
46,1705037100,227574,-408610,314,2316,3956,556,473,-203,-69,-16,150,53041,0.4876,busca
46,1705037400,227592,-408562,1958,2077,3940,1165,-790,393,-22,354,24,910,0.4577,busca
46,1705037700,227636,-408631,855,2310,3943,1006,-179,-773,-158,-164,-75,47922,0.5998,busca
46,1705038000,227650,-408593,1574,2093,3990,2460,-312,-871,513,49,-210,39473,0.5276,busca
46,1705038300,227685,-408597,1318,2152,3984,-197,-520,-1031,201,248,172,26645,0.6317,busca
46,1705038600,227682,-408584,420,2470,3917,-1117,-412,-669,-118,-245,120,52905,0.3499,busca
46,1705038900,227743,-408605,1972,2061,3933,985,311,-1,-70,34,-55,42493,0.528,busca
46,1705039200,227761,-408607,1522,2181,3934,1682,-881,499,130,-263,-285,19841,0.5108,busca
46,1705039500,227786,-408595,551,2351,3983,1246,208,253,-142,276,-53,19516,0.4577,busca
46,1705039800,227762,-408644,1888,2068,3996,2540,71,-40,-190,-147,240,45712,0.5485,busca
46,1705040100,227706,-408643,522,2368,3950,2410,815,-769,-86,-221,-97,35137,0.4851,busca
46,1705040400,227671,-408592,1274,2189,3969,-2112,-37,-311,-232,-42,-154,11879,0.5526,busca
46,1705040700,227662,-408598,1667,2218,3949,1780,-285,-132,-67,367,499,25154,0.564,busca
46,1705041000,227667,-408633,1189,2336,3945,787,896,-118,-367,-33,44,46062,0.5296,busca
46,1705041300,227681,-408627,1902,2172,3909,311,-1963,-476,370,163,14,65149,0.542,busca
46,1705041600,227663,-408621,885,2346,3945,606,-1645,-1004,-67,19,-44,18326,0.3166,busca
46,1705041900,227703,-408716,491,2457,3945,326,-870,-232,107,138,68,43359,0.458,busca
46,1705042200,227787,-408710,1936,2140,3976,1350,420,-445,104,-276,-153,11133,0.364,busca
46,1705042500,227711,-408644,1491,2283,3950,-84,-785,-595,127,-91,-75,59155,0.4883,busca
46,1705042800,227796,-408722,1092,2198,3899,-1153,416,251,19,65,-77,4404,0.4493,busca
46,1705043100,227902,-408776,691,2484,3909,-257,-481,-789,-31,-45,-78,42516,0.4457,busca
46,1705043400,227825,-408758,1973,2102,3976,-667,765,-800,-305,-83,-141,63660,0.536,busca
46,1705043700,227844,-408764,1617,2170,3993,-790,-713,-561,-115,110,1,59843,0.5186,busca
46,1705044000,227835,-408759,1561,2218,3986,285,343,-1109,69,140,122,26714,0.4647,busca
46,1705044300,227791,-408835,1037,2228,3977,-85,1314,-778,-148,-291,218,33520,0.4387,busca
46,1705044600,227739,-408802,598,2359,3919,-1101,-1534,-1006,-176,154,-140,50295,0.5115,busca
46,1705044900,227742,-408775,1448,2210,3934,35,-315,-761,72,-57,91,63651,0.4826,busca
46,1705045200,227696,-408813,1923,2024,3918,2383,373,-1238,15,213,46,65467,0.4446,busca
46,1705045500,227730,-408759,973,2285,3906,1447,-333,-247,171,-37,241,10140,0.5007,busca
46,1705045800,227698,-408730,457,2383,3919,1477,1484,-624,-129,-68,-171,24412,0.6131,busca
46,1705046100,227704,-408701,1585,2234,3924,729,-269,-614,124,-54,10,41068,0.5723,busca
46,1705046400,227699,-408717,643,2298,3965,-517,74,175,-186,-107,-213,56768,0.6825,busca
46,1705046700,227711,-408731,786,2265,3979,773,-676,394,-165,-67,-164,45762,0.471,busca
46,1705047000,227678,-408779,1212,2273,3987,312,-1501,-614,-374,-213,36,58647,0.5738,busca
46,1705047300,227680,-408797,490,2342,3950,-328,441,-1215,-258,13,185,52504,0.7142,busca
46,1705047600,227716,-408802,919,2300,3917,1422,-627,-36,-165,20,61,10812,0.5023,busca
46,1705047900,227686,-408795,1988,2176,3995,622,429,-39,-31,-334,-320,5263,0.5555,busca
46,1705048200,227683,-408831,1122,2297,3991,1575,-38,-361,-115,111,252,198,0.6046,busca
46,1705048500,227684,-408849,538,2412,3980,978,-73,-1205,-107,138,-818,9504,0.6134,forrageando
46,1705048800,227647,-408858,1160,2193,3955,4196,-566,-1604,-278,-505,172,62537,0.6666,forrageando
46,1705049100,227669,-408837,1018,2330,3985,1167,891,-1690,-350,-1108,-313,53175,0.5167,forrageando
46,1705049400,227679,-408834,685,2409,3930,-1806,89,-1128,-35,221,-459,63914,0.4475,forrageando
46,1705049700,227728,-408818,667,2390,3976,1935,2409,-1919,479,-129,454,29228,0.4779,forrageando
46,1705050000,227803,-408806,7807,975,3921,-1908,689,-646,-59,-972,287,1602,0.6175,forrageando
46,1705050300,227843,-408778,3131,495,3967,4102,1491,-530,-43,695,371,37141,0.5855,forrageando
46,1705050600,227836,-408765,5024,638,3949,2343,2755,-1087,169,206,-110,62295,0.6239,forrageando
46,1705050900,227813,-408774,6500,775,3931,25,-1459,-2263,-234,574,-82,58805,0.5372,forrageando
46,1705051200,227821,-408790,2433,464,3935,4235,-77,-1048,-50,-13,185,13089,0.6438,forrageando
46,1705051500,227835,-408796,3707,535,3979,6742,-2274,-1658,449,-123,-486,65407,0.6155,forrageando
46,1705051800,227802,-408775,4830,620,3912,1046,653,-764,-400,292,333,4412,0.6077,forrageando
46,1705052100,227791,-408767,2629,502,3912,-3577,1640,877,-941,-659,399,52762,0.6803,forrageando
46,1705052400,227797,-408779,5188,697,3996,-301,-3024,-594,-499,-67,-543,20873,0.5558,forrageando
46,1705052700,227797,-408773,6865,912,3973,1540,3902,404,319,530,-245,39000,0.5628,forrageando
46,1705053000,227784,-408773,3198,473,3916,-1555,885,802,138,-467,392,18051,0.6519,forrageando
46,1705053300,227805,-408756,2564,473,3973,211,2778,-240,-30,634,-36,41428,0.6388,forrageando
46,1705053600,227792,-408757,3403,534,3963,2512,-1847,-1018,-69,-535,4,53348,0.542,forrageando
46,1705053900,227813,-408773,6515,782,3905,-2313,2918,-862,534,-520,172,5024,0.6181,forrageando
46,1705054200,227831,-408766,4251,573,3901,-566,3300,-1344,-553,13,-691,65116,0.5309,forrageando
46,1705054500,227839,-408794,2483,487,3962,5264,448,-2242,92,191,35,35999,0.4857,forrageando
46,1705054800,227802,-408826,6747,888,3941,1383,919,-851,900,-19,-450,21265,0.5273,forrageando
46,1705055100,227752,-408810,3482,528,3963,-763,-766,-1083,-303,729,135,20297,0.4856,forrageando
46,1705055400,227707,-408884,7514,941,3969,-4314,-628,-1472,-285,-220,169,47744,0.5519,forrageando
46,1705055700,227698,-408859,7991,1005,3997,3299,704,-260,-271,-40,-38,64202,0.5874,forrageando
46,1705056000,227708,-408861,3463,506,3975,1344,4969,-1748,555,137,19,36737,0.4762,forrageando
46,1705056300,227664,-408874,4352,564,3976,760,-112,-94,203,209,-201,3232,0.6153,forrageando
46,1705056600,227664,-408882,4721,577,3956,3071,581,-489,766,357,263,25922,0.5332,forrageando
46,1705056900,227668,-408929,2167,443,3981,-1313,-2918,-1408,494,537,5,3340,0.5026,forrageando
46,1705057200,227682,-408939,7306,921,3975,2243,557,-351,745,327,-237,37429,0.4501,forrageando
46,1705057500,227731,-408994,5865,839,3998,-177,-842,-2130,-636,957,-97,44338,0.4945,forrageando
46,1705057800,227637,-408957,6789,826,3991,-1483,-1172,-110,-192,262,-132,22816,0.5476,forrageando
46,1705058100,227669,-408962,3658,535,3985,676,1162,-1666,116,-513,32,53349,0.5412,forrageando
46,1705058400,227622,-408924,3781,582,3992,-1937,-402,-2009,496,-454,-442,30064,0.4228,forrageando
46,1705058700,227677,-408926,4802,668,3979,2275,130,-1035,-595,361,184,51516,0.3615,forrageando
46,1705059000,227707,-408990,6914,956,3974,204,-2000,6,-447,182,-58,49812,0.4555,forrageando
46,1705059300,227685,-409043,7419,936,3912,1441,1486,1363,-681,-428,-285,57661,0.3831,forrageando
46,1705059600,227649,-409066,7993,968,3944,-2314,1050,-1252,-256,692,-94,55854,0.5598,forrageando
46,1705059900,227668,-409106,2466,498,3954,656,-2154,-2606,-324,-313,-29,62339,0.5029,forrageando
46,1705060200,227685,-409092,7961,1057,3913,2101,46,-1706,-256,-378,317,49328,0.4415,forrageando
46,1705060500,227680,-409197,4522,658,3917,-1687,510,-880,-405,-168,-441,35522,0.4435,forrageando
46,1705060800,227638,-409160,3365,568,3916,1353,-1544,-1489,-368,-68,366,35404,0.466,forrageando
46,1705061100,227645,-409188,2465,374,3903,-2551,2737,-1682,479,757,46,59183,0.6313,forrageando
46,1705061400,227665,-409212,2632,460,3910,-2151,-976,-2821,396,-545,121,2356,0.5023,forrageando
46,1705061700,227653,-409230,5523,724,3954,627,729,1223,963,-243,98,30140,0.4167,forrageando
46,1705062000,227635,-409211,2261,402,3952,-2444,5019,-1283,-393,351,-156,31788,0.451,forrageando
46,1705062300,227678,-409189,5229,767,3919,-2529,331,-1027,342,-418,-323,19100,0.4518,forrageando
46,1705062600,227636,-409292,7531,1025,3973,2774,-2714,1580,-200,-90,-19,31430,0.5432,forrageando
46,1705062900,227599,-409274,5670,718,3934,-591,-649,-151,566,-17,24,65089,0.4182,forrageando
46,1705063200,227598,-409307,4021,665,3975,2707,-1142,-749,-912,-947,102,54434,0.4452,forrageando
46,1705063500,227560,-409223,3553,531,3921,607,433,-1256,-167,365,190,61301,0.4021,forrageando
46,1705063800,227470,-409228,3273,546,3954,-554,737,-1969,17,300,124,42149,0.5672,forrageando
46,1705064100,227488,-409243,3021,495,3924,-4073,-527,-878,289,-21,-19,4075,0.4445,forrageando
46,1705064400,227540,-409202,5549,683,3970,-1808,1452,-1726,162,40,-69,634,0.3861,forrageando
46,1705064700,227585,-409188,3344,472,3950,-505,-984,-381,-1053,647,0,1596,0.4058,forrageando
46,1705065000,227567,-409078,6894,894,3964,-1963,-2897,-129,-361,1430,215,48093,0.3985,forrageando
46,1705065300,227520,-409072,4173,618,3988,436,2487,-478,-534,417,308,48915,0.4089,forrageando
46,1705065600,227460,-409077,3970,588,3924,-3256,808,-277,-633,128,-165,60091,0.3119,forrageando
46,1705065900,227636,-409169,5279,661,3903,1798,-2191,-1480,-252,102,26,41250,0.5951,forrageando
46,1705066200,227622,-409181,7393,914,3977,-895,-1142,-1827,-103,-382,-276,20788,0.421,forrageando
46,1705066500,227613,-409152,4760,802,3958,-2900,2215,-1577,417,791,-64,56677,0.4176,forrageando
46,1705066800,227609,-409279,2407,439,3989,-4784,455,-161,625,-487,-207,48705,0.3683,forrageando
46,1705067100,227601,-409319,4912,657,3916,74,459,232,66,-395,595,64099,0.5085,forrageando
46,1705067400,227583,-409313,7485,986,3935,2000,565,-1561,-629,266,243,20709,0.1864,forrageando
46,1705067700,227555,-409286,5828,755,3937,-2877,-1904,-62,707,505,-125,44753,0.3809,forrageando
46,1705068000,227552,-409220,7050,870,3990,2088,1256,-1823,-176,47,60,24333,0.5194,forrageando
46,1705068300,227528,-409234,3422,490,3936,-215,163,-1517,537,-709,329,27845,0.358,forrageando
46,1705068600,227622,-409214,3873,654,3956,-494,-3660,-147,274,-518,544,54333,0.3353,forrageando
46,1705068900,227609,-409102,3758,547,3945,295,1758,303,509,437,220,40958,0.4197,forrageando
46,1705069200,227591,-409143,7206,954,3982,273,253,301,-453,-74,-375,59521,0.4573,forrageando
46,1705069500,227485,-409171,3214,474,3915,-2487,3327,486,362,601,-29,8603,0.3837,forrageando
46,1705069800,227436,-409182,3142,586,3922,2429,-4545,-1882,-1332,-369,114,5608,0.4064,forrageando
46,1705070100,227342,-409282,6451,877,3977,-2755,-1451,-2546,-5,159,45,14670,0.3358,forrageando
46,1705070400,227305,-409267,5808,718,3943,2487,4063,496,128,-15,962,40270,0.3553,forrageando
46,1705070700,227313,-409313,7104,841,3909,2203,-116,-2011,196,-147,-355,33192,0.2857,forrageando
46,1705071000,227212,-409276,3878,613,3903,-3441,-1952,-178,-124,220,181,15091,0.3286,forrageando
46,1705071300,227217,-409116,4587,724,3904,718,1764,-644,-691,70,292,34329,0.4686,forrageando
46,1705071600,227173,-409093,5635,749,3921,1711,427,-1949,1,146,162,25625,0.3642,forrageando
46,1705071900,227211,-409125,5983,745,3910,3035,-1887,-738,-249,-270,-351,30078,0.441,forrageando
46,1705072200,227187,-409012,7613,1015,3993,-1722,-1735,295,297,-452,235,4388,0.5165,forrageando
46,1705072500,227190,-408981,5867,798,3920,-3953,-2352,-262,228,305,-23,2580,0.3317,forrageando
46,1705072800,227242,-409014,3843,590,3961,450,-1884,-1198,-555,-264,291,35551,0.5595,forrageando
46,1705073100,227230,-409005,5324,687,3912,-5131,425,-507,-188,139,-126,12594,0.2965,forrageando
46,1705073400,227192,-409176,7122,985,3957,-622,232,-2648,-96,-263,118,30752,0.4629,forrageando
46,1705073700,227159,-409066,6269,836,3982,-224,1228,-1777,593,0,237,24470,0.3197,forrageando
46,1705074000,227176,-409008,3818,1749,3907,155,-1057,-1784,339,163,-128,5711,0.2693,busca
46,1705074300,227021,-408983,2339,2037,3938,-455,-629,-894,152,-150,-10,9411,0.3058,busca
46,1705074600,227163,-409068,1778,2185,3975,2702,442,-762,-5,70,116,45001,0.4421,busca
46,1705074900,227211,-409130,3077,1886,3922,2079,-356,-30,-195,247,97,39749,0.4591,busca
46,1705075200,227165,-409129,337,2585,3981,627,227,-35,-41,6,64,63430,0.3322,transitando
46,1705075500,227222,-409234,263,2378,3982,1688,-657,58,31,1,-43,25608,0.3421,transitando
46,1705075800,227214,-409333,465,2447,3976,1515,-264,378,-38,119,-13,27145,0.2295,transitando
46,1705076100,227077,-409255,412,2428,3971,1574,-529,0,-48,-13,23,39426,0.3531,transitando
46,1705076400,226958,-409227,108,2470,3945,1184,182,-319,48,150,-63,31394,0.4463,transitando
46,1705076700,226866,-409192,69,2524,3972,2182,-253,-18,83,-81,-53,27663,0.2174,transitando
46,1705077000,226795,-409335,75,2450,3930,1248,743,-74,5,-38,36,42994,0.3273,transitando
46,1705077300,226926,-409328,127,2473,3908,1194,471,-256,40,-89,-104,43001,0.3235,transitando
46,1705077600,226806,-409312,108,2498,3989,1028,327,-28,101,-16,10,12609,0.3007,transitando
46,1705077900,226764,-409201,302,2433,3995,309,446,170,-82,-25,74,42518,0.3328,transitando
46,1705078200,226635,-409240,428,2445,3971,829,-28,279,88,-110,-60,3745,0.2015,transitando
46,1705078500,226712,-409329,279,2462,3971,362,-402,337,130,17,37,26698,0.2206,transitando
46,1705078800,226616,-409278,478,2423,3981,1380,157,96,-132,-17,28,60200,0.3441,transitando
46,1705079100,226639,-409119,130,2476,3952,235,287,54,-212,-50,-45,4062,0.3107,transitando
46,1705079400,226733,-409216,416,2327,3992,973,-351,65,144,-12,-47,6744,0.4037,transitando
46,1705079700,226777,-409183,65,2448,3957,414,432,-180,-78,-21,-18,48853,0.3842,transitando
46,1705080000,226782,-409239,285,2482,3936,1239,38,-56,-69,31,-4,53814,0.2819,transitando
46,1705080300,226814,-409332,116,2457,3967,897,-254,231,-73,79,-19,43805,0.2709,transitando
46,1705080600,226733,-409260,67,2526,3911,1800,-241,-66,-132,65,-34,49741,0.344,transitando
46,1705080900,226622,-409196,353,2412,3947,45,466,183,-15,44,-130,2425,0.3347,transitando
46,1705081200,226518,-409282,456,2426,3943,1196,-109,-99,-27,-166,22,5038,0.2524,transitando
46,1705081500,226519,-409432,302,2331,3954,326,-395,128,-75,-55,8,27384,0.3371,transitando
46,1705081800,226403,-409400,108,2582,3972,296,-297,-66,124,-94,57,51480,0.2829,transitando
46,1705082100,226287,-409496,291,2441,3912,1002,37,-166,-40,25,59,49250,0.2681,transitando
46,1705082400,226281,-409616,269,2465,3983,1850,-401,171,33,-115,-22,51676,0.3425,transitando
46,1705082700,226194,-409583,307,2447,3900,1635,-382,-133,54,14,88,33870,0.323,transitando
46,1705083000,226153,-409726,135,2532,3939,160,-374,-1,3,31,0,37336,0.2447,transitando
46,1705083300,226044,-409798,214,2447,3964,1321,11,131,30,48,71,60126,0.2544,transitando
46,1705083600,226048,-409668,291,2469,3928,782,-296,92,-217,-197,0,25438,0.2196,transitando
46,1705083900,226119,-409511,164,2515,3919,801,-356,142,-186,-64,5,5446,0.2148,transitando
46,1705084200,226065,-409379,150,2497,3929,577,-43,-58,-77,169,-45,2206,0.4311,transitando
46,1705084500,226164,-409318,76,2402,3967,1552,304,85,-158,99,26,9450,0.2598,transitando
46,1705084800,226037,-409351,337,2410,3940,977,515,87,-111,-16,72,65340,0.3524,transitando
46,1705085100,225944,-409291,64,2441,3922,924,-458,-32,40,105,-30,32101,0.2717,transitando
46,1705085400,225836,-409233,127,2418,3952,1037,-134,205,32,-53,-90,33264,0.3646,transitando
46,1705085700,225830,-409104,400,2429,3964,380,642,210,-23,11,25,44258,0.2864,transitando
46,1705086000,225742,-409041,110,2458,3982,2105,184,206,186,-39,-21,48367,0.3009,transitando
46,1705086300,225610,-409095,342,2362,3976,1300,15,129,-22,9,54,56275,0.288,transitando
46,1705086600,225688,-409188,135,2494,3916,756,-138,302,-6,106,-67,30725,0.2639,transitando
46,1705086900,225625,-409299,414,2311,3988,630,444,-149,12,-147,48,4237,0.3967,transitando
46,1705087200,225551,-409331,347,2425,3921,1929,-105,3,187,-1,64,51293,0.3995,transitando
46,1705087500,225511,-409272,94,2448,3954,463,131,-179,257,-20,47,33504,0.3099,transitando
46,1705087800,225654,-409262,162,2402,3966,319,-34,244,52,-65,-113,7217,0.3129,transitando
46,1705088100,225560,-409237,160,2477,3915,1511,-707,-37,10,140,52,7296,0.2106,transitando
46,1705088400,225565,-409110,460,2413,3923,1219,-470,-260,47,-81,-16,43,0.2426,transitando
46,1705088700,225643,-409215,198,2481,3915,1602,-168,-133,16,107,7,50933,0.328,transitando
46,1705089000,225576,-409330,419,2459,3982,501,8,-202,6,-115,77,33981,0.2613,transitando
46,1705089300,225484,-409274,176,2436,3974,1164,-363,-50,56,-58,-13,803,0.3759,transitando
46,1705089600,225547,-409279,229,2450,3910,158,106,257,-20,181,-43,52170,0.4886,transitando
46,1705089900,225614,-409307,442,2381,3914,1046,47,63,69,-23,41,5864,0.2383,transitando
46,1705090200,225605,-409453,91,2401,3907,992,-194,-173,-259,-68,12,45029,0.3567,transitando
46,1705090500,225519,-409420,307,2411,3931,926,-563,-159,-65,36,112,20953,0.2889,transitando
46,1705090800,225392,-409409,470,2339,3948,1230,163,-97,106,70,-94,20435,0.3882,transitando
46,1705091100,225367,-409323,251,2501,3996,960,248,12,-37,31,-19,53948,0.3076,transitando
46,1705091400,225261,-409323,304,2409,3980,1127,-41,-76,-46,71,-67,60028,0.3278,transitando
46,1705091700,225134,-409271,453,2457,3956,906,-215,163,185,-85,-79,57345,0.4102,transitando
46,1705092000,225103,-409216,299,2484,3977,857,-213,155,139,-184,-39,2980,0.3649,transitando
46,1705092300,225019,-409167,354,2497,3920,1514,-136,-307,98,71,-5,54483,0.267,transitando
46,1705092600,224990,-409277,180,2493,3968,622,127,-121,87,-134,-16,53847,0.2661,transitando
46,1705092900,225062,-409382,380,2388,3984,1275,-91,142,80,-57,-90,54162,0.4114,transitando
46,1705093200,225065,-409300,82,2480,3939,582,548,81,18,-61,61,50595,0.3242,transitando
46,1705093500,224989,-409398,441,2382,3991,1147,-65,587,108,218,-31,12354,0.319,transitando
46,1705093800,225107,-409440,96,2380,3900,702,142,-4,-183,-129,-15,17879,0.2569,transitando
46,1705094100,225109,-409322,257,2352,3929,613,-188,-245,-38,8,2,3243,0.4187,transitando
46,1705094400,225113,-409375,144,2469,3920,1894,64,355,60,-15,19,375,0.3366,transitando
46,1705094700,225105,-409537,408,2383,3978,358,-330,182,122,10,-9,5317,0.4439,transitando
46,1705095000,225015,-409576,339,2436,3988,495,-337,98,69,90,43,42138,0.3691,transitando
46,1705095300,224952,-409545,428,2418,3916,1224,75,48,-43,-80,32,37730,0.3078,transitando
46,1705095600,224855,-409421,111,2487,3942,106,-275,130,33,34,-61,1594,0.333,transitando
46,1705095900,224911,-409568,348,2360,3907,1319,226,301,-41,49,8,19628,0.3577,transitando
46,1705096200,224824,-409534,166,2468,3989,912,437,71,57,-19,40,14895,0.4242,transitando
46,1705096500,224842,-409588,317,2416,3941,1323,31,69,5,-66,70,22591,0.3442,transitando
46,1705096800,224972,-409523,388,2384,3934,668,-440,40,122,-152,-106,58966,0.3628,transitando
46,1705097100,224992,-409476,386,2366,3967,1268,406,148,-101,0,35,38067,0.3654,transitando
46,1705097400,224944,-409419,296,2492,3925,607,-365,-134,-116,119,0,12007,0.5228,transitando
46,1705097700,224952,-409376,408,2415,3985,1003,-135,-362,77,17,-2,10452,0.2875,transitando
46,1705098000,224988,-409253,284,2389,3954,863,-94,-262,-46,84,15,40245,0.4731,transitando
46,1705098300,224871,-409274,356,2436,3994,1195,-256,-140,-42,-251,-10,20521,0.3521,transitando
46,1705098600,224936,-409195,265,2466,3915,187,131,10,114,-150,-63,23522,0.3062,transitando
46,1705098900,225007,-409278,353,2428,3936,2372,-256,-49,58,14,-47,38680,0.4806,transitando
46,1705099200,225016,-409373,289,2500,3975,764,233,-222,-191,-124,-6,31540,0.2838,transitando
46,1705099500,224890,-409370,177,2473,3977,1515,-269,206,108,-6,5,23175,0.3893,transitando
46,1705099800,224944,-409339,259,2508,3985,811,91,356,-83,-115,64,34638,0.517,transitando
46,1705100100,224945,-409312,102,2513,3911,569,187,-109,51,4,-47,38215,0.4961,transitando
46,1705100400,224889,-409309,155,2384,3988,1003,-599,134,-13,21,-102,5843,0.3824,transitando
46,1705100700,224973,-409292,289,2433,3918,600,164,130,5,70,-26,43599,0.4414,transitando
46,1705101000,224916,-409218,65,2480,3926,766,112,60,-14,60,-12,21060,0.2052,transitando
46,1705101300,224890,-409358,474,2346,3954,575,539,-160,33,-2,98,1140,0.2976,transitando
46,1705101600,224941,-409291,246,2420,3985,2083,116,-89,219,-149,-25,3852,0.3835,transitando
46,1705101900,224909,-409331,62,2493,3909,910,261,-165,-60,11,9,43076,0.3886,transitando
46,1705102200,224804,-409379,55,2562,3939,924,-149,-396,9,140,43,48556,0.3555,transitando
46,1705102500,224883,-409354,188,2528,3907,-92,17,-270,27,82,-90,34010,0.3018,transitando
46,1705102800,224945,-409437,259,2504,3971,453,-467,-44,-33,-38,20,19688,0.4754,transitando
46,1705103100,224993,-409476,296,2451,3945,1104,-217,-107,29,-146,2,37211,0.4385,transitando
46,1705103400,225031,-409427,384,2471,3924,801,649,3,-79,45,41,6141,0.4611,transitando
46,1705103700,225068,-409347,474,2421,3915,332,-55,-32,-61,-31,-35,31755,0.4406,transitando
46,1705104000,224953,-409276,372,2369,3982,1270,79,-62,87,170,-90,34271,0.2912,transitando
46,1705104300,224959,-409163,253,2512,3970,1489,90,-322,-212,101,20,34806,0.2499,transitando
46,1705104600,225102,-409124,121,2405,3924,402,827,-195,63,63,-83,10821,0.2542,transitando
46,1705104900,225211,-409106,413,2405,3917,1926,250,-327,44,69,45,60711,0.3907,transitando
46,1705105200,225183,-408991,478,2395,3917,728,685,293,46,89,7,10626,0.2676,transitando
46,1705105500,225284,-408898,81,2518,3914,1047,563,345,183,-100,-19,13176,0.4336,transitando
46,1705105800,225317,-408826,68,2458,3967,638,-410,-40,-181,84,-25,36418,0.3382,transitando
46,1705106100,225268,-408909,266,2432,3905,1595,-622,-217,90,-44,39,27221,0.3687,transitando
46,1705106400,225201,-408909,368,2392,3943,1776,-338,91,95,42,17,33143,0.3888,transitando
46,1705106700,225206,-408825,167,2453,3965,1049,-26,-155,-133,58,-86,60120,0.3773,transitando
46,1705107000,225247,-408849,466,2365,3973,739,-70,-127,-77,141,-99,41327,0.308,transitando
46,1705107300,225241,-408683,119,2511,3990,993,-396,6,-90,-170,-114,25297,0.3072,transitando
46,1705107600,225340,-408747,289,2348,3899,-298,91,237,164,-131,-3,1398,0.3601,transitando
46,1705107900,225281,-408767,452,2434,3939,1267,236,-152,135,-277,115,46002,0.4189,transitando
46,1705108200,225247,-408811,225,2390,3968,620,9,-109,9,69,-11,55895,0.2676,transitando
46,1705108500,225350,-408790,129,2387,3906,1456,1,341,243,51,-47,30197,0.6298,transitando
46,1705108800,225357,-408775,474,2455,3921,741,-911,-257,-45,-57,26,7116,0.4055,transitando
46,1705109100,225323,-408892,121,2461,3974,506,510,-112,-121,-35,2,56895,0.4637,transitando
46,1705109400,225263,-408902,187,2464,3981,1187,177,-174,-168,59,-118,43241,0.5224,transitando
46,1705109700,225279,-408877,319,2441,3903,1119,-49,12,29,-143,29,44847,0.3819,transitando
46,1705110000,225324,-408846,269,2498,3954,1090,230,-183,60,-111,-45,29492,0.3903,transitando
46,1705110300,225362,-408760,493,2334,3935,1400,44,185,-118,-4,-1,49740,0.3749,transitando
46,1705110600,225298,-408661,396,2397,3901,1146,-112,9,-58,127,23,16355,0.4349,transitando
46,1705110900,225383,-408591,454,2468,3953,1060,-315,-107,-196,185,-15,24596,0.3355,transitando
46,1705111200,225329,-408721,214,2478,3934,954,-153,174,-25,21,29,7896,0.3836,transitando
46,1705111500,225319,-408658,241,2355,3910,2128,-269,-84,14,-7,-33,50558,0.4874,transitando
46,1705111800,225241,-408678,76,2502,3995,818,-27,105,74,6,-29,9693,0.4955,transitando
46,1705112100,225242,-408736,181,2476,3952,1258,-189,133,-71,-135,10,52417,0.3622,transitando
46,1705112400,225323,-408705,261,2450,3982,1077,62,-189,-127,86,49,39306,0.3392,transitando
46,1705112700,225438,-408702,394,2456,3923,1423,122,-436,24,33,11,50893,0.4168,transitando
46,1705113000,225463,-408793,223,2488,3975,716,-201,-23,-97,50,-113,9637,0.4042,transitando
46,1705113300,225394,-408763,404,2351,3954,373,112,156,-65,-34,22,36323,0.514,transitando
46,1705113600,225411,-408766,410,2351,3897,-155,-500,-132,-130,77,-9,47537,0.4559,transitando
46,1705113900,225489,-408848,364,2401,3937,1145,47,89,33,-72,-61,6568,0.3634,transitando
46,1705114200,225572,-408783,225,2501,3975,73,111,-71,25,-39,13,25767,0.4205,transitando
46,1705114500,225519,-408816,149,2485,3995,685,-332,-157,-64,25,-60,6104,0.4856,transitando
47,1705028400,193448,-415536,1903,1984,3915,-929,-1102,-285,-157,-162,-4,26710,0.4332,busca
47,1705028700,193492,-415576,778,2284,3950,-962,-552,-45,172,-95,-197,20095,0.3572,busca
47,1705029000,193488,-415542,1468,2209,3921,-110,-379,-1122,73,184,104,32529,0.2656,busca
47,1705029300,193424,-415476,2014,2155,3933,449,-26,-765,-71,134,-175,28243,0.3625,busca
47,1705029600,193347,-415367,339,2498,3918,2010,-750,-604,-124,131,-35,24105,0.4138,busca
47,1705029900,193403,-415409,2080,2134,3927,756,555,299,101,39,-97,25962,0.4522,busca
47,1705030200,193368,-415483,1867,2211,3973,1285,685,-588,87,-45,-2,40716,0.2799,busca
47,1705030500,193290,-415500,855,2298,3921,1955,-2170,-838,257,-147,8,9029,0.4478,busca
47,1705030800,193286,-415551,1770,2143,3993,1182,963,-197,345,180,-132,49785,0.4824,busca
47,1705031100,193321,-415506,535,2418,3974,-1231,-77,-290,94,47,-97,24663,0.3175,busca
47,1705031400,193403,-415455,1637,2095,3935,834,293,-1022,6,169,-117,31201,0.469,busca
47,1705031700,193468,-415451,1389,2190,3904,-749,-1760,-310,-260,63,64,22061,0.4694,busca
47,1705032000,193515,-415480,1101,2318,3909,380,349,-1018,128,-81,-62,37681,0.3724,busca
47,1705032300,193533,-415553,969,2395,3911,760,72,-318,320,-71,-167,50234,0.5826,busca
47,1705032600,193528,-415515,2030,2091,3998,697,-447,-684,-569,197,-66,45449,0.3395,busca
47,1705032900,193469,-415524,1598,2224,3981,727,-412,-1582,-218,268,-51,10677,0.562,busca
47,1705033200,193455,-415510,1117,2274,3991,234,-436,-702,107,143,7,33346,0.3243,busca
47,1705033500,193527,-415476,1618,2127,3991,-753,449,-990,196,16,-247,6410,0.3723,busca
47,1705033800,193491,-415494,1041,2332,3907,-2702,664,-656,-389,-144,283,52586,0.3317,busca
47,1705034100,193411,-415524,380,2417,3950,630,-981,-46,-127,-33,-304,1597,0.4443,busca
47,1705034400,193334,-415522,1590,2118,3934,410,1198,-420,132,-130,41,5755,0.6074,busca
47,1705034700,193333,-415545,625,2318,3992,2096,35,-12,95,290,431,30164,0.427,busca
47,1705035000,193367,-415459,634,2349,3923,-792,-392,292,-155,-216,35,49578,0.4155,busca
47,1705035300,193498,-415440,625,2380,3926,-364,177,-711,-6,29,-99,1023,0.4235,busca
47,1705035600,193442,-415500,815,2295,3978,562,519,-657,52,164,-144,32168,0.4446,busca
47,1705035900,193524,-415383,1040,2229,3915,-220,-246,-354,213,263,158,22879,0.4085,busca
47,1705036200,193473,-415452,1064,2292,3988,678,-1206,-299,93,-226,263,3556,0.4227,busca
47,1705036500,193573,-415379,868,2404,3924,-318,1163,-1462,132,-92,-82,64680,0.4338,busca
47,1705036800,193612,-415420,509,2429,3924,1361,-549,-288,48,-14,-261,43224,0.527,busca
47,1705037100,193624,-415434,1069,2321,3933,-279,1067,-667,40,-83,207,2764,0.5559,busca
47,1705037400,193644,-415434,565,2368,3981,120,-459,-179,186,97,24,30712,0.3211,busca
47,1705037700,193676,-415567,725,2295,3945,2312,-794,-396,-167,158,103,53505,0.4514,busca
47,1705038000,193670,-415514,1709,2143,3943,371,-1088,-575,-473,-1,111,64240,0.504,busca
47,1705038300,193660,-415535,1495,2193,3950,1117,452,-495,266,8,-46,1984,0.5578,busca
47,1705038600,193666,-415480,1216,2301,3934,1632,160,-681,222,12,279,15927,0.4299,busca
47,1705038900,193627,-415464,348,2379,3953,-32,-735,-1339,164,-218,64,43474,0.5559,busca
47,1705039200,193662,-415467,544,2434,3926,1168,357,-86,-49,-390,268,64585,0.4492,busca
47,1705039500,193644,-415430,924,2357,3903,415,-1310,-309,-274,100,169,19049,0.4056,busca
47,1705039800,193619,-415356,1204,2218,3937,-78,104,-838,-67,15,218,58515,0.4057,busca
47,1705040100,193664,-415308,942,2256,3916,2136,-99,-519,437,-174,-290,28534,0.5609,busca
47,1705040400,193643,-415315,591,2376,3974,2150,-63,522,-78,267,8,59052,0.6207,busca
47,1705040700,193656,-415342,2138,2016,3957,716,-1435,-156,-54,0,-26,35193,0.4144,busca
47,1705041000,193616,-415361,1571,2188,3992,1002,96,-266,27,-69,45,38053,0.5416,busca
47,1705041300,193619,-415346,591,2374,3901,1073,1247,226,258,27,-12,34437,0.4236,busca
47,1705041600,193599,-415441,1668,2179,3990,3000,-261,-1149,-460,-272,-11,1810,0.5638,busca
47,1705041900,193625,-415449,664,2408,3899,-16,-385,-330,6,19,145,36471,0.4343,busca
47,1705042200,193677,-415464,1527,2261,3907,75,-1202,-492,-211,-58,83,43745,0.6322,busca
47,1705042500,193715,-415460,1370,2136,3902,1111,203,-665,-185,116,190,26567,0.5064,busca
47,1705042800,193729,-415460,1528,2231,3936,1267,1087,-907,181,4,67,12259,0.3583,busca
47,1705043100,193680,-415537,1837,2217,3974,620,1118,-43,-290,496,-104,42877,0.6408,busca
47,1705043400,193633,-415507,2281,2035,3989,1592,-586,-795,-62,152,-155,6151,0.6357,busca
47,1705043700,193625,-415533,713,2288,3916,-804,1720,-1101,257,-48,5,217,0.5489,busca
47,1705044000,193600,-415572,2241,2095,3970,1486,391,31,343,-12,-109,44156,0.4216,busca
47,1705044300,193577,-415509,1806,2086,3958,-483,-317,-236,114,-66,287,30184,0.3901,busca
47,1705044600,193607,-415627,1011,2292,3902,684,-375,-419,-173,-253,-204,10880,0.5068,busca
47,1705044900,193567,-415664,1478,2197,3989,1212,-1378,-650,-107,41,135,20297,0.3214,busca
47,1705045200,193500,-415602,940,2313,3984,1767,-1281,24,-40,-229,-363,41144,0.5011,busca
47,1705045500,193509,-415618,1611,2146,3956,-1106,571,-557,-265,246,174,5417,0.5149,busca
47,1705045800,193522,-415611,335,2439,3983,472,1283,-818,-331,-151,-335,55919,0.5434,busca
47,1705046100,193503,-415589,558,2357,3974,1162,-467,-717,-139,-107,-303,31761,0.4253,busca
47,1705046400,193461,-415601,1180,2249,3903,787,1069,-461,25,-35,14,1513,0.4904,busca
47,1705046700,193559,-415572,524,2445,3974,1421,-162,-111,-168,270,6,38906,0.4927,busca
47,1705047000,193616,-415632,985,2316,3970,2810,-106,-182,-23,-235,-2,61066,0.5699,busca
47,1705047300,193664,-415618,274,2499,3929,2601,-449,-661,142,398,110,61700,0.5784,busca
47,1705047600,193701,-415652,409,2386,3972,1049,63,-310,-320,162,-10,169,0.464,busca
47,1705047900,193739,-415637,374,2513,3972,2,750,-892,382,-136,-73,40640,0.499,busca
47,1705048200,193713,-415684,593,2281,3952,375,279,-945,363,313,-22,11246,0.4953,busca
47,1705048500,193613,-415706,1622,2188,3976,33,-226,-827,23,-233,27,50841,0.4333,busca
47,1705048800,193572,-415710,1445,2222,3948,-799,-646,-58,-19,66,-389,51353,0.6106,busca
47,1705049100,193561,-415715,393,2445,3935,1609,-632,-673,49,14,-20,5999,0.6013,busca
47,1705049400,193577,-415734,443,2447,3985,1053,1290,-630,-39,67,-10,40699,0.6343,busca
47,1705049700,193571,-415756,759,2320,3942,1431,1070,-652,199,304,-129,36045,0.4539,busca
47,1705050000,193601,-415783,2238,2128,3904,-514,-1007,279,286,-584,-290,62093,0.4698,busca
47,1705050300,193685,-415745,2977,1735,3926,-423,122,-635,-151,28,73,25450,0.5025,busca
47,1705050600,193729,-415742,1035,2320,3919,1062,-699,-553,-31,-165,127,46058,0.6795,busca
47,1705050900,193720,-415744,3622,1685,3988,2390,1335,-314,46,-403,-111,54652,0.3781,busca
47,1705051200,193804,-415763,3765,1744,3930,1200,666,-1174,212,88,60,56638,0.6038,busca
47,1705051500,193793,-415755,2441,2019,3933,-165,883,-470,131,269,-174,61620,0.5143,busca
47,1705051800,193793,-415791,2283,2046,3932,665,1185,-548,321,-14,-66,44630,0.4989,busca
47,1705052100,193718,-415791,2326,1990,3902,2082,-767,-1015,-142,-3,247,11897,0.5033,busca
47,1705052400,193740,-415788,2218,2043,3939,975,-1227,-781,139,310,-2,23596,0.4493,busca
47,1705052700,193793,-415784,3049,1937,3982,1062,-1623,-191,-77,-288,-130,23864,0.5637,busca
47,1705053000,193802,-415802,3312,1827,3956,-830,974,134,46,-8,-204,61759,0.4456,busca
47,1705053300,193752,-415848,1486,2170,3912,997,250,-1113,61,72,-195,51540,0.5275,busca
47,1705053600,193766,-415795,1979,2056,3939,547,500,-777,-107,-221,2,27032,0.6367,busca
47,1705053900,193797,-415836,4431,1575,3998,1100,393,-22,-13,-77,367,56375,0.6309,busca
47,1705054200,193785,-415879,2985,1842,3988,-1099,57,168,425,-375,14,27976,0.7189,busca
47,1705054500,193794,-415921,1433,2307,3952,468,-3,735,-350,342,-151,56145,0.5261,busca
47,1705054800,193803,-415937,1707,2126,3944,681,-1819,-11,148,66,-72,49651,0.5991,busca
47,1705055100,193793,-415916,2952,1892,3901,603,-744,-420,275,168,229,46413,0.4838,busca
47,1705055400,193837,-415907,1577,2140,3917,2778,901,-1743,-15,-117,226,40577,0.5888,busca
47,1705055700,193825,-415949,1154,2283,3940,556,941,-847,151,-119,302,12511,0.5574,busca
47,1705056000,193835,-415934,3586,1761,3921,575,233,-434,-469,95,-28,14990,0.5248,busca
47,1705056300,193821,-415908,1881,2033,3988,1216,289,-656,106,-309,-82,23082,0.5385,busca
47,1705056600,193809,-415892,1910,2093,3982,1301,485,-354,68,110,-283,23377,0.5645,busca
47,1705056900,193779,-415877,985,2245,3986,876,1282,-513,198,58,-90,18194,0.5596,busca
47,1705057200,193780,-415889,1000,2285,3939,-203,-1043,-509,214,64,3,30655,0.4157,busca
47,1705057500,193794,-415929,7410,897,3982,-1417,-1972,-235,-217,-42,-289,13121,0.5533,forrageando
47,1705057800,193773,-415955,2483,389,3974,-1582,210,225,-140,-736,159,11072,0.5311,forrageando
47,1705058100,193757,-415974,6139,844,3993,2357,-2008,-933,371,95,32,17547,0.4767,forrageando
47,1705058400,193802,-416003,3883,611,3979,1490,-315,-1872,393,28,-26,51626,0.4821,forrageando
47,1705058700,193837,-415957,8782,1027,3902,-1104,-4844,-1339,587,-950,0,61216,0.414,forrageando
47,1705059000,193811,-416073,2577,498,3937,-1973,-2574,-308,500,-756,-454,23531,0.4387,forrageando
47,1705059300,193796,-415975,4363,600,3941,-5,2664,-572,-290,-888,275,5120,0.6523,forrageando
47,1705059600,193812,-415949,3513,545,3902,-475,-402,-2149,173,-650,-355,42346,0.5742,forrageando
47,1705059900,193825,-415934,7346,1003,3961,1374,2013,-78,1255,-133,2,31143,0.5414,forrageando
47,1705060200,193828,-415950,2858,445,3965,2181,425,-86,489,44,182,11423,0.4784,forrageando
47,1705060500,193890,-415931,6205,860,3959,-2290,-638,-1415,-512,57,-525,15944,0.5151,forrageando
47,1705060800,193903,-415947,2181,400,3995,2781,428,-272,285,-644,-778,4622,0.5738,forrageando
47,1705061100,193918,-415962,7557,925,3919,1670,239,-1151,-53,-510,240,13815,0.462,forrageando
47,1705061400,193969,-416011,3876,469,3925,179,-2060,-88,-58,459,-194,55800,0.5851,forrageando
47,1705061700,193963,-416005,4676,604,3955,-3155,71,-1384,-206,-374,60,8002,0.462,forrageando
47,1705062000,193998,-416048,3029,486,3916,330,-498,-3387,305,939,33,6178,0.567,forrageando
47,1705062300,193991,-416063,2799,538,3974,-1661,686,97,-144,-344,-260,63521,0.5868,forrageando
47,1705062600,193989,-416045,4170,540,3951,-1333,1838,-2435,58,-637,302,60094,0.5014,forrageando
47,1705062900,193988,-416061,5129,662,3985,538,2352,-1486,187,-290,-638,60646,0.4749,forrageando
47,1705063200,193928,-416052,8881,1044,3950,5454,-3448,-2345,4,-34,-150,39622,0.3665,forrageando
47,1705063500,193898,-416063,2248,406,3924,331,-1300,-482,707,673,180,44036,0.4189,forrageando
47,1705063800,193863,-416059,6949,941,3918,781,-131,-1923,784,-340,-341,36415,0.4739,forrageando
47,1705064100,193840,-416117,4258,607,3989,-2009,429,-2081,147,137,-472,52675,0.5654,forrageando
47,1705064400,193827,-416105,5637,693,3948,1312,626,-194,550,-839,-300,57736,0.4856,forrageando
47,1705064700,193847,-416134,6873,926,3977,-663,4132,-2544,-491,62,-6,26171,0.4444,forrageando
47,1705065000,193844,-416180,7702,942,3928,345,-884,-1915,-417,540,-445,61511,0.3945,forrageando
47,1705065300,193880,-416152,5576,803,3945,3817,3342,-1052,-311,104,-67,29785,0.4394,forrageando
47,1705065600,193865,-416082,4989,799,3981,-804,-1260,-834,968,419,272,5864,0.4012,forrageando
47,1705065900,193966,-416029,2331,438,3981,254,1314,-173,-696,86,-37,12703,0.4618,forrageando
47,1705066200,194003,-415955,7931,996,3906,3175,-373,-972,-633,195,-53,64035,0.3507,forrageando
47,1705066500,194016,-416006,8325,1035,3968,-2678,-1941,-1815,793,727,322,12497,0.359,forrageando
47,1705066800,194016,-416064,7235,955,3900,1724,21,15,-283,-32,-36,57536,0.4288,forrageando
47,1705067100,194026,-416024,5509,783,3937,-803,937,606,404,-1015,632,37859,0.4442,forrageando
47,1705067400,194013,-416051,2629,507,3990,3633,2945,-781,-299,583,-120,27157,0.4922,forrageando
47,1705067700,193877,-416106,2822,490,3938,1461,2460,-353,-35,-65,9,5602,0.4021,forrageando
47,1705068000,193851,-416153,7474,930,3960,-990,1131,-1139,-361,-562,-851,32790,0.3414,forrageando
47,1705068300,193982,-416219,8441,1024,3977,-1721,-3508,-790,-755,173,-374,20381,0.3695,forrageando
47,1705068600,194055,-416175,7824,983,3964,-2051,-2046,40,22,-56,-122,62147,0.3619,forrageando
47,1705068900,194088,-416146,2367,428,3954,3352,2647,-844,203,72,-333,56908,0.3879,forrageando
47,1705069200,193976,-416202,6403,858,3977,-1497,838,-1448,-338,-783,-423,38261,0.4573,forrageando
47,1705069500,193918,-416281,2939,469,3957,-995,-1284,-1083,-722,-12,-417,14996,0.4934,forrageando
47,1705069800,193877,-416254,2092,324,3965,-527,-941,-688,-176,-716,46,8925,0.3996,forrageando
47,1705070100,193933,-416182,5009,741,3927,1684,-2479,786,385,-838,-170,19056,0.2957,forrageando
47,1705070400,193780,-416232,2619,464,3942,2706,774,-204,494,-375,-421,43922,0.4825,forrageando
47,1705070700,193714,-416234,7326,996,3950,-198,-726,-864,595,314,-245,25941,0.3725,forrageando
47,1705071000,193800,-416245,4174,683,3963,513,-1352,-329,410,829,-492,37292,0.257,forrageando
47,1705071300,193690,-416286,2453,357,3962,-1068,-1079,-438,806,13,115,61695,0.4091,forrageando
47,1705071600,193687,-416247,4984,730,3956,-2173,956,-719,414,167,142,11575,0.4017,forrageando
47,1705071900,193573,-416235,6869,897,3933,-3010,-954,-1152,-100,58,-581,15861,0.3719,forrageando
47,1705072200,193621,-416120,9026,1161,3946,-3593,-3929,-184,329,974,-72,50813,0.5739,forrageando
47,1705072500,193644,-416144,5618,745,3908,-1442,-257,-167,-1029,1045,29,47722,0.2753,forrageando
47,1705072800,193789,-416200,6237,757,3957,583,3375,-64,151,-158,348,52317,0.3456,forrageando
47,1705073100,193728,-416212,4168,628,3952,-483,2647,-891,-400,-981,754,33544,0.2582,forrageando
47,1705073400,193718,-416157,8628,1059,3958,-601,-2157,-1529,-45,802,-154,38256,0.3627,forrageando
47,1705073700,193796,-416128,3001,520,3976,-2673,1271,-1111,80,-293,79,11794,0.4418,forrageando
47,1705074000,193906,-416134,8092,979,3998,2207,-1675,-302,-695,19,-23,6682,0.4012,forrageando
47,1705074300,193911,-416153,7684,846,3899,-751,379,-1289,1120,-40,209,50950,0.3627,forrageando
47,1705074600,193963,-416268,3929,582,3972,-290,1069,-1426,-106,-113,149,295,0.2777,forrageando
47,1705074900,194092,-416438,6288,851,3967,57,-3553,-1132,15,5,-504,21575,0.3861,forrageando
47,1705075200,193991,-416502,3733,553,3993,-1033,-529,1759,-47,318,256,59519,0.3603,forrageando
47,1705075500,194029,-416444,4165,608,3968,-1332,3186,-364,-998,-213,42,31570,0.2647,forrageando
47,1705075800,194063,-416547,4317,664,3902,2000,-1254,-723,-585,-1061,-190,63774,0.2132,forrageando
47,1705076100,194115,-416391,2878,448,3957,1317,2025,-457,710,-711,-162,27126,0.3146,forrageando
47,1705076400,194172,-416238,7679,858,3907,-3175,1823,-2085,194,-136,-46,42110,0.3457,forrageando
47,1705076700,194041,-416265,5704,674,3947,1077,3407,-509,-1004,36,-372,18280,0.214,forrageando
47,1705077000,194082,-416297,5746,793,3989,-521,3021,-2280,-398,-690,241,34105,0.3771,forrageando
47,1705077300,194184,-416220,2632,2123,3935,-961,-85,-695,-148,188,-165,56329,0.3265,busca
47,1705077600,194217,-416306,3814,1732,3963,1750,-318,-735,264,-40,51,18183,0.3674,busca
47,1705077900,194245,-416381,1258,2198,3902,-264,1066,-620,-41,-79,348,30601,0.3002,busca
47,1705078200,194283,-416453,3535,1878,3993,112,630,-708,206,-235,39,15564,0.2807,busca
47,1705078500,194268,-416356,1906,2112,3944,-179,-873,-752,122,316,-88,17651,0.3852,busca
47,1705078800,194313,-416310,3841,1749,3906,-940,920,-185,126,249,4,5280,0.4727,busca
47,1705079100,194342,-416347,968,2260,3927,1411,-869,-1402,237,29,195,49575,0.3488,busca
47,1705079400,194348,-416208,2242,2057,3981,-141,-71,-42,20,-90,120,632,0.3225,busca
47,1705079700,194321,-416295,3931,1690,3899,-207,457,-81,486,35,-191,6982,0.3168,busca
47,1705080000,194311,-416370,1700,2266,3967,2172,287,495,-83,316,-126,24096,0.279,busca
47,1705080300,194369,-416512,3462,1910,3923,343,845,-851,-206,30,54,41239,0.4078,busca
47,1705080600,194307,-416497,1509,2182,3915,-787,-234,-652,103,-159,-25,10369,0.4013,busca
47,1705080900,194393,-416482,4300,1542,3989,117,-1481,-550,311,27,-173,28505,0.2054,busca
47,1705081200,194425,-416589,1266,2203,3977,663,551,-440,-130,278,-131,51253,0.2548,busca
47,1705081500,194520,-416599,2221,1997,3940,1395,-412,-275,331,162,-111,47861,0.2304,busca
47,1705081800,194587,-416600,1275,2211,3934,149,1442,-467,85,65,-31,19961,0.2297,busca
47,1705082100,194666,-416597,1480,2190,3927,1174,-934,-336,-239,-130,5,53377,0.3715,busca
47,1705082400,194602,-416604,1836,2145,3982,1519,-427,3,-202,-451,-75,50016,0.3523,busca
47,1705082700,194606,-416538,1500,2210,3921,1174,1105,637,-128,-63,-6,31655,0.2162,busca
47,1705083000,194674,-416648,3528,1884,3925,734,-538,-701,-5,180,-22,40917,0.234,busca
47,1705083300,194676,-416565,1035,2288,3976,1634,379,-641,284,-227,29,3215,0.3231,busca
47,1705083600,194748,-416576,3196,1834,3985,-529,75,-815,-157,185,-237,50207,0.2514,busca
47,1705083900,194763,-416488,1029,2252,3958,1749,-151,536,152,45,152,46737,0.3712,busca
47,1705084200,194737,-416573,3367,1844,3929,2374,100,105,2,-332,-116,11976,0.2082,busca
47,1705084500,194737,-416425,1346,2187,3924,288,-311,13,-272,75,-9,13503,0.3119,busca
47,1705084800,194876,-416485,1636,2209,3951,1393,-432,-822,-203,252,231,55005,0.2028,busca
47,1705085100,194936,-416455,2906,1931,3935,641,752,-581,-135,96,-91,59582,0.3512,busca
47,1705085400,194887,-416428,179,2461,3950,1024,81,-376,-81,50,45,15508,0.3463,transitando
47,1705085700,194994,-416399,69,2594,3969,1147,-204,-66,234,-188,-142,31123,0.2651,transitando
47,1705086000,195111,-416475,271,2409,3971,1094,-114,-166,5,-119,4,53567,0.2409,transitando
47,1705086300,195207,-416495,107,2529,3954,1590,-14,53,81,125,103,18941,0.2296,transitando
47,1705086600,195244,-416614,104,2482,3925,638,105,-11,-14,180,63,59404,0.3152,transitando
47,1705086900,195190,-416719,197,2479,3982,920,-522,-70,-17,-35,20,42568,0.2917,transitando
47,1705087200,195165,-416847,334,2469,3964,875,136,92,57,-49,11,33789,0.3276,transitando
47,1705087500,195022,-416907,84,2489,3911,1680,-167,93,171,-41,-18,19338,0.2985,transitando
47,1705087800,195069,-417001,253,2500,3976,1681,254,-196,-55,-225,-4,2075,0.3352,transitando
47,1705088100,195016,-417116,189,2480,3908,2391,6,-378,-12,-15,-139,41923,0.3463,transitando
47,1705088400,194994,-416955,397,2453,3913,1034,131,-189,32,46,19,45670,0.3203,transitando
47,1705088700,194873,-416871,379,2437,3946,1532,268,553,-54,84,-101,4584,0.2494,transitando
47,1705089000,195003,-416909,461,2461,3897,2056,154,40,-74,162,-37,60493,0.1818,transitando
47,1705089300,195016,-417060,169,2470,3911,790,139,-346,-66,-12,65,8770,0.3043,transitando
47,1705089600,195098,-417042,559,2438,3908,919,302,51,-16,-60,-2,63420,0.3887,transitando
47,1705089900,195125,-416939,130,2467,3915,1067,-281,-292,16,-46,-55,36215,0.3294,transitando
47,1705090200,195024,-417048,300,2434,3950,1206,-40,-17,66,185,-31,37864,0.372,transitando
47,1705090500,195041,-416962,536,2393,3919,304,285,158,133,22,19,63256,0.3454,transitando
47,1705090800,195073,-416859,507,2449,3964,791,-503,338,-38,-298,70,35550,0.3978,transitando
47,1705091100,195008,-416776,63,2483,3948,464,308,65,13,73,78,33387,0.3409,transitando
47,1705091400,194964,-416671,103,2481,3962,1005,-295,-44,-193,-113,71,18213,0.3886,transitando
47,1705091700,194915,-416630,272,2377,3897,1217,293,277,3,-163,61,48351,0.247,transitando
47,1705092000,194864,-416478,191,2571,3933,1928,-56,-59,48,-147,62,42076,0.4159,transitando
47,1705092300,194954,-416477,422,2472,3904,919,329,380,62,-112,33,20534,0.4034,transitando
47,1705092600,195033,-416455,202,2542,3920,769,119,-255,0,46,-38,54959,0.3256,transitando
47,1705092900,195001,-416335,436,2404,3944,626,-72,-3,90,-11,-45,30575,0.3314,transitando
47,1705093200,195027,-416457,445,2443,3977,1033,179,279,100,239,55,7446,0.3318,transitando
47,1705093500,195151,-416517,447,2453,3931,644,121,119,20,67,91,42482,0.2667,transitando
47,1705093800,195183,-416412,132,2467,3937,824,243,126,39,67,-134,18776,0.2966,transitando
47,1705094100,195282,-416373,61,2497,3900,1566,473,76,20,-229,39,59630,0.3039,transitando
47,1705094400,195212,-416240,450,2430,3967,2434,86,91,-121,-127,53,24601,0.3276,transitando
47,1705094700,195112,-416244,97,2404,3985,564,-242,84,-145,-36,52,9891,0.3695,transitando
47,1705095000,195073,-416191,230,2558,3970,984,-142,52,-85,-185,35,4232,0.3427,transitando
47,1705095300,194966,-416263,295,2477,3971,1499,87,-20,-77,-120,7,28623,0.4251,transitando
47,1705095600,195018,-416312,85,2492,3931,1669,585,207,59,-38,5,37012,0.2628,transitando
47,1705095900,194903,-416272,461,2359,3937,2131,-222,-169,-194,-118,-1,3691,0.2719,transitando
47,1705096200,194931,-416404,306,2420,3975,1453,-298,-145,7,-36,46,35508,0.4094,transitando
47,1705096500,194949,-416530,463,2366,3981,805,178,248,66,20,82,28559,0.3698,transitando
47,1705096800,194881,-416590,191,2529,3932,1008,247,-183,67,-120,97,27877,0.3064,transitando
47,1705097100,194927,-416441,185,2352,3924,99,204,43,-82,115,13,65372,0.3323,transitando
47,1705097400,195018,-416404,376,2322,3907,1615,-117,-171,-11,-12,-2,19705,0.481,transitando
47,1705097700,195076,-416452,297,2416,3917,439,-1,-237,109,206,-3,24152,0.402,transitando
47,1705098000,195024,-416395,86,2476,3973,1475,186,105,39,17,12,19616,0.2643,transitando
47,1705098300,195082,-416312,63,2451,3949,530,-133,30,143,-68,-22,7691,0.2984,transitando
47,1705098600,195194,-416302,352,2426,3912,1239,703,266,-35,-30,-110,9325,0.3807,transitando
47,1705098900,195168,-416353,428,2415,3990,1305,52,32,157,-198,89,9112,0.4017,transitando
47,1705099200,195189,-416471,294,2421,3921,1160,-132,-271,-28,78,1,47190,0.274,transitando
47,1705099500,195295,-416581,285,2335,3992,341,491,229,-82,27,-49,32268,0.2931,transitando
47,1705099800,195389,-416670,404,2542,3916,993,-119,-352,37,-90,14,28171,0.3186,transitando
47,1705100100,195458,-416778,73,2460,3959,1184,-210,-187,0,77,51,51259,0.3855,transitando
47,1705100400,195512,-416680,128,2483,3920,1557,-18,39,155,132,-18,50398,0.3004,transitando
47,1705100700,195409,-416681,443,2415,3946,641,28,36,80,-34,-72,64346,0.347,transitando
47,1705101000,195433,-416548,74,2560,3921,1290,-200,-175,-51,-113,26,59858,0.1975,transitando
47,1705101300,195344,-416587,136,2536,3958,824,-460,90,-43,14,-10,61818,0.3568,transitando
47,1705101600,195293,-416533,159,2447,3976,-179,-69,158,7,13,-19,30707,0.2383,transitando
47,1705101900,195220,-416621,170,2461,3994,758,329,-373,93,-175,83,26058,0.3699,transitando
47,1705102200,195254,-416663,435,2461,3956,1046,228,109,-177,-16,-82,56901,0.3533,transitando
47,1705102500,195152,-416709,231,2441,3957,829,255,7,89,-36,-45,50445,0.2886,transitando
47,1705102800,195160,-416847,61,2471,3929,1298,95,-61,40,-152,8,54859,0.2914,transitando
47,1705103100,195031,-416792,455,2367,3970,719,358,0,101,-199,20,17871,0.4071,transitando
47,1705103400,195087,-416788,449,2361,3931,-17,89,-257,-109,-103,23,50149,0.4017,transitando
47,1705103700,195138,-416896,338,2497,3931,2045,81,184,24,-236,3,1401,0.358,transitando
47,1705104000,195067,-416944,128,2433,3944,1044,61,172,101,-44,38,35735,0.2182,transitando
47,1705104300,195090,-416809,428,2404,3975,1698,-610,-23,-15,-79,74,59118,0.3091,transitando
47,1705104600,195166,-416868,125,2465,3981,675,91,-137,1,-128,-16,42574,0.3255,transitando
47,1705104900,195071,-416933,66,2541,3968,865,34,73,-72,218,38,28195,0.2397,transitando
47,1705105200,195065,-416831,195,2442,3943,874,0,266,78,-179,60,30596,0.3425,transitando
47,1705105500,195114,-416731,399,2422,3979,1365,511,-17,36,94,10,48566,0.3059,transitando
47,1705105800,195234,-416752,330,2326,3914,24,-489,-81,-109,-23,0,27340,0.3654,transitando
47,1705106100,195276,-416827,455,2416,3946,1132,108,281,-118,-55,-18,56883,0.5116,transitando
47,1705106400,195249,-416816,568,2346,3937,522,63,224,-1,-85,117,10740,0.34,transitando
47,1705106700,195360,-416721,345,2370,3934,1923,-584,-516,98,18,-3,14343,0.2935,transitando
47,1705107000,195391,-416628,466,2357,3942,1329,638,164,40,96,4,35544,0.3376,transitando
47,1705107300,195473,-416698,496,2377,3951,306,-257,-192,-106,1,59,48327,0.2745,transitando
47,1705107600,195446,-416570,278,2405,3934,1450,-381,-195,132,-96,-46,32301,0.2879,transitando
47,1705107900,195556,-416629,339,2463,3907,1285,-36,-117,33,67,36,29690,0.4303,transitando
47,1705108200,195623,-416581,284,2548,3957,950,464,118,45,103,-24,9418,0.3567,transitando
47,1705108500,195673,-416660,455,2393,3926,364,640,-224,86,212,-59,22270,0.3297,transitando
47,1705108800,195631,-416764,287,2432,3980,1057,359,166,-126,81,-7,25309,0.4537,transitando
47,1705109100,195565,-416808,420,2332,3948,1380,373,102,-97,36,-8,15842,0.4177,transitando
47,1705109400,195636,-416746,163,2396,3935,944,-437,-273,21,-66,2,49482,0.3823,transitando
47,1705109700,195719,-416779,438,2478,3901,519,-325,372,7,-60,70,5866,0.346,transitando
47,1705110000,195609,-416793,521,2472,3984,1662,47,-48,-12,44,-29,17291,0.458,transitando
47,1705110300,195681,-416791,434,2384,3967,746,-141,-181,10,17,-47,62740,0.3867,transitando
47,1705110600,195693,-416707,118,2462,3933,849,-131,-247,-45,-20,-19,3221,0.3801,transitando
47,1705110900,195642,-416730,361,2452,3931,900,413,4,58,-97,96,64790,0.4307,transitando
47,1705111200,195671,-416816,319,2444,3927,495,-756,105,8,130,50,23200,0.3689,transitando
47,1705111500,195713,-416864,486,2354,3948,1387,279,-22,148,-84,2,59082,0.52,transitando
47,1705111800,195687,-416844,466,2392,3967,1548,10,32,52,100,11,18343,0.4583,transitando
47,1705112100,195768,-416905,213,2536,3953,1218,-95,-314,-75,-52,-51,10670,0.4105,transitando
47,1705112400,195822,-416799,463,2440,3947,997,-26,93,-42,-108,32,46104,0.4279,transitando
47,1705112700,195839,-416876,514,2367,3955,500,220,-195,9,-42,33,11046,0.4295,transitando
47,1705113000,195917,-416905,310,2402,3899,182,-135,-81,39,-41,-58,39061,0.4336,transitando
47,1705113300,195869,-416848,186,2417,3928,620,203,-208,86,-85,-46,50899,0.4608,transitando
47,1705113600,195908,-416885,413,2342,3919,408,694,-36,128,77,-73,36745,0.48,transitando
47,1705113900,195894,-416798,326,2467,3930,1566,26,-140,161,36,26,43844,0.3263,transitando
47,1705114200,195972,-416694,221,2473,3969,1093,-258,121,32,-84,-17,11982,0.5129,transitando
47,1705114500,195975,-416726,450,2333,3972,966,-47,-244,-49,-185,95,19777,0.3153,transitando
48,1705028400,-159589,1515260,972,2291,3980,916,346,241,-89,192,298,16243,0.3974,busca
48,1705028700,-159567,1515329,856,2323,3927,-366,195,-1187,146,-10,-115,59692,0.2842,busca
48,1705029000,-159680,1515250,1450,2178,3995,498,-90,-1247,582,130,-5,19685,0.5543,busca
48,1705029300,-159708,1515243,876,2268,3998,-641,984,-600,187,33,162,61800,0.6234,busca
48,1705029600,-159752,1515254,621,2463,3965,-1026,-554,-1088,-23,185,-59,64928,0.4457,busca
48,1705029900,-159731,1515180,769,2373,3916,1624,1885,-524,26,191,132,40044,0.3871,busca
48,1705030200,-159858,1515189,795,2374,3996,1552,-409,-970,-194,276,195,58643,0.3885,busca
48,1705030500,-159850,1515223,1402,2239,3955,-488,1673,-177,-35,-178,11,40864,0.4856,busca
48,1705030800,-159945,1515201,530,2360,3948,-2175,-413,-358,292,-196,39,46469,0.3623,busca
48,1705031100,-159901,1515186,1227,2259,3961,1817,-545,-833,53,-215,54,5923,0.4639,busca
48,1705031400,-159950,1515240,1848,2112,3989,-226,-557,-795,-278,-95,-395,52762,0.4,busca
48,1705031700,-159981,1515205,679,2216,3965,748,-190,-1133,-303,-48,-316,61404,0.4396,busca
48,1705032000,-159954,1515262,655,2393,3956,1123,396,226,423,-120,-262,1392,0.4591,busca
48,1705032300,-159913,1515285,1785,2124,3908,1360,-53,71,57,-149,-102,63198,0.3839,busca
48,1705032600,-159954,1515316,1836,2137,3968,516,918,-396,47,-155,-48,17898,0.4428,busca
48,1705032900,-159907,1515370,947,2371,3964,803,84,-951,258,128,-219,15160,0.3635,busca
48,1705033200,-159924,1515313,834,2348,3977,392,-538,-1214,188,-370,-143,27996,0.3877,busca
48,1705033500,-159915,1515364,877,2290,3961,1045,-552,-114,-56,60,97,7202,0.487,busca
48,1705033800,-159888,1515439,1504,2256,3930,1635,116,-609,126,-247,-7,35380,0.3599,busca
48,1705034100,-159842,1515487,572,2330,3914,823,336,-929,-217,-160,-77,37349,0.3334,busca
48,1705034400,-159918,1515394,1893,2101,3930,206,377,66,243,-297,220,58706,0.347,busca
48,1705034700,-159836,1515362,1462,2286,3936,463,1116,-338,-22,27,-139,5631,0.5662,busca
48,1705035000,-159809,1515367,1322,2231,3940,-1800,506,-50,-219,-119,184,57185,0.4213,busca
48,1705035300,-159900,1515347,1150,2197,3912,-1183,-1474,-945,-350,-292,-5,20176,0.3333,busca
48,1705035600,-159941,1515416,464,2455,3972,436,419,-307,-280,181,-485,43370,0.4154,busca
48,1705035900,-159907,1515362,386,2491,3914,1347,-1225,-1273,-146,-223,-178,23211,0.339,busca
48,1705036200,-159876,1515280,1588,2155,3902,2956,590,-446,-141,96,-17,61686,0.3699,busca
48,1705036500,-159839,1515321,1517,2228,3915,1574,641,-2,-175,-211,-207,41683,0.5376,busca
48,1705036800,-159819,1515338,1572,2134,3925,1533,-812,-335,-10,-297,-27,46851,0.4134,busca
48,1705037100,-159741,1515398,319,2485,3947,281,-340,322,-106,47,-117,5771,0.3595,busca
48,1705037400,-159802,1515409,1214,2258,3930,934,-47,-61,172,227,154,3995,0.5228,busca
48,1705037700,-159813,1515388,419,2419,3981,849,821,-553,124,118,-395,27225,0.339,busca
48,1705038000,-159927,1515467,1090,2276,3936,-31,178,-523,-129,7,-63,25431,0.4373,busca
48,1705038300,-159912,1515368,1923,2061,3920,-604,350,-793,-74,-198,-147,24811,0.6182,busca
48,1705038600,-159900,1515376,1226,2267,3995,962,647,57,137,-116,-77,48468,0.5362,busca
48,1705038900,-159892,1515383,955,2256,3928,-1476,-46,-213,-183,128,80,7741,0.4364,busca
48,1705039200,-159901,1515493,501,2427,3918,-315,-913,-610,-79,-470,78,48162,0.5201,busca
48,1705039500,-159907,1515505,1600,2237,3899,-674,-770,-32,-78,-147,480,21184,0.5911,busca
48,1705039800,-159882,1515519,1080,2213,3924,2083,1704,221,214,251,-124,59191,0.4873,busca
48,1705040100,-159898,1515441,1856,2081,3956,595,337,-649,365,-248,-47,54303,0.5485,busca
48,1705040400,-159878,1515462,1194,2147,3966,887,-294,-1403,423,-141,148,64746,0.4352,busca
48,1705040700,-159863,1515536,1188,2244,3985,1646,260,-852,-54,-113,215,46095,0.4297,busca
48,1705041000,-159842,1515487,1688,2137,3986,-1848,-115,-963,-98,65,350,53688,0.4698,busca
48,1705041300,-159780,1515487,330,2479,3976,468,-879,-810,-19,29,-24,23903,0.5677,busca
48,1705041600,-159767,1515478,1972,2155,3908,761,1332,-229,441,-116,62,64485,0.5598,busca
48,1705041900,-159759,1515502,1398,2236,3991,1106,-638,-1229,-274,-154,-319,24626,0.4166,busca
48,1705042200,-159802,1515401,1992,2049,3980,135,523,-354,249,36,-188,46776,0.5239,busca
48,1705042500,-159836,1515383,673,2254,3943,207,-789,-1042,135,-184,99,34109,0.5144,busca
48,1705042800,-159836,1515396,1912,2078,3943,1029,521,-187,290,124,-66,33875,0.5086,busca
48,1705043100,-159812,1515387,552,2374,3980,-1260,-1304,-998,-137,185,9,18125,0.6378,busca
48,1705043400,-159832,1515401,1458,2219,3937,778,-23,-1717,-37,-160,-76,8682,0.6105,busca
48,1705043700,-159823,1515410,1332,2227,3917,676,-492,759,203,94,-44,41668,0.5028,busca
48,1705044000,-159827,1515428,824,2400,3907,129,-48,-770,-27,-91,187,46285,0.5121,busca
48,1705044300,-159839,1515425,1862,2077,3982,-937,-532,-365,224,-153,63,31459,0.5446,busca
48,1705044600,-159866,1515406,1656,2177,3928,-243,292,-1278,60,-104,168,3537,0.549,busca
48,1705044900,-159905,1515426,1455,2115,3975,3224,349,-699,84,103,-2,17205,0.5256,busca
48,1705045200,-159891,1515450,1287,2226,3943,-30,683,-819,-213,-238,-252,24025,0.5364,busca
48,1705045500,-159876,1515446,1447,2202,3979,-450,1309,-391,-150,-180,-99,19046,0.4845,busca
48,1705045800,-159802,1515410,1313,2307,3927,651,-146,-807,-225,1,-128,32228,0.5244,busca
48,1705046100,-159829,1515422,1042,2304,3987,-555,944,-161,70,-86,20,33541,0.4518,busca
48,1705046400,-159796,1515461,652,2263,3937,245,-1549,393,126,-59,-35,1550,0.5384,busca
48,1705046700,-159792,1515440,1720,2113,3988,771,-342,468,-243,100,-370,32529,0.5759,busca
48,1705047000,-159771,1515434,1808,2109,3907,1787,-781,-123,-350,0,-30,38613,0.4656,busca
48,1705047300,-159824,1515393,628,2327,3923,1879,348,-378,-76,-111,-70,44183,0.6882,busca
48,1705047600,-159812,1515388,360,2385,3952,1314,-336,-701,-158,-97,72,7068,0.7001,busca
48,1705047900,-159803,1515374,511,2436,3964,-430,134,-254,85,307,103,3271,0.4896,busca
48,1705048200,-159800,1515311,1644,2187,3952,674,-195,-851,143,-70,-134,15803,0.6656,busca
48,1705048500,-159761,1515286,1285,2268,3952,286,857,451,-415,650,126,31546,0.5508,forrageando
48,1705048800,-159761,1515265,449,2369,3923,-5544,1044,156,89,137,141,25332,0.4699,forrageando
48,1705049100,-159782,1515267,851,2328,3954,1317,1277,-114,757,-156,137,8908,0.5822,forrageando
48,1705049400,-159784,1515303,1415,2146,3921,2903,-762,-1833,-6,-684,-57,24613,0.5239,forrageando
48,1705049700,-159774,1515306,1381,2258,3991,-1483,-725,763,-188,923,47,3774,0.5731,forrageando
48,1705050000,-159754,1515354,7857,883,3931,931,2228,-720,-409,512,-351,14625,0.5577,forrageando
48,1705050300,-159743,1515376,5995,783,3913,-1174,-390,-1175,-772,0,-375,30671,0.5678,forrageando
48,1705050600,-159735,1515406,4403,563,3906,-1392,962,-1258,90,105,127,18789,0.5881,forrageando
48,1705050900,-159744,1515389,2927,462,3987,1460,776,-885,-402,78,624,5986,0.5303,forrageando
48,1705051200,-159728,1515376,6834,972,3932,-2035,-557,-2416,579,-390,-115,27625,0.4462,forrageando
48,1705051500,-159647,1515365,7596,969,3921,3096,-1384,-1557,-11,-644,-177,1441,0.5297,forrageando
48,1705051800,-159667,1515377,5353,808,3916,-2768,-1095,-539,424,185,-12,54060,0.4827,forrageando
48,1705052100,-159593,1515361,7622,1013,3972,-15,-1012,-1084,-697,-482,-123,47286,0.5813,forrageando
48,1705052400,-159600,1515402,6589,834,3995,327,-1181,-249,710,571,-178,19750,0.4706,forrageando
48,1705052700,-159491,1515416,4109,549,3925,1993,22,716,-923,221,-135,26532,0.488,forrageando
48,1705053000,-159431,1515404,4039,552,3991,-1195,2176,1403,88,914,-237,53748,0.3948,forrageando
48,1705053300,-159581,1515402,2996,505,3899,981,-694,-1109,252,248,434,53883,0.4768,forrageando
48,1705053600,-159612,1515417,7895,1021,3909,-1750,699,-1493,-484,-40,385,18195,0.6018,forrageando
48,1705053900,-159662,1515416,7647,950,3908,-515,-3458,-1563,-356,1186,-203,23326,0.5325,forrageando
48,1705054200,-159659,1515441,4913,737,3928,2310,-1334,-2190,-485,-857,-358,24798,0.4042,forrageando
48,1705054500,-159611,1515509,5969,788,3985,-1545,-235,-684,610,34,329,38625,0.4364,forrageando
48,1705054800,-159661,1515600,7211,909,3955,-7,994,-465,-372,288,-418,37585,0.6364,forrageando
48,1705055100,-159685,1515601,3631,477,3949,-518,-905,-170,-304,-265,11,42481,0.6269,forrageando
48,1705055400,-159678,1515617,3583,596,3961,-1254,-1979,627,786,112,-324,40485,0.5645,forrageando
48,1705055700,-159685,1515631,6474,814,3939,622,-79,-1810,-43,-57,572,51974,0.4444,forrageando
48,1705056000,-159705,1515581,4975,656,3937,8,-2508,-1484,421,-367,402,20997,0.488,forrageando
48,1705056300,-159696,1515597,4939,691,3926,-2463,-1402,-1267,-467,208,-298,25583,0.417,forrageando
48,1705056600,-159699,1515479,5725,852,3915,635,1641,-558,-105,-1023,-637,27537,0.4969,forrageando
48,1705056900,-159718,1515471,3120,538,3957,-2892,-775,-2546,989,-75,-413,57058,0.6496,forrageando
48,1705057200,-159706,1515433,6521,897,3935,451,-1429,-665,-21,803,433,63534,0.5474,forrageando
48,1705057500,-159719,1515420,3316,536,3929,-495,1284,-178,528,-490,168,5145,0.4791,forrageando
48,1705057800,-159753,1515383,4111,656,3950,3131,611,12,1172,592,290,52760,0.4611,forrageando
48,1705058100,-159744,1515291,5494,794,3941,539,1607,-87,172,224,338,26848,0.4678,forrageando
48,1705058400,-159726,1515202,5629,705,3994,1849,-127,-1569,-848,957,275,19300,0.5124,forrageando
48,1705058700,-159710,1515165,5597,755,3905,1474,165,444,920,-297,367,57873,0.5091,forrageando
48,1705059000,-159738,1515141,7540,1010,3991,-1717,-3253,-540,595,-377,-60,15293,0.4557,forrageando
48,1705059300,-159744,1515175,7164,894,3949,866,-1293,-483,-534,-156,-50,1674,0.3745,forrageando
48,1705059600,-159756,1515142,2401,541,3930,-584,-603,-749,71,-493,-118,12389,0.5776,forrageando
48,1705059900,-159762,1515129,3320,570,3917,-126,4125,-960,-451,-837,266,57381,0.4977,forrageando
48,1705060200,-159741,1515156,6287,862,3923,-2857,-587,203,-31,-587,438,31677,0.5625,forrageando
48,1705060500,-159761,1515176,2484,428,3970,-2285,3034,-157,-183,-404,-561,54522,0.5313,forrageando
48,1705060800,-159765,1515139,7138,743,3922,-1646,-985,624,125,90,-18,51066,0.4739,forrageando
48,1705061100,-159867,1515186,4347,602,3942,-153,-105,-586,-57,578,-319,2839,0.4389,forrageando
48,1705061400,-159899,1515188,2210,445,3987,196,276,-622,871,-711,-308,59038,0.4041,forrageando
48,1705061700,-159881,1515185,3850,561,3993,-160,1974,-1497,214,401,548,62794,0.2924,forrageando
48,1705062000,-159959,1515214,6425,805,3968,-537,-1038,-1514,554,-879,14,36980,0.3698,forrageando
48,1705062300,-159947,1515200,2512,1978,3911,1350,-1462,-1346,-107,50,99,1229,0.3476,busca
48,1705062600,-159927,1515308,1370,2236,3998,683,686,-623,-146,-6,362,17678,0.416,busca
48,1705062900,-159858,1515397,2476,2023,3974,1709,-1561,-777,200,12,-135,20083,0.4639,busca
48,1705063200,-159860,1515447,2072,2077,3955,49,1058,-47,-124,175,131,42619,0.4055,busca
48,1705063500,-159822,1515452,3877,1717,3960,798,-403,-422,-223,-79,-214,48377,0.4745,busca
48,1705063800,-159866,1515421,1977,2151,3953,-431,684,-47,153,70,-12,13981,0.381,busca
48,1705064100,-159906,1515459,2819,1945,3975,-949,421,-717,30,-448,139,58063,0.3487,busca
48,1705064400,-159855,1515345,3807,1736,3997,-392,497,-459,89,275,141,41013,0.3387,busca
48,1705064700,-159907,1515410,1618,2178,3959,1666,618,-267,-201,194,-39,65313,0.4449,busca
48,1705065000,-159951,1515449,2929,1983,3919,-45,679,-697,-191,-150,-60,64596,0.4504,busca
48,1705065300,-159893,1515366,1417,2202,3931,-182,-219,846,-132,54,-61,35677,0.3923,busca
48,1705065600,-159823,1515433,2347,2012,3964,-582,-38,539,186,-317,52,7480,0.3957,busca
48,1705065900,-159856,1515389,1388,2168,3918,-1336,-382,-907,98,0,-23,21815,0.3391,busca
48,1705066200,-159726,1515434,2958,1804,3975,1225,-476,-201,56,-19,-34,31793,0.482,busca
48,1705066500,-159733,1515482,2969,1958,3918,1352,1852,-698,-199,223,41,25902,0.3749,busca
48,1705066800,-159733,1515560,3549,1817,3957,2276,857,-882,-143,-71,-112,55664,0.4223,busca
48,1705067100,-159775,1515608,1216,2280,3982,-1713,-355,-529,334,330,80,44831,0.5045,busca
48,1705067400,-159754,1515589,1579,2169,3967,843,-217,386,-212,-32,0,7947,0.3084,busca
48,1705067700,-159637,1515617,2595,2003,3910,760,-758,-634,58,91,-139,40551,0.3034,busca
48,1705068000,-159681,1515543,3866,1718,3952,-877,138,48,14,-60,-202,32118,0.4655,busca
48,1705068300,-159719,1515577,2777,1964,3974,-566,878,-404,202,96,-55,13203,0.3476,busca
48,1705068600,-159677,1515489,3421,1837,3947,1340,-1186,327,-280,261,-25,42432,0.3791,busca
48,1705068900,-159643,1515509,3921,1684,3988,273,-412,-704,244,-362,225,6251,0.4629,busca
48,1705069200,-159603,1515628,1658,2122,3998,1203,-140,-443,208,-143,73,42204,0.4757,busca
48,1705069500,-159538,1515661,3633,1792,3911,-206,243,-1474,152,52,341,34799,0.3595,busca
48,1705069800,-159451,1515674,2148,2095,3990,-3,457,-1371,75,-269,255,46449,0.3589,busca
48,1705070100,-159413,1515730,1611,2139,3975,-47,-828,-288,-152,-405,-113,45014,0.3205,busca
48,1705070400,-159373,1515595,1781,2180,3938,1156,164,-184,314,-133,-66,249,0.2738,busca
48,1705070700,-159338,1515494,2883,1922,3942,325,-1560,-957,110,127,67,23125,0.3871,busca
48,1705071000,-159379,1515516,3173,1932,3968,109,-582,580,96,78,-334,30477,0.3034,busca
48,1705071300,-159247,1515501,3065,1971,3918,1166,-279,-611,414,172,78,55370,0.396,busca
48,1705071600,-159210,1515413,1980,2095,3900,1383,-896,-377,-267,-219,-25,25656,0.3315,busca
48,1705071900,-159215,1515484,2460,1972,3963,1558,-267,-436,215,16,100,38736,0.3772,busca
48,1705072200,-159192,1515526,3424,1833,3969,-337,-1390,-403,-2,43,150,62625,0.3083,busca
48,1705072500,-159212,1515592,1894,2057,3933,9,177,-468,-346,-92,225,14436,0.4485,busca
48,1705072800,-159218,1515545,3517,1716,3942,464,263,-636,-212,-330,131,26801,0.3188,busca
48,1705073100,-159094,1515565,1683,2104,3965,677,730,-783,180,193,155,885,0.3705,busca
48,1705073400,-159183,1515614,3300,1815,3939,693,-553,-446,35,329,-93,31071,0.4073,busca
48,1705073700,-159298,1515677,1233,2170,3991,2420,-992,-756,208,-297,132,49115,0.2204,busca
48,1705074000,-159278,1515606,3858,1741,3922,-40,269,-456,-439,247,187,25824,0.4403,busca
48,1705074300,-159368,1515566,3556,1770,3938,-88,-577,290,-405,-189,-57,11675,0.4226,busca
48,1705074600,-159396,1515598,3490,1770,3974,174,-292,-1035,-203,-263,-140,63323,0.3198,busca
48,1705074900,-159272,1515734,3575,1720,3980,1790,-113,-1230,193,-340,-5,61139,0.342,busca
48,1705075200,-159170,1515609,3795,1800,3965,48,-502,-67,90,317,386,10270,0.3711,busca
48,1705075500,-159191,1515664,1709,2200,3991,1150,509,-1287,-256,405,-147,52765,0.3327,busca
48,1705075800,-159116,1515748,3211,1906,3941,788,621,-584,59,223,58,139,0.267,busca
48,1705076100,-159088,1515611,2471,1946,3948,480,-234,-13,134,441,90,59869,0.298,busca
48,1705076400,-159087,1515676,2597,2009,3942,-2709,220,-817,-299,258,-74,45125,0.3588,busca
48,1705076700,-159079,1515625,1835,2041,3936,-674,-249,272,-90,259,137,41134,0.3169,busca
48,1705077000,-159238,1515626,446,2470,3965,874,294,-305,78,-123,8,57698,0.3091,transitando
48,1705077300,-159206,1515750,193,2426,3904,1392,142,27,129,26,38,48182,0.3412,transitando
48,1705077600,-159136,1515882,229,2424,3957,1611,154,34,-60,143,-2,62197,0.2776,transitando
48,1705077900,-159244,1515873,285,2379,3963,1300,-81,106,155,-8,83,58423,0.2274,transitando
48,1705078200,-159231,1515767,499,2423,3901,1298,-265,-176,102,22,-23,18904,0.4074,transitando
48,1705078500,-159117,1515802,295,2349,3991,319,69,-45,55,-81,14,41859,0.3717,transitando
48,1705078800,-159202,1515766,468,2351,3912,116,249,-289,-64,-229,39,17255,0.2541,transitando
48,1705079100,-159146,1515899,144,2525,3981,1643,98,24,106,37,68,3522,0.299,transitando
48,1705079400,-159148,1515790,381,2415,3952,1016,59,-100,113,135,114,30181,0.2345,transitando
48,1705079700,-159196,1515696,150,2395,3935,1355,271,94,72,34,-21,64335,0.3652,transitando
48,1705080000,-159122,1515605,203,2443,3944,1338,-364,86,11,115,29,5565,0.4348,transitando
48,1705080300,-159212,1515605,112,2513,3930,1191,0,-128,40,-118,29,64351,0.3762,transitando
48,1705080600,-159222,1515670,344,2462,3922,1015,-112,237,-49,60,61,56695,0.2977,transitando
48,1705080900,-159315,1515700,311,2400,3931,246,-361,5,-7,-58,-27,35453,0.3571,transitando
48,1705081200,-159380,1515743,408,2395,3933,849,310,80,-69,-16,53,1184,0.2174,transitando
48,1705081500,-159468,1515614,217,2480,3918,1014,422,251,123,-138,-15,1839,0.407,transitando
48,1705081800,-159364,1515632,471,2410,3931,976,692,155,-38,8,8,55434,0.3633,transitando
48,1705082100,-159313,1515592,202,2540,3937,929,-567,-104,25,76,-93,54502,0.1314,transitando
48,1705082400,-159401,1515712,388,2401,3916,984,-166,43,-25,-43,3,18125,0.3195,transitando
48,1705082700,-159430,1515602,102,2473,3931,531,-451,-105,62,-7,29,45540,0.2961,transitando
48,1705083000,-159509,1515495,454,2456,3994,1828,-244,132,-93,46,11,18265,0.2534,transitando
48,1705083300,-159419,1515563,343,2530,3990,915,107,82,-169,95,42,17934,0.3694,transitando
48,1705083600,-159503,1515576,114,2516,3952,916,-454,307,172,40,-82,21946,0.4103,transitando
48,1705083900,-159580,1515585,498,2420,3987,1496,429,-249,-61,65,-49,59908,0.2575,transitando
48,1705084200,-159463,1515583,115,2441,3897,488,1,-123,-49,-106,39,62464,0.4371,transitando
48,1705084500,-159504,1515539,151,2464,3935,1265,-122,98,188,-210,74,12972,0.244,transitando
48,1705084800,-159389,1515440,458,2388,3928,272,-101,-128,117,63,-18,21221,0.2881,transitando
48,1705085100,-159324,1515383,359,2387,3947,1177,-455,-177,-1,-136,70,53075,0.3377,transitando
48,1705085400,-159390,1515491,341,2411,3934,198,-339,-114,64,-199,39,13214,0.416,transitando
48,1705085700,-159421,1515573,487,2320,3931,656,317,193,-116,-146,-26,1464,0.4518,transitando
48,1705086000,-159343,1515627,476,2376,3926,669,-188,-227,-117,-58,-53,2978,0.2528,transitando
48,1705086300,-159364,1515764,327,2372,3926,1311,314,152,-206,20,-17,38448,0.2602,transitando
48,1705086600,-159293,1515663,483,2434,3948,588,321,-7,-239,174,-16,32727,0.2819,transitando
48,1705086900,-159164,1515696,250,2401,3961,1427,98,2,246,118,56,46282,0.37,transitando
48,1705087200,-159235,1515694,284,2499,3963,254,-54,-296,-90,98,-59,28585,0.3516,transitando
48,1705087500,-159223,1515648,158,2450,3954,214,-40,-102,-43,-73,-32,36419,0.4066,transitando
48,1705087800,-159237,1515710,313,2437,3986,1951,186,7,126,159,-38,48254,0.4539,transitando
48,1705088100,-159176,1515796,313,2475,3898,1407,-117,188,233,19,-22,22441,0.3548,transitando
48,1705088400,-159108,1515765,433,2511,3939,1192,-107,232,149,-106,-6,13784,0.2373,transitando
48,1705088700,-159138,1515885,495,2428,3901,-178,577,-134,136,64,25,20840,0.3553,transitando
48,1705089000,-159080,1515963,353,2487,3992,881,159,-177,63,-104,1,17349,0.329,transitando
48,1705089300,-159032,1515879,326,2426,3952,319,-574,-213,-80,76,-116,10169,0.358,transitando
48,1705089600,-159101,1515827,135,2419,3926,1092,-80,112,69,-198,-41,7537,0.3837,transitando
48,1705089900,-159069,1515731,113,2476,3917,1639,105,-72,-39,-126,128,43684,0.4464,transitando
48,1705090200,-158950,1515733,433,2447,3952,1516,-121,84,-213,106,48,41592,0.2947,transitando
48,1705090500,-158838,1515655,150,2392,3917,1626,112,-258,60,-102,-55,57468,0.4291,transitando
48,1705090800,-158766,1515753,244,2474,3995,841,69,16,55,197,30,2724,0.2955,transitando
48,1705091100,-158867,1515711,127,2436,3985,1513,36,-417,31,75,5,28357,0.3709,transitando
48,1705091400,-158850,1515798,122,2411,3986,1544,141,328,-87,52,11,27294,0.3426,transitando
48,1705091700,-158769,1515722,144,2470,3983,1092,-430,-199,-132,131,46,26762,0.2997,transitando
48,1705092000,-158681,1515835,352,2389,3966,776,-590,291,-80,185,14,46507,0.475,transitando
48,1705092300,-158781,1515866,171,2485,3981,1063,-159,-151,-152,-176,-32,38975,0.3667,transitando
48,1705092600,-158737,1515786,224,2476,3975,1219,-143,409,-13,-26,-60,36716,0.4381,transitando
48,1705092900,-158684,1515721,163,2511,3935,54,-219,12,-138,69,2,41399,0.3613,transitando
48,1705093200,-158657,1515797,210,2441,3949,966,196,-77,109,172,40,25542,0.4658,transitando
48,1705093500,-158704,1515873,389,2397,3996,453,440,-63,29,-7,95,55190,0.2955,transitando
48,1705093800,-158794,1515723,213,2429,3955,738,1,56,-10,-34,36,21711,0.4633,transitando
48,1705094100,-158816,1515816,382,2384,3996,1383,-273,-40,-65,-44,-3,38438,0.2694,transitando
48,1705094400,-158726,1515744,376,2505,3914,2045,9,-151,46,-42,-25,63375,0.3235,transitando
48,1705094700,-158830,1515746,287,2453,3925,1768,54,129,-124,59,87,49764,0.3826,transitando
48,1705095000,-158788,1515693,421,2326,3943,1220,96,46,-10,-5,45,55148,0.296,transitando
48,1705095300,-158860,1515811,401,2469,3925,968,-461,335,24,-118,-7,20997,0.389,transitando
48,1705095600,-158900,1515840,240,2346,3984,702,166,177,5,-101,-73,64668,0.3591,transitando
48,1705095900,-158863,1515785,421,2377,3954,403,-196,280,-24,-64,29,60069,0.3982,transitando
48,1705096200,-158862,1515698,434,2460,3925,1092,-250,-90,-14,9,-11,51986,0.3862,transitando
48,1705096500,-158925,1515714,112,2487,3940,805,368,454,-126,-116,28,21313,0.4065,transitando
48,1705096800,-158861,1515676,299,2383,3942,775,205,13,115,31,-75,13063,0.3557,transitando
48,1705097100,-158779,1515717,347,2342,3905,1604,90,153,57,-220,46,5560,0.3449,transitando
48,1705097400,-158817,1515858,117,2471,3911,1819,-145,-214,0,-171,-77,46765,0.3042,transitando
48,1705097700,-158909,1515811,440,2390,3912,692,-61,-207,46,-49,-2,63813,0.3491,transitando
48,1705098000,-159059,1515824,319,2424,3941,1316,449,-241,85,-101,45,21060,0.4267,transitando
48,1705098300,-159101,1515873,193,2473,3913,1012,596,48,-146,0,-11,48789,0.3971,transitando
48,1705098600,-159160,1515853,210,2479,3960,226,62,-204,121,-42,-49,55786,0.3094,transitando
48,1705098900,-159163,1515734,153,2455,3905,1188,-427,83,-100,154,45,52235,0.5131,transitando
48,1705099200,-159159,1515750,106,2395,3931,1222,-645,-91,-41,-49,38,63084,0.3736,transitando
48,1705099500,-159073,1515668,352,2489,3898,1381,213,203,161,2,84,37372,0.3933,transitando
48,1705099800,-159005,1515643,323,2367,3956,857,-236,114,-204,61,51,28072,0.468,transitando
48,1705100100,-158913,1515627,172,2352,3925,801,-528,115,-69,24,46,2919,0.3977,transitando
48,1705100400,-158996,1515654,328,2462,3943,1187,-154,-151,147,47,78,34075,0.3857,transitando
48,1705100700,-159051,1515738,336,2409,3942,1196,-428,69,14,28,34,38704,0.3582,transitando
48,1705101000,-159022,1515819,120,2509,3925,760,-22,104,204,55,13,58943,0.2678,transitando
48,1705101300,-158931,1515765,470,2538,3959,1094,174,-114,109,119,-3,39657,0.3857,transitando
48,1705101600,-159015,1515692,307,2397,3901,-450,34,-14,-66,-3,-6,26246,0.2352,transitando
48,1705101900,-158968,1515797,187,2554,3950,357,71,-176,29,184,21,63922,0.4233,transitando
48,1705102200,-158963,1515737,366,2421,3941,1058,-204,-104,-6,55,-105,12642,0.3591,transitando
48,1705102500,-159054,1515788,301,2428,3936,1776,218,-85,-100,-38,7,63764,0.3792,transitando
48,1705102800,-159008,1515816,111,2471,3930,636,391,74,29,-314,-28,16512,0.3997,transitando
48,1705103100,-159008,1515942,301,2454,3978,1494,201,-241,-39,222,63,18765,0.3307,transitando
48,1705103400,-158882,1516004,494,2396,3948,1754,84,-52,85,48,17,42606,0.2855,transitando
48,1705103700,-158966,1515971,356,2512,3910,-126,-22,435,6,-242,-101,38354,0.3088,transitando
48,1705104000,-158863,1515964,313,2408,3972,1906,-401,-167,16,9,6,46353,0.3479,transitando
48,1705104300,-158975,1515992,400,2439,3955,951,-220,-103,45,-85,40,19706,0.2488,transitando
48,1705104600,-158929,1516107,62,2502,3971,1030,-33,2,-138,72,-25,62112,0.4233,transitando
48,1705104900,-158935,1516183,304,2433,3982,1659,86,431,38,-116,-63,35338,0.421,transitando
48,1705105200,-158976,1516251,462,2385,3942,1490,37,-27,-118,6,5,1283,0.4463,transitando
48,1705105500,-158978,1516156,198,2385,3988,1273,-132,350,-20,225,-41,44352,0.4091,transitando
48,1705105800,-159055,1516201,155,2410,3933,533,419,565,49,54,15,43847,0.2308,transitando
48,1705106100,-159011,1516321,247,2417,3936,-194,30,-168,-19,73,0,64894,0.3551,transitando
48,1705106400,-159063,1516413,330,2527,3996,1307,-161,-57,-37,62,1,59537,0.331,transitando
48,1705106700,-159171,1516448,447,2391,3991,884,154,-287,22,-126,-49,38562,0.4748,transitando
48,1705107000,-159088,1516429,497,2429,3965,991,-123,-232,89,0,-13,53781,0.4725,transitando
48,1705107300,-159145,1516467,271,2512,3910,1000,158,-126,38,-83,77,14973,0.4981,transitando
48,1705107600,-159205,1516477,1802,2129,3933,217,-487,-807,-90,-22,-28,19220,0.273,busca
48,1705107900,-159109,1516461,720,2363,3981,1928,-954,-36,162,-344,13,26003,0.369,busca
48,1705108200,-159034,1516396,1301,2314,3982,-1625,1854,-1285,649,310,-175,41831,0.4525,forrageando
48,1705108500,-159073,1516363,213,2498,3962,-2136,1657,-148,421,703,-173,27114,0.3511,forrageando
48,1705108800,-159067,1516397,877,2279,3909,-426,3093,-1048,-492,472,206,3920,0.3744,forrageando
48,1705109100,-159032,1516503,1261,2201,3947,569,57,-1741,504,-199,241,1792,0.5454,forrageando
48,1705109400,-159032,1516485,327,2475,3979,593,-984,89,296,611,249,51028,0.4298,forrageando
48,1705109700,-158961,1516393,1478,2226,3992,-145,3150,-1735,231,740,328,59853,0.4035,forrageando
48,1705110000,-158856,1516468,1041,2296,3943,-1409,-771,-1501,511,-146,184,38810,0.422,forrageando
48,1705110300,-158913,1516414,956,2346,3923,619,482,208,-371,238,-146,19854,0.4128,forrageando
48,1705110600,-158950,1516406,631,2376,3925,-1975,2918,-218,475,-675,328,44211,0.4692,forrageando
48,1705110900,-158981,1516508,926,2220,3929,-490,-980,284,289,232,-232,13950,0.5044,forrageando
48,1705111200,-158974,1516526,978,2270,3936,-3695,2862,-933,-277,-393,-207,24834,0.4772,forrageando
48,1705111500,-159028,1516510,967,2262,3995,-1213,19,-858,-302,581,-360,58794,0.4926,forrageando
48,1705111800,-158968,1516517,374,2405,3997,2689,3624,-1037,-252,-314,-205,26491,0.5245,forrageando
48,1705112100,-158942,1516499,1163,2185,3962,-1010,-363,-1445,421,-390,-246,61750,0.3777,forrageando
48,1705112400,-158974,1516404,681,2334,3956,-1686,-2958,1191,-270,228,-740,63547,0.4391,forrageando
48,1705112700,-159039,1516521,1260,2219,3966,195,953,-3067,24,-1450,290,55234,0.4532,forrageando
48,1705113000,-158998,1516584,893,2278,3946,-1526,-789,-794,272,149,-174,2527,0.4818,forrageando
48,1705113300,-159026,1516485,1136,2300,3987,1293,2631,-2145,-265,-789,-125,1958,0.3924,forrageando
48,1705113600,-158911,1516487,1227,2147,3925,2184,1779,-1601,699,745,-313,33085,0.4472,forrageando
48,1705113900,-158925,1516466,1493,2148,3954,-3178,-3449,-1378,-390,407,214,47940,0.4135,forrageando
48,1705114200,-158987,1516409,860,2308,3976,764,546,-575,-751,-473,378,2981,0.3615,forrageando
48,1705114500,-158998,1516442,562,2349,3968,-316,-3025,657,-11,-824,-103,21392,0.4103,forrageando
49,1705028400,96735,-432996,822,2235,3976,1197,-952,-499,116,578,-313,55818,0.5691,busca
49,1705028700,96748,-432993,774,2286,3931,1025,-527,-1473,-131,107,107,59278,0.3627,busca
49,1705029000,96704,-433019,512,2381,3938,458,2,140,368,87,11,37967,0.5063,busca
49,1705029300,96729,-433016,1607,2201,3970,211,-827,-845,242,289,-100,1303,0.3529,busca
49,1705029600,96684,-432969,1634,2168,3978,-512,-445,-800,-227,-185,160,64848,0.3833,busca
49,1705029900,96645,-433055,975,2206,3974,157,-1119,43,339,109,-77,4012,0.3245,busca
49,1705030200,96648,-433162,1934,2051,3904,-70,-2658,-1234,-116,205,-178,31946,0.2812,busca
49,1705030500,96698,-433080,837,2354,3950,-37,-1050,-599,70,-192,137,10665,0.4894,busca
49,1705030800,96690,-433014,1326,2221,3935,2452,-655,-323,216,157,-203,7633,0.4115,busca
49,1705031100,96727,-432946,969,2345,3906,-757,-799,-496,-332,71,-148,49090,0.3858,busca
49,1705031400,96728,-432841,1512,2149,3936,-1124,531,-1289,167,235,-120,1286,0.4175,busca
49,1705031700,96734,-432881,1551,2196,3928,-1328,204,-175,165,23,-10,4283,0.3337,busca
49,1705032000,96809,-432847,1252,2242,3923,-1625,61,-758,-3,-19,76,1856,0.5209,busca
49,1705032300,96818,-432847,1480,2093,3967,-651,-410,309,25,-153,-40,30583,0.4661,busca
49,1705032600,96714,-432879,1425,2308,3985,1558,68,167,95,228,-128,12878,0.4306,busca
49,1705032900,96663,-432868,1121,2233,3904,75,335,-727,-79,191,188,15323,0.4367,busca
49,1705033200,96563,-432909,421,2478,3992,227,1225,-180,-161,205,19,9368,0.442,busca
49,1705033500,96662,-432826,824,2326,3976,-377,-615,88,-39,38,-144,63247,0.3931,busca
49,1705033800,96571,-432871,1124,2375,3956,735,323,-669,94,27,-318,39523,0.3766,busca
49,1705034100,96492,-432848,1343,2266,3941,201,-159,797,-151,133,-64,41293,0.3626,busca
49,1705034400,96473,-432902,1571,2227,3984,459,1434,-1384,58,-232,403,32972,0.4557,busca
49,1705034700,96469,-432936,787,2339,3910,285,319,-227,292,64,-43,46932,0.4562,busca
49,1705035000,96450,-432960,1380,2249,3957,-286,-660,206,-95,167,228,32100,0.4224,busca
49,1705035300,96468,-432922,1935,2086,3965,-1030,1162,-1313,-109,-45,157,54644,0.4547,busca
49,1705035600,96441,-432887,1903,2098,3955,72,-64,-94,263,-453,-224,23044,0.4661,busca
49,1705035900,96482,-432913,1402,2178,3982,130,187,-735,-8,-57,-161,12861,0.4795,busca
49,1705036200,96559,-432922,791,2337,3997,2404,216,-514,74,-68,116,14799,0.5849,busca
49,1705036500,96527,-432918,1681,2148,3952,-1414,-243,-485,-33,584,-177,60138,0.3889,busca
49,1705036800,96431,-432946,754,2376,3946,34,76,-1107,-489,13,-62,62517,0.5165,busca
49,1705037100,96441,-432938,1031,2327,3914,22,-282,-253,-130,-213,-126,35551,0.4802,busca
49,1705037400,96398,-432918,1257,2292,3900,276,349,613,-103,46,340,40238,0.5731,busca
49,1705037700,96414,-432931,596,2381,3936,-508,-2272,-167,-276,-22,-241,29078,0.2837,busca
49,1705038000,96305,-432866,594,2348,3943,422,672,-972,148,49,72,49836,0.2904,busca
49,1705038300,96389,-432847,696,2351,3965,1784,198,139,-17,142,-194,9162,0.4581,busca
49,1705038600,96346,-432809,642,2376,3981,1097,560,-570,-205,-33,199,30567,0.5064,busca
49,1705038900,96336,-432781,1264,2280,3933,-662,354,-675,-204,-29,14,48144,0.4941,busca
49,1705039200,96291,-432833,1975,2074,3965,2219,-212,-572,33,88,290,17619,0.6393,busca
49,1705039500,96273,-432802,755,2257,3988,2057,-1833,-1621,-62,-228,-31,14507,0.5144,busca
49,1705039800,96289,-432830,723,2283,3958,679,452,-143,-264,165,-29,30547,0.5426,busca
49,1705040100,96273,-432824,1251,2369,3947,1645,750,-1455,-22,-72,-113,11897,0.4866,busca
49,1705040400,96237,-432786,1869,2040,3903,1829,924,-1208,70,248,-206,56733,0.5266,busca
49,1705040700,96252,-432777,1339,2224,3927,2037,-402,-538,-80,153,-127,12344,0.5247,busca
49,1705041000,96251,-432762,1268,2302,3911,121,-571,347,-436,132,-82,1297,0.4619,busca
49,1705041300,96157,-432836,1190,2331,3927,-1117,296,-1278,-71,-74,151,17112,0.429,busca
49,1705041600,96171,-432753,887,2356,3941,-1028,677,297,135,-99,137,60193,0.457,busca
49,1705041900,96192,-432691,1122,2196,3916,1295,-548,-953,-43,397,13,48650,0.5393,busca
49,1705042200,96214,-432672,720,2342,3979,454,224,126,258,-32,108,51960,0.443,busca
49,1705042500,96254,-432649,1204,2245,3922,1439,651,-134,403,-260,369,23246,0.4519,busca
49,1705042800,96219,-432528,919,2338,3994,1574,-568,-567,-169,-183,86,48272,0.4915,busca
49,1705043100,96169,-432591,539,2402,3932,256,625,-471,-270,-526,-238,53207,0.5227,busca
49,1705043400,96139,-432614,1578,2261,3928,446,1177,-662,153,265,258,17050,0.574,busca
49,1705043700,96154,-432604,391,2306,3955,170,465,-1103,63,160,-10,32974,0.5324,busca
49,1705044000,96134,-432607,1404,2161,3962,1283,-1296,-759,-231,-413,249,8114,0.516,busca
49,1705044300,96182,-432615,1746,2111,3923,-491,-173,-612,-318,-121,233,26177,0.5935,busca
49,1705044600,96151,-432584,1464,2218,3967,-151,-1020,-360,138,168,-47,58931,0.4983,busca
49,1705044900,96065,-432619,881,2365,3979,128,163,-948,-41,53,66,38867,0.4784,busca
49,1705045200,96163,-432676,976,2308,3991,846,645,-1459,337,-189,-175,55823,0.3449,busca
49,1705045500,96073,-432634,925,2341,3961,1424,280,-169,274,-279,-73,13225,0.4972,busca
49,1705045800,96076,-432667,583,2332,3940,1594,-653,-763,-180,15,-153,60256,0.5727,busca
49,1705046100,96065,-432692,387,2397,3911,528,959,-655,7,-4,-241,38874,0.6793,busca
49,1705046400,96076,-432709,525,2398,3953,1395,1098,-292,271,-216,-102,49480,0.5967,busca
49,1705046700,96067,-432697,894,2390,3922,-624,286,-434,84,38,-108,51311,0.3824,busca
49,1705047000,96089,-432652,1518,2108,3914,1776,274,-104,189,134,-114,60449,0.6487,busca
49,1705047300,96062,-432622,577,2425,3983,-755,-613,-827,-298,-304,-92,37613,0.6185,busca
49,1705047600,96080,-432616,973,2252,3995,1093,-1318,17,320,242,109,46486,0.5785,forrageando
49,1705047900,96055,-432625,263,2354,3951,3179,2465,242,-424,899,-443,41390,0.4761,forrageando
49,1705048200,96056,-432601,1447,2173,3945,782,2025,-1463,691,-480,126,31762,0.7045,forrageando
49,1705048500,96046,-432609,228,2424,3985,2033,-1326,-1499,-80,-417,-149,28556,0.5237,forrageando
49,1705048800,96047,-432616,1266,2327,3994,-2889,-1137,-2029,125,1028,-59,37190,0.4864,forrageando
49,1705049100,96009,-432627,1386,2302,3983,5050,-253,-1134,408,88,167,52551,0.6578,forrageando
49,1705049400,95983,-432626,240,2447,3949,2143,312,-255,1490,70,33,23659,0.5185,forrageando
49,1705049700,95960,-432639,1465,2218,3996,-3078,2176,-2283,643,326,378,14843,0.589,forrageando
49,1705050000,95922,-432625,4190,604,3947,-864,1270,-411,404,34,-227,15151,0.5727,forrageando
49,1705050300,95949,-432597,5593,765,3922,2680,4317,-2467,117,1085,36,3000,0.312,forrageando
49,1705050600,95918,-432632,4223,611,3901,3365,-652,-1670,-997,837,0,21701,0.493,forrageando
49,1705050900,95934,-432640,5478,780,3992,2543,130,-2868,-524,-441,-55,5137,0.5431,forrageando
49,1705051200,95894,-432621,7021,832,3996,2451,-825,524,1055,90,684,56589,0.3319,forrageando
49,1705051500,95973,-432771,7652,999,3970,-1750,-3009,-357,175,-382,-394,24381,0.5993,forrageando
49,1705051800,95987,-432806,6688,775,3929,-400,-1520,-1636,-455,-278,-98,6678,0.5648,forrageando
49,1705052100,95952,-432803,3193,542,3903,-5437,-353,-1622,602,152,156,14393,0.6655,forrageando
49,1705052400,95929,-432785,6829,813,3990,1340,793,-1319,75,304,-99,26750,0.4814,forrageando
49,1705052700,95859,-432855,4646,674,3929,1196,-1272,-989,-272,-211,14,19723,0.5569,forrageando
49,1705053000,95900,-432853,5061,727,3913,3353,-3002,-1456,-454,256,106,15217,0.54,forrageando
49,1705053300,95903,-432837,4887,695,3968,-1864,-3233,-327,-173,-217,5,29561,0.5953,forrageando
49,1705053600,95896,-432829,4066,569,3990,-234,-4746,-747,-527,521,-118,1961,0.5231,forrageando
49,1705053900,95876,-432833,3009,481,3974,-1742,104,-200,-171,-128,525,64000,0.6123,forrageando
49,1705054200,95870,-432811,3334,578,3964,286,5147,-676,-183,510,-14,38226,0.6427,forrageando
49,1705054500,95917,-432837,4981,701,3960,-169,-2426,1210,23,91,-221,35961,0.5795,forrageando
49,1705054800,95911,-432825,4011,545,3912,429,-1443,772,-374,-299,147,2707,0.6441,forrageando
49,1705055100,95904,-432803,5580,661,3903,-119,-39,-81,38,279,-63,51676,0.6569,forrageando
49,1705055400,95883,-432796,4240,593,3958,-2044,-638,-848,409,1345,111,43461,0.5728,forrageando
49,1705055700,95863,-432819,4418,622,3946,1425,1014,-754,-787,69,-48,21419,0.2908,forrageando
49,1705056000,95918,-433021,4246,557,3988,2271,2838,2,-257,-754,-282,23512,0.5544,forrageando
49,1705056300,95912,-433024,3567,544,3933,-1259,-3080,-853,380,1151,-66,45746,0.2732,forrageando
49,1705056600,95906,-433177,2552,403,3905,1165,-701,-737,200,179,210,20821,0.4071,forrageando
49,1705056900,96007,-433153,6165,818,3911,1188,2215,-1453,452,-672,-417,40779,0.6709,forrageando
49,1705057200,95989,-433144,3326,566,3987,-1165,-189,-1383,366,-338,171,49439,0.58,forrageando
49,1705057500,95979,-433132,3497,568,3919,-2832,-3040,-2072,1187,-798,117,10969,0.5859,forrageando
49,1705057800,95981,-433105,7208,888,3990,-1115,2544,-874,21,1091,205,28496,0.4012,forrageando
49,1705058100,95961,-433028,3914,534,3965,2733,-1363,-661,-260,-184,-348,33562,0.4781,forrageando
49,1705058400,95864,-432961,7461,941,3991,2314,-1367,305,-443,-803,465,60489,0.4081,forrageando
49,1705058700,95947,-432900,5277,643,3967,-2748,-540,-441,322,-158,-266,21026,0.4348,forrageando
49,1705059000,95981,-432975,5148,704,3973,-1604,1401,-477,-139,-74,158,6267,0.4996,forrageando
49,1705059300,96025,-433027,3649,571,3943,-253,2022,-1522,-416,-55,327,29354,0.6158,forrageando
49,1705059600,96064,-432981,3013,475,3965,-3837,1097,-2681,423,307,531,60728,0.4847,forrageando
49,1705059900,96137,-432953,6068,840,3909,926,3191,455,671,-299,377,44170,0.5488,forrageando
49,1705060200,96149,-432977,5843,894,3962,778,-342,-371,784,213,301,9267,0.5238,forrageando
49,1705060500,96172,-432957,6310,808,3955,724,101,-1417,153,434,-120,62967,0.4158,forrageando
49,1705060800,96100,-432963,2328,372,3972,214,-913,-1666,883,-192,-259,9349,0.4238,forrageando
49,1705061100,96169,-432960,4050,586,3932,962,-970,-8,406,171,-107,38261,0.4677,forrageando
49,1705061400,96107,-432921,5237,732,3991,1268,888,759,-344,-592,111,31333,0.4457,forrageando
49,1705061700,96086,-432900,2709,431,3949,-2451,-825,-763,174,-752,-631,23240,0.463,forrageando
49,1705062000,96071,-432897,5676,673,3950,266,2085,-206,1175,-285,-663,4597,0.5108,forrageando
49,1705062300,96056,-432936,3291,531,3926,1268,-2795,-1374,-135,357,-112,30436,0.5543,forrageando
49,1705062600,96073,-432941,2842,513,3926,840,3786,-1485,207,-658,-234,59381,0.467,forrageando
49,1705062900,96084,-432832,3746,522,3947,395,837,-1735,-778,499,-12,28426,0.5235,forrageando
49,1705063200,96117,-432808,4991,720,3951,-1161,-779,-1369,138,408,26,63541,0.5266,forrageando
49,1705063500,96089,-432794,2752,402,3960,1999,-2235,-2161,410,1160,-49,16295,0.5084,forrageando
49,1705063800,96100,-432765,7130,967,3965,4191,-4277,-2518,108,-94,-65,2096,0.5324,forrageando
49,1705064100,96112,-432766,4867,679,3938,-1468,754,-960,791,32,91,55873,0.5577,forrageando
49,1705064400,96106,-432753,4615,671,3939,-3,-1672,-1248,738,-467,-545,31491,0.3867,forrageando
49,1705064700,96174,-432708,3440,624,3935,1613,2501,-1915,-288,-541,294,62372,0.5003,forrageando
49,1705065000,96154,-432711,2098,519,3958,1701,1453,-1282,-64,314,-283,30102,0.3934,forrageando
49,1705065300,96115,-432692,6972,992,3931,-1717,374,434,219,874,-118,17492,0.3097,forrageando
49,1705065600,96166,-432723,6687,793,3930,-963,3071,1055,-69,655,-25,24912,0.4748,forrageando
49,1705065900,96203,-432703,4904,713,3914,-256,1059,-1408,583,5,115,33362,0.4245,forrageando
49,1705066200,96143,-432733,2654,518,3986,217,2127,-684,-410,107,129,267,0.3815,forrageando
49,1705066500,96219,-432627,7791,962,3942,-687,3595,-296,301,1275,39,35501,0.5043,forrageando
49,1705066800,96249,-432673,4983,645,3917,1857,2760,-2951,-685,197,-246,6129,0.2871,forrageando
49,1705067100,96378,-432605,7145,909,3971,-4637,-322,-1631,86,-941,254,10916,0.4013,forrageando
49,1705067400,96380,-432640,3416,536,3910,2499,591,271,914,0,-232,22563,0.3789,forrageando
49,1705067700,96393,-432614,4648,633,3930,2029,-4149,-1200,681,519,-10,23788,0.4044,forrageando
49,1705068000,96487,-432591,4123,660,3908,2939,-2756,1378,790,-385,241,46527,0.4729,forrageando
49,1705068300,96460,-432601,7914,911,3922,1139,-195,-485,-455,-591,90,15522,0.3763,forrageando
49,1705068600,96325,-432623,7169,880,3919,1797,-369,-798,-756,574,124,61279,0.3729,forrageando
49,1705068900,96350,-432638,3414,534,3992,-2311,2348,-762,-115,916,-129,39744,0.326,forrageando
49,1705069200,96387,-432760,2837,435,3984,4207,-1549,-519,227,-214,252,39711,0.4607,forrageando
49,1705069500,96315,-432729,4914,647,3995,-2871,-761,1394,540,-149,190,6262,0.4631,forrageando
49,1705069800,96280,-432770,6218,854,3982,-1436,-563,2178,596,-107,67,6471,0.4051,forrageando
49,1705070100,96303,-432723,5838,660,3977,-424,-910,-742,488,-328,279,17533,0.294,forrageando
49,1705070400,96374,-432729,4538,678,3915,-515,-59,150,-597,-806,-358,55142,0.3534,forrageando
49,1705070700,96298,-432709,6783,913,3956,-4742,-2304,-1707,-347,-395,5,44985,0.4085,forrageando
49,1705071000,96384,-432704,3493,556,3923,-901,936,-484,1053,-544,-118,31910,0.3447,forrageando
49,1705071300,96356,-432662,5231,764,3926,-821,-834,-1155,601,-484,-20,61735,0.2783,forrageando
49,1705071600,96332,-432741,2661,452,3977,-304,-2528,534,362,504,-141,35561,0.4676,forrageando
49,1705071900,96212,-432735,4644,686,3942,478,-685,101,-421,-575,198,51222,0.3462,forrageando
49,1705072200,96211,-432787,7523,967,3915,-1871,1087,766,639,-328,-450,65484,0.3628,forrageando
49,1705072500,96142,-432786,3652,524,3906,-1040,222,-1263,378,197,383,5500,0.3748,forrageando
49,1705072800,96076,-432811,5391,697,3947,-1839,-1086,313,624,-74,48,23811,0.2523,forrageando
49,1705073100,96032,-432796,2330,425,3983,1717,1308,-792,406,94,-95,65085,0.2814,forrageando
49,1705073400,96157,-432897,2012,453,3998,-314,603,-1246,-215,-23,298,50058,0.386,forrageando
49,1705073700,96215,-432903,6275,840,3917,-138,1556,650,201,356,-559,8607,0.3332,forrageando
49,1705074000,96190,-432956,6590,950,3986,2024,2990,-108,113,-926,-277,540,0.2857,forrageando
49,1705074300,96255,-432858,4973,763,3912,-2288,1545,-1541,1205,137,181,5953,0.3322,forrageando
49,1705074600,96290,-432868,7421,1008,3962,3881,-3231,-1737,-294,-323,-460,32320,0.274,forrageando
49,1705074900,96265,-432900,3927,509,3951,973,1315,-1539,-369,-847,7,11730,0.3645,forrageando
49,1705075200,96292,-432852,2892,460,3993,-2986,-942,-1116,-502,294,-83,25208,0.2553,forrageando
49,1705075500,96241,-432751,4344,634,3952,-458,0,-518,-861,-204,95,53791,0.452,forrageando
49,1705075800,96204,-432795,5120,685,3930,3347,519,-1475,-7,-81,287,29435,0.2855,forrageando
49,1705076100,96317,-432941,4831,634,3924,3135,3021,-2359,485,289,-112,30990,0.2663,forrageando
49,1705076400,96420,-432870,5744,803,3917,787,1109,-209,-1166,-117,-215,25075,0.3833,forrageando
49,1705076700,96380,-432937,7158,968,3987,-2173,-323,-1141,378,-492,83,38339,0.3238,forrageando
49,1705077000,96449,-432998,2644,445,3934,-1394,2287,-737,-349,-752,-394,33644,0.3386,forrageando
49,1705077300,96317,-432953,4230,511,3927,-217,-38,-951,-786,330,182,32613,0.3543,forrageando
49,1705077600,96280,-432900,6750,850,3963,-1508,1572,-540,64,432,141,64991,0.3914,forrageando
49,1705077900,96314,-432926,3700,514,3959,2467,986,-181,693,-255,-530,17199,0.3403,forrageando
49,1705078200,96432,-433013,3106,1868,3984,64,-1267,-548,-239,69,-147,21769,0.2603,busca
49,1705078500,96411,-433079,84,2461,3923,919,33,129,-16,43,23,21841,0.2968,transitando
49,1705078800,96525,-433006,269,2389,3987,1760,-565,-30,56,-34,-23,14540,0.381,transitando
49,1705079100,96494,-433051,134,2544,3938,936,-233,-231,-229,-59,-47,32424,0.3156,transitando
49,1705079400,96623,-433098,233,2437,3992,788,-55,-57,-2,-116,59,1005,0.2005,transitando
49,1705079700,96577,-432962,216,2592,3993,1207,50,-370,17,-108,-60,29359,0.253,transitando
49,1705080000,96637,-433064,53,2443,3936,1166,135,-154,-33,-88,30,38856,0.2324,transitando
49,1705080300,96490,-433080,439,2418,3916,359,119,-271,-43,32,11,31421,0.2746,transitando
49,1705080600,96515,-433001,340,2472,3984,1015,235,93,106,39,47,8897,0.3164,transitando
49,1705080900,96421,-432912,82,2443,3956,869,850,-62,-199,143,12,3013,0.2435,transitando
49,1705081200,96326,-432996,245,2506,3988,1819,-216,-42,102,230,62,803,0.2607,transitando
49,1705081500,96429,-433022,78,2478,3974,735,28,12,-82,24,41,22928,0.2636,transitando
49,1705081800,96428,-433107,113,2622,3932,813,25,-330,-55,-107,-24,24008,0.2647,transitando
49,1705082100,96510,-433199,424,2432,3940,1225,-439,14,-29,34,-87,5283,0.2846,transitando
49,1705082400,96594,-433257,175,2409,3987,1182,298,11,160,-91,-38,34402,0.2796,transitando
49,1705082700,96492,-433274,75,2446,3987,537,-348,-302,86,26,45,38300,0.2619,transitando
49,1705083000,96557,-433189,369,2507,3897,2043,144,-32,125,-21,51,24657,0.2036,transitando
49,1705083300,96524,-433266,396,2391,3967,1159,-442,-178,-118,64,-30,33637,0.2224,transitando
49,1705083600,96432,-433228,428,2393,3975,56,-110,-204,151,-129,52,4407,0.2878,transitando
49,1705083900,96299,-433243,236,2414,3954,636,383,-19,56,-3,32,7652,0.4666,transitando
49,1705084200,96363,-433293,246,2499,3927,771,-272,77,-25,57,20,56721,0.3557,transitando
49,1705084500,96329,-433226,467,2425,3986,424,-49,126,70,-41,-37,43548,0.3454,transitando
49,1705084800,96355,-433103,369,2339,3960,1139,-203,60,122,38,19,35978,0.2714,transitando
49,1705085100,96402,-433200,446,2446,3950,848,70,42,-74,-159,34,51115,0.3294,transitando
49,1705085400,96411,-433063,421,2531,3951,981,127,-76,7,-105,29,19214,0.3712,transitando
49,1705085700,96385,-433120,403,2379,3924,-137,98,-253,0,69,-5,61605,0.2882,transitando
49,1705086000,96438,-433222,155,2478,3993,1183,252,241,31,18,0,11362,0.2632,transitando
49,1705086300,96372,-433137,77,2513,3957,1704,-174,-336,-166,-206,-12,17046,0.2559,transitando
49,1705086600,96423,-433032,237,2422,3965,1486,32,266,90,12,8,53344,0.2964,transitando
49,1705086900,96341,-433115,166,2469,3899,722,-311,-55,77,-50,-5,61287,0.3174,transitando
49,1705087200,96267,-433212,290,2511,3970,523,835,50,-109,-13,13,39733,0.312,transitando
49,1705087500,96212,-433334,241,2564,3919,549,155,-133,84,57,-39,9696,0.3093,transitando
49,1705087800,96213,-433465,217,2529,3909,1070,-583,317,149,-20,-23,44373,0.2803,transitando
49,1705088100,96129,-433518,494,2319,3924,1285,74,-151,-39,-63,70,41548,0.3889,transitando
49,1705088400,96197,-433577,347,2393,3966,682,141,164,-105,-137,-29,12396,0.3747,transitando
49,1705088700,96128,-433663,61,2502,3957,972,-263,-82,-158,-15,40,1320,0.2866,transitando
49,1705089000,96237,-433548,456,2382,3952,2208,96,48,149,247,5,55499,0.4105,transitando
49,1705089300,96160,-433494,109,2551,3907,622,-230,-42,34,269,17,43390,0.3096,transitando
49,1705089600,96070,-433568,111,2472,3959,474,-482,61,97,-18,6,16948,0.3319,transitando
49,1705089900,96048,-433686,142,2467,3976,1108,584,-148,65,-36,23,4108,0.3667,transitando
49,1705090200,96062,-433607,257,2502,3910,991,-57,-6,96,94,-96,5586,0.3228,transitando
49,1705090500,95971,-433621,363,2423,3941,842,154,-18,-8,-30,17,51445,0.2293,transitando
49,1705090800,96065,-433603,238,2508,3976,745,-359,41,49,68,57,34797,0.319,transitando
49,1705091100,96180,-433614,422,2478,3956,643,483,28,98,139,-30,54070,0.3043,transitando
49,1705091400,96238,-433496,254,2433,3929,1857,627,-129,-72,-29,-2,34248,0.404,transitando
49,1705091700,96264,-433440,280,2444,3956,1192,-366,209,-184,-142,-31,38664,0.3526,transitando
49,1705092000,96217,-433441,260,2537,3962,1681,225,277,5,66,14,12042,0.4192,transitando
49,1705092300,96302,-433401,324,2554,3936,1831,-406,-72,31,-64,49,19809,0.4433,transitando
49,1705092600,96262,-433467,104,2551,3956,729,718,-18,-14,101,89,65160,0.3756,transitando
49,1705092900,96229,-433432,362,2417,3941,872,-566,-53,-37,37,-47,5123,0.3312,transitando
49,1705093200,96141,-433391,415,2446,3985,1032,-473,89,56,-2,3,50478,0.3951,transitando
49,1705093500,96110,-433426,323,2415,3945,1548,481,-235,83,5,5,60641,0.4115,transitando
49,1705093800,96069,-433487,60,2489,3982,1022,460,43,-37,238,11,37769,0.3983,transitando
49,1705094100,96174,-433486,449,2383,3902,846,-474,5,42,-62,-13,26644,0.2685,transitando
49,1705094400,96051,-433537,77,2508,3959,317,126,-204,91,65,-6,9422,0.338,transitando
49,1705094700,95935,-433623,397,2456,3946,1711,88,0,-32,-139,-39,16392,0.2776,transitando
49,1705095000,96050,-433577,52,2436,3972,1901,-869,-144,-127,233,37,45368,0.4047,transitando
49,1705095300,95985,-433593,402,2442,3953,1530,-274,221,65,14,11,19387,0.3699,transitando
49,1705095600,96011,-433629,165,2542,3979,494,57,2,-210,-52,44,6388,0.2519,transitando
49,1705095900,95905,-433568,253,2378,3916,1712,-37,168,-12,12,19,61880,0.3398,transitando
49,1705096200,96017,-433543,156,2441,3991,906,-46,225,195,-144,28,59895,0.4638,transitando
49,1705096500,95966,-433525,444,2419,3898,835,-85,-171,-104,-143,-11,56396,0.4134,transitando
49,1705096800,96052,-433510,225,2500,3978,678,-286,-34,40,-36,-49,40775,0.3839,transitando
49,1705097100,95960,-433495,499,2278,3927,702,-507,38,44,85,-50,24086,0.4111,transitando
49,1705097400,95875,-433491,152,2560,3981,958,-7,-97,50,0,14,53535,0.334,transitando
49,1705097700,95974,-433547,468,2474,3973,1365,-363,-152,71,106,18,39692,0.3381,transitando
49,1705098000,95866,-433659,421,2412,3938,1542,-163,231,9,-32,-19,50865,0.4112,transitando
49,1705098300,95883,-433722,171,2522,3898,1083,231,287,72,8,15,57648,0.2981,transitando
49,1705098600,95790,-433670,262,2419,3918,1488,-326,-60,44,-103,-59,47433,0.3815,transitando
49,1705098900,95764,-433753,465,2383,3900,1128,-219,-218,-79,132,93,41616,0.334,transitando
49,1705099200,95668,-433858,258,2501,3929,1055,330,152,-31,129,-3,44524,0.2858,transitando
49,1705099500,95557,-433946,479,2385,3967,1153,35,49,-100,82,125,10027,0.3502,transitando
49,1705099800,95512,-433897,129,2465,3965,1884,139,56,-119,77,-64,9544,0.3256,transitando
49,1705100100,95626,-433840,251,2468,3970,1500,-569,-87,148,-129,-48,59622,0.4694,transitando
49,1705100400,95586,-433807,298,2418,3934,1121,65,-211,-57,-96,-6,13357,0.2926,transitando
49,1705100700,95678,-433853,190,2484,3928,1152,229,-79,105,-163,42,38185,0.3978,transitando
49,1705101000,95626,-433818,390,2363,3990,2076,149,-126,51,-65,-60,8473,0.3688,transitando
49,1705101300,95616,-433933,200,2442,3958,303,-128,-105,91,17,0,23648,0.3342,transitando
49,1705101600,95499,-433930,409,2461,3925,919,20,141,-43,-64,-63,31155,0.2354,transitando
49,1705101900,95591,-433866,174,2469,3936,394,42,106,76,-59,75,15861,0.37,transitando
49,1705102200,95629,-433924,283,2460,3933,465,-59,-54,208,-13,18,811,0.374,transitando
49,1705102500,95565,-433857,451,2404,3996,846,-459,2,-83,117,-25,53325,0.2702,transitando
49,1705102800,95701,-433835,319,2378,3901,1713,-144,17,95,64,3,33393,0.2778,transitando
49,1705103100,95789,-433914,446,2414,3952,385,-363,209,52,-45,-64,52461,0.4094,transitando
49,1705103400,95845,-433882,267,2444,3915,1533,-25,-154,180,121,-9,47998,0.4866,transitando
49,1705103700,95898,-433837,250,2422,3945,1304,-179,-326,-106,-19,39,63325,0.366,transitando
49,1705104000,95883,-433776,396,2472,3976,881,-109,185,-44,-53,-15,23844,0.4523,transitando
49,1705104300,95831,-433831,163,2416,3910,1567,-90,-232,-74,5,6,53415,0.4789,transitando
49,1705104600,95879,-433882,332,2383,3968,1580,-451,-73,-126,-56,-24,44728,0.3685,transitando
49,1705104900,95814,-433966,499,2432,3916,860,554,141,103,-19,-41,36841,0.3535,transitando
49,1705105200,95842,-433887,441,2382,3925,634,327,-17,-187,159,88,1815,0.3897,transitando
49,1705105500,95913,-433867,436,2431,3964,740,-67,-173,128,-238,11,60758,0.3491,transitando
49,1705105800,95882,-433968,231,2430,3926,1766,255,-18,42,-62,-58,18362,0.3597,transitando
49,1705106100,95827,-433917,375,2393,3940,1216,-231,-15,-196,34,39,904,0.5062,transitando
49,1705106400,95867,-433916,125,2544,3970,1517,-330,-149,87,-42,9,39657,0.4451,transitando
49,1705106700,95828,-433951,111,2429,3944,1844,238,258,28,158,-4,30573,0.4095,transitando
49,1705107000,95887,-434016,481,2464,3901,1159,-296,-121,8,-156,5,28170,0.3566,transitando
49,1705107300,95810,-433966,286,2465,3905,1108,-446,55,20,-115,1,37217,0.366,transitando
49,1705107600,95871,-433867,113,2442,3974,952,-63,-41,62,130,-44,64291,0.3964,transitando
49,1705107900,95911,-433975,383,2384,3938,1165,-347,308,-14,54,-27,4095,0.3412,transitando
49,1705108200,95831,-433874,262,2437,3987,1490,-187,-228,-81,-95,40,21205,0.3963,transitando
49,1705108500,95880,-433943,226,2436,3919,654,41,207,-87,-16,83,11914,0.4127,transitando
49,1705108800,95952,-433983,336,2423,3955,846,-570,201,21,-24,-76,55484,0.4165,transitando
49,1705109100,95954,-433900,209,2373,3959,1129,-171,68,-18,0,22,5880,0.5644,transitando
49,1705109400,95928,-433922,496,2453,3942,1062,110,126,-163,-75,-25,1259,0.4324,transitando
49,1705109700,95892,-433965,317,2446,3953,1579,53,35,-44,172,-91,37694,0.2617,transitando
49,1705110000,96020,-434007,284,2551,3994,1627,-38,154,204,31,-88,51648,0.286,transitando
49,1705110300,95964,-433871,109,2445,3941,1158,455,173,-74,36,-59,7794,0.5187,transitando
49,1705110600,95983,-433895,443,2409,3945,814,61,-160,-45,24,-63,9492,0.4871,transitando
49,1705110900,95988,-433773,149,2467,3975,1887,-49,-291,-127,10,90,60857,0.381,transitando
49,1705111200,95945,-433827,460,2423,3975,1583,-11,163,-87,-57,41,50921,0.5322,transitando
49,1705111500,95987,-433827,74,2504,3944,807,-548,-8,-72,-31,75,9825,0.4344,transitando
49,1705111800,96053,-433841,406,2437,3991,1157,479,77,-126,-45,22,18342,0.4608,transitando
49,1705112100,96104,-433842,188,2523,3969,1069,-326,-95,-39,-45,70,62530,0.4832,transitando
49,1705112400,96053,-433840,494,2376,3918,1418,-56,-187,196,-54,-93,5497,0.3754,transitando
49,1705112700,95949,-433786,456,2380,3994,1629,88,34,-39,-28,-90,54939,0.433,transitando
49,1705113000,95997,-433748,394,2323,3985,-230,-499,-48,-140,-148,26,65174,0.4791,transitando
49,1705113300,95925,-433768,160,2401,3968,628,760,-252,42,-78,29,30072,0.4858,transitando
49,1705113600,96002,-433768,223,2479,3985,645,152,-94,304,6,-62,42659,0.4085,transitando
49,1705113900,95948,-433781,164,2457,3936,1537,38,50,54,107,-34,17160,0.3605,transitando
49,1705114200,95909,-433829,401,2366,3983,1031,-176,-155,-100,53,-34,20391,0.4831,transitando
49,1705114500,95838,-433888,209,2470,3929,1395,230,-40,-22,29,45,3105,0.3812,transitando
50,1705028400,250978,632881,1685,2130,3908,-181,-232,-502,-56,372,50,18365,0.4115,busca
50,1705028700,251046,632833,1523,2191,3934,-683,-453,-344,-134,95,144,54715,0.5408,busca
50,1705029000,251071,632830,805,2351,3912,1245,620,-277,65,-335,-33,15101,0.3129,busca
50,1705029300,250992,632806,593,2401,3938,2030,-349,-454,287,-238,43,39316,0.3341,busca
50,1705029600,251139,632864,452,2252,3909,1719,-1571,-903,327,183,-330,29577,0.4498,busca
50,1705029900,251213,632768,351,2387,3907,298,-663,-552,-19,-67,235,19919,0.4381,busca
50,1705030200,251243,632711,611,2487,3924,1338,-511,-811,34,182,119,17043,0.4368,busca
50,1705030500,251302,632605,1858,2098,3977,-9,565,10,-66,63,-273,15286,0.4939,busca
50,1705030800,251352,632604,1511,2176,3955,456,83,-22,328,-108,6,55414,0.4129,busca
50,1705031100,251391,632630,455,2469,3915,87,348,-1208,-217,8,-82,34387,0.3563,busca
50,1705031400,251305,632648,518,2463,3970,869,353,-235,37,-261,-302,34250,0.5208,busca
50,1705031700,251290,632665,1014,2343,3922,80,-35,-486,-12,-80,-73,27140,0.5606,busca
50,1705032000,251235,632661,816,2432,3944,88,-532,162,-34,-155,70,60272,0.3833,busca
50,1705032300,251253,632694,1911,2077,3937,-265,-615,-10,-252,-48,-7,12290,0.438,busca
50,1705032600,251216,632657,1687,2158,3951,405,502,439,22,-96,218,34070,0.3562,busca
50,1705032900,251182,632651,1143,2225,3923,2790,-692,427,60,120,-148,28909,0.5354,busca
50,1705033200,251177,632700,1294,2350,3969,1567,274,477,-251,-314,54,9872,0.3946,busca
50,1705033500,251121,632597,1841,2039,3919,-935,1412,-1290,73,-4,52,30889,0.5314,busca
50,1705033800,251110,632607,856,2331,3995,-1819,943,-470,176,30,37,64984,0.3541,busca
50,1705034100,251047,632666,1640,2215,3919,1081,-27,325,-26,-137,-23,40717,0.4434,busca
50,1705034400,251048,632598,881,2283,3913,1339,1079,-540,-133,190,108,4115,0.3555,busca
50,1705034700,250933,632640,532,2379,3969,492,-669,-370,5,-524,103,64072,0.3982,busca
50,1705035000,250881,632632,1747,2205,3971,46,-912,-362,105,-406,73,28292,0.4543,busca
50,1705035300,250821,632680,1711,2152,3936,2193,1077,-111,80,-148,-40,36661,0.3324,busca
50,1705035600,250731,632648,887,2341,3914,262,-426,109,-103,-10,-150,20532,0.4282,busca
50,1705035900,250739,632743,1602,2216,3902,443,-213,-460,-101,130,-51,45060,0.6038,busca
50,1705036200,250770,632703,815,2344,3910,931,962,30,150,-42,-71,18696,0.596,busca
50,1705036500,250775,632724,1555,2148,3989,-176,421,-444,124,83,-128,32492,0.5685,busca
50,1705036800,250779,632711,582,2420,3968,2319,681,923,-109,368,-150,20774,0.4139,busca
50,1705037100,250762,632770,1704,2129,3960,252,812,-417,-40,-269,129,64209,0.5025,busca
50,1705037400,250770,632805,1240,2267,3979,24,-891,-951,-9,378,-72,54001,0.3528,busca
50,1705037700,250836,632812,1227,2285,3998,-759,6,-879,-128,128,-76,34622,0.4093,busca
50,1705038000,250896,632864,603,2395,3978,-285,-96,-536,-4,108,185,58129,0.4368,busca
50,1705038300,250808,632892,1077,2315,3961,-1234,-1048,-660,-175,-10,176,47142,0.5022,busca
50,1705038600,250788,632864,428,2380,3912,1674,667,484,32,-17,-172,36958,0.3056,busca
50,1705038900,250954,632870,918,2346,3906,670,-811,-347,-53,-381,128,64364,0.5354,busca
50,1705039200,250949,632862,1950,2057,3908,-1418,2323,-383,-121,-169,210,46978,0.4434,busca
50,1705039500,250944,632803,1805,2070,3957,1988,16,-1026,395,-126,4,35055,0.5546,busca
50,1705039800,250959,632798,978,2272,3951,898,698,-602,160,329,189,31970,0.4703,busca
50,1705040100,250988,632898,1282,2131,3985,965,31,-344,328,78,-134,30637,0.4777,busca
50,1705040400,250992,632960,1646,2113,3950,120,50,-412,-302,-365,82,33819,0.4839,busca
50,1705040700,251083,632936,758,2324,3941,668,934,-291,0,21,92,35300,0.4716,busca
50,1705041000,251054,632987,313,2496,3961,427,1106,-164,-242,-261,59,22066,0.5087,busca
50,1705041300,251063,632974,1948,2040,3903,771,-1162,-450,44,171,-230,8930,0.4595,busca
50,1705041600,250986,632949,489,2328,3978,197,-746,-849,441,-227,164,64824,0.4141,busca
50,1705041900,251115,632936,1027,2369,3962,399,325,-704,-178,-410,128,47596,0.4238,busca
50,1705042200,251114,632864,1649,2112,3960,2023,32,-452,56,139,121,50746,0.3944,busca
50,1705042500,251027,632870,635,2362,3929,138,-1764,-122,41,67,-88,41016,0.4102,busca
50,1705042800,250989,632899,456,2376,3988,2117,794,-141,0,-127,182,54642,0.4689,busca
50,1705043100,250922,632908,1927,2081,3966,55,234,-1024,-120,-190,-156,51465,0.3921,busca
50,1705043400,250855,633032,1881,2129,3939,1629,11,-877,-53,-325,-61,62528,0.5076,busca
50,1705043700,250827,633033,1249,2169,3948,2126,223,-401,142,209,-167,37143,0.5022,busca
50,1705044000,250826,632976,404,2479,3931,-335,-674,-851,-60,150,-137,3896,0.4552,busca
50,1705044300,250940,632934,1152,2252,3935,-1115,474,-59,-65,30,-17,8287,0.5667,busca
50,1705044600,250901,632915,807,2319,3930,2463,-1219,-489,138,-276,171,24831,0.433,busca
50,1705044900,250895,632877,1395,2276,3977,-523,46,-799,75,-121,335,22105,0.4423,busca
50,1705045200,250954,632851,506,2409,3957,-140,173,-368,-19,185,122,64342,0.5255,busca
50,1705045500,250934,632856,1004,2291,3952,-622,-2294,-2687,-250,-318,280,40173,0.5815,forrageando
50,1705045800,250898,632875,1440,2199,3944,2629,-2922,-2647,124,125,404,10270,0.521,forrageando
50,1705046100,250843,632841,1081,2259,3956,1930,-2501,-3796,380,-526,-34,57616,0.5713,forrageando
50,1705046400,250840,632863,1365,2284,3919,-257,-311,-1668,454,417,272,24548,0.472,forrageando
50,1705046700,250772,632836,634,2301,3953,169,-4508,-442,499,42,255,54057,0.4911,forrageando
50,1705047000,250787,632980,1416,2221,3984,499,542,-2358,429,-563,386,63576,0.5922,forrageando
50,1705047300,250801,632969,967,2275,3944,1364,-1742,-558,418,593,-118,27737,0.5463,forrageando
50,1705047600,250805,632954,997,2270,3934,3976,-2817,-243,574,-1068,-424,8141,0.5277,forrageando
50,1705047900,250794,632964,665,2381,3974,930,-179,-2368,334,-424,104,33501,0.5614,forrageando
50,1705048200,250836,632977,956,2318,3962,2509,2052,-1091,539,-572,-58,41440,0.5743,forrageando
50,1705048500,250808,632928,872,2379,3953,2343,-572,-653,-553,207,351,40763,0.4977,forrageando
50,1705048800,250798,632907,856,2300,3907,-2200,-3272,-2225,-769,911,-29,57902,0.563,forrageando
50,1705049100,250829,632905,1484,2242,3954,3971,-190,-1242,89,-278,334,49081,0.508,forrageando
50,1705049400,250853,632898,742,2343,3933,5,3252,-2403,-939,-346,0,46227,0.5148,forrageando
50,1705049700,250818,632937,213,2490,3928,-4137,969,-2894,377,-135,-282,18697,0.6223,forrageando
50,1705050000,250847,632898,2593,486,3952,1179,-271,-241,153,-322,-247,22066,0.5338,forrageando
50,1705050300,250857,632909,5423,762,3951,-1063,597,-905,-128,-145,380,20980,0.7286,forrageando
50,1705050600,250856,632918,7642,974,3917,-1073,-1960,-1109,175,-351,65,22603,0.5306,forrageando
50,1705050900,250833,632897,6111,789,3963,-1547,3175,56,543,246,428,63732,0.4627,forrageando
50,1705051200,250872,632975,2154,521,3944,1178,-4685,405,339,-195,96,19221,0.5109,forrageando
50,1705051500,250868,632987,3364,593,3952,2115,892,-207,359,85,149,6102,0.5571,forrageando
50,1705051800,250874,632985,6939,914,3913,-1388,-845,885,55,-254,-610,23419,0.5586,forrageando
50,1705052100,250827,632982,4140,587,3914,-333,-740,-2167,-231,65,-181,55502,0.5716,forrageando
50,1705052400,250850,633007,6547,904,3909,163,689,-203,-154,-724,-299,35303,0.5323,forrageando
50,1705052700,250882,633027,7123,992,3918,2103,-1830,-2233,-663,197,251,31656,0.5975,forrageando
50,1705053000,250856,633016,3775,552,3949,-390,-2482,-1315,-533,80,652,47981,0.482,forrageando
50,1705053300,250908,632969,6615,826,3952,-2541,-1953,670,-183,44,85,18616,0.5328,forrageando
50,1705053600,250902,632956,5216,790,3987,643,-1301,-1706,532,-253,509,41146,0.6847,forrageando
50,1705053900,250937,632922,4392,647,3949,-1090,904,-418,128,160,-189,34157,0.5548,forrageando
50,1705054200,250952,632912,5512,767,3979,-567,2743,-2469,172,548,150,22923,0.5589,forrageando
50,1705054500,250942,632964,5646,727,3942,741,-1739,-2173,-177,-172,645,14470,0.4799,forrageando
50,1705054800,251083,633028,4126,561,3973,1804,1774,-1529,108,-282,238,5651,0.4886,forrageando
50,1705055100,250960,633001,4374,578,3972,-2593,2520,-2909,-364,960,-68,35792,0.529,forrageando
50,1705055400,250966,632981,7289,885,3949,-1035,2477,-1351,-472,-361,-52,61726,0.669,forrageando
50,1705055700,250955,632986,3424,457,3977,-2554,2440,-1588,-915,-608,-165,35447,0.5872,forrageando
50,1705056000,250971,633020,4794,587,3998,369,-1602,-1301,90,-304,158,8161,0.5889,forrageando
50,1705056300,250956,633026,3508,588,3992,-896,3782,-227,1110,-229,-141,32241,0.6452,forrageando
50,1705056600,250955,632976,6422,925,3968,-3170,-138,-1435,243,-862,-104,61920,0.4636,forrageando
50,1705056900,251020,632946,5681,758,3982,1987,-589,-758,959,301,160,47817,0.5547,forrageando
50,1705057200,251048,632994,5238,658,3943,-963,2644,1215,263,-894,-77,26278,0.5296,forrageando
50,1705057500,251053,632974,2169,442,3976,-1840,214,453,221,-11,-536,35124,0.4251,forrageando
50,1705057800,251062,633036,3341,456,3939,2237,331,946,-477,470,124,32707,0.5452,forrageando
50,1705058100,251054,633035,3592,464,3915,1054,1659,271,-131,-767,-112,37768,0.3816,forrageando
50,1705058400,251107,632924,7866,930,3960,387,2357,282,-64,336,-60,47086,0.541,forrageando
50,1705058700,251116,632933,7712,998,3932,147,-869,-1223,-253,-43,286,53972,0.631,forrageando
50,1705059000,251119,632943,3162,487,3916,-4872,339,-3817,445,-203,115,49808,0.5301,forrageando
50,1705059300,251100,632949,5138,702,3929,-1245,-693,-1205,175,619,306,44174,0.477,forrageando
50,1705059600,251082,632902,5200,815,3983,316,762,-1649,-710,600,268,47020,0.497,forrageando
50,1705059900,251052,632911,5433,712,3971,-24,983,-465,927,-3,149,22057,0.4379,forrageando
50,1705060200,251210,632882,6809,882,3911,330,-403,-1358,144,1546,199,27120,0.5045,forrageando
50,1705060500,251220,632867,4513,615,3971,1862,229,-1467,-620,-76,-531,49340,0.4694,forrageando
50,1705060800,251256,632848,6949,945,3960,-1868,1202,-621,-299,278,680,23374,0.5711,forrageando
50,1705061100,251264,632869,2663,478,3934,-1596,47,-282,744,-85,94,48971,0.5121,forrageando
50,1705061400,251283,632860,6534,854,3939,61,-944,-981,-451,380,-135,31569,0.3578,forrageando
50,1705061700,251278,632828,5567,693,3922,2678,2406,-2121,-937,394,-539,35033,0.6192,forrageando
50,1705062000,251285,632819,6204,728,3965,-1221,-1838,-922,-63,-471,-163,58558,0.3613,forrageando
50,1705062300,251347,632712,6935,962,3955,3684,977,-1297,801,-698,504,37507,0.5253,forrageando
50,1705062600,251360,632690,7702,939,3982,-1804,1138,-1558,183,85,45,32353,0.4569,forrageando
50,1705062900,251454,632653,7381,915,3959,2640,612,-1094,-836,-696,-158,22881,0.5625,forrageando
50,1705063200,251459,632650,7611,906,3995,-1290,-1856,-89,107,327,184,4535,0.5393,forrageando
50,1705063500,251454,632626,7302,912,3928,894,1922,-527,-418,970,480,52634,0.5042,forrageando
50,1705063800,251481,632602,5552,802,3905,1361,-2561,-1404,700,-433,99,51136,0.397,forrageando
50,1705064100,251546,632580,4777,711,3979,-1835,-399,-1943,-28,-362,-52,43818,0.4956,forrageando
50,1705064400,251519,632550,2963,524,3913,-72,-1698,-851,465,-104,178,5680,0.459,forrageando
50,1705064700,251539,632519,4703,649,3972,2000,1025,-1162,155,-447,-76,15160,0.3528,forrageando
50,1705065000,251553,632450,5376,691,3957,-297,1069,-4205,463,-16,646,33841,0.3176,forrageando
50,1705065300,251597,632372,2689,573,3950,697,1351,-1547,-388,-92,199,7718,0.3327,forrageando
50,1705065600,251664,632398,7075,995,3932,-1804,1103,-1360,-656,479,-802,32247,0.2603,forrageando
50,1705065900,251537,632316,2078,384,3976,-363,3770,-1883,246,1313,-57,44270,0.3742,forrageando
50,1705066200,251578,632319,6771,842,3903,975,522,-902,241,-571,231,6434,0.5106,forrageando
50,1705066500,251561,632324,6551,898,3970,-1020,-1185,-2801,-290,98,-40,25735,0.3527,forrageando
50,1705066800,251510,632241,7391,959,3982,-1613,238,-1069,220,37,-185,18163,0.3888,forrageando
50,1705067100,251542,632279,5625,708,3936,1365,-519,-1164,-581,-459,-377,11086,0.4549,forrageando
50,1705067400,251506,632324,7717,837,3921,3124,-725,-1883,161,408,-23,46158,0.5457,forrageando
50,1705067700,251538,632298,5689,762,3972,1187,2645,-568,585,637,-93,37728,0.3707,forrageando
50,1705068000,251507,632225,7530,1045,3950,-79,-420,-269,174,-708,53,33293,0.4218,forrageando
50,1705068300,251483,632306,3531,572,3941,-1870,2517,-805,210,-427,88,9073,0.3064,forrageando
50,1705068600,251422,632423,7214,954,3988,665,2259,-1069,515,-210,112,43886,0.3783,forrageando
50,1705068900,251487,632338,7836,920,3926,-1609,-1211,980,-32,-319,-40,2349,0.419,forrageando
50,1705069200,251559,632368,3468,541,3982,302,-2574,-1173,-11,-722,-722,10700,0.502,forrageando
50,1705069500,251552,632382,6546,937,3997,2429,370,11,298,-60,111,53115,0.2761,forrageando
50,1705069800,251609,632355,5372,727,3955,-3118,-1506,-1277,277,456,-301,4199,0.3169,forrageando
50,1705070100,251688,632519,7618,927,3978,2660,-2987,-521,463,666,-194,33954,0.3701,forrageando
50,1705070400,251720,632508,5372,663,3906,-2047,4626,850,529,157,-201,58893,0.3321,forrageando
50,1705070700,251628,632545,5104,723,3915,-1488,-828,502,-307,-177,-81,25790,0.4314,forrageando
50,1705071000,251693,632511,7365,920,3902,-2158,-485,-20,40,132,374,11510,0.4689,forrageando
50,1705071300,251727,632424,7665,983,3954,-2022,254,-2548,-1093,560,-149,55097,0.3281,forrageando
50,1705071600,251665,632295,3852,562,3914,1512,-114,-1674,-8,-4,-588,57003,0.3747,forrageando
50,1705071900,251672,632404,3606,479,3904,2316,-1501,-1885,-466,-696,180,18864,0.4141,forrageando
50,1705072200,251644,632420,2863,561,3953,-960,1883,-954,217,-490,-398,44937,0.3707,forrageando
50,1705072500,251577,632404,5233,791,3979,-578,3158,1120,-219,-668,100,31151,0.2519,forrageando
50,1705072800,251579,632468,6386,786,3983,-771,-5872,-3187,63,923,181,64268,0.3697,forrageando
50,1705073100,251482,632499,5650,773,3936,1741,847,-871,-256,-522,-137,10661,0.288,forrageando
50,1705073400,251620,632627,3748,621,3997,1478,1250,-3005,-52,-91,1,32002,0.3095,forrageando
50,1705073700,251768,632629,2778,458,3978,1016,-292,-533,-390,32,-29,54094,0.3788,forrageando
50,1705074000,251806,632616,5842,765,3914,2130,1116,-578,-1057,-591,-194,43117,0.4117,forrageando
50,1705074300,251792,632534,2009,393,3995,137,-492,-397,-159,336,-203,22338,0.3267,forrageando
50,1705074600,251690,632461,4504,603,3982,-1149,2315,-2140,-207,720,-36,62384,0.4038,forrageando
50,1705074900,251735,632431,3727,562,3915,4501,-3532,-1188,612,-66,400,33801,0.2372,forrageando
50,1705075200,251784,632444,2492,345,3978,1913,2605,48,130,330,-39,51488,0.338,forrageando
50,1705075500,251752,632388,6252,859,3942,316,3013,-681,-592,543,-26,49486,0.4372,forrageando
50,1705075800,251815,632409,4032,632,3981,1346,185,-2395,-535,-316,-344,50691,0.2522,forrageando
50,1705076100,251889,632329,4608,603,3988,2367,-89,231,-363,-146,-373,30968,0.3858,forrageando
50,1705076400,251941,632221,6097,792,3994,2027,442,-2899,289,-1175,399,25338,0.2899,forrageando
50,1705076700,251950,632114,4441,518,3899,585,1388,-1296,388,166,-5,19266,0.3037,forrageando
50,1705077000,251809,632165,3447,626,3933,1051,1812,-1193,-1320,705,-507,53109,0.29,forrageando
50,1705077300,251859,632260,5217,659,3974,-885,-2444,-1289,-465,-236,249,43287,0.1566,forrageando
50,1705077600,251947,632253,3518,609,3942,1409,466,342,-604,823,-131,42490,0.2889,forrageando
50,1705077900,251930,632311,6519,950,3937,-39,-799,-3,197,118,68,58120,0.2703,forrageando
50,1705078200,251914,632183,7568,947,3975,432,2236,-2840,-772,-1127,358,63207,0.3531,forrageando
50,1705078500,251849,632188,1635,2114,3997,-1134,-796,-195,569,-145,-303,47830,0.2971,busca
50,1705078800,251904,632278,3103,1900,3989,361,246,-490,106,-192,-79,63754,0.4307,busca
50,1705079100,251979,632320,2510,2039,3920,-721,-628,-271,-307,17,-263,34114,0.4,busca
50,1705079400,251950,632274,2288,2071,3959,1585,871,-947,296,269,-133,27558,0.3451,busca
50,1705079700,251884,632261,1217,2352,3901,688,-212,-453,351,-50,93,30649,0.2996,busca
50,1705080000,251845,632401,1172,2244,3909,1108,287,-244,116,437,-24,64927,0.2734,busca
50,1705080300,251939,632372,2040,2083,3917,-138,188,-637,-48,-13,94,28430,0.2331,busca
50,1705080600,251815,632293,3882,1694,3969,335,-690,-539,-217,-265,-150,56651,0.2487,busca
50,1705080900,251805,632390,1052,2284,3997,429,180,-478,-303,97,146,41378,0.1551,busca
50,1705081200,251908,632454,3573,1789,3903,877,249,-760,-69,-318,9,7373,0.3471,busca
50,1705081500,252025,632371,3121,1819,3994,1410,428,-4,50,280,-26,25399,0.3477,busca
50,1705081800,252073,632291,2139,2176,3991,-59,-411,-40,43,-29,-195,60144,0.262,busca
50,1705082100,252216,632384,3791,1719,3947,183,-831,-466,56,-192,164,52985,0.3573,busca
50,1705082400,252198,632459,2372,2027,3935,981,424,-462,106,-96,91,46294,0.354,busca
50,1705082700,252245,632508,3693,1715,3961,2223,90,-68,-7,-208,34,18632,0.3927,busca
50,1705083000,252288,632451,1456,2267,3990,919,1762,292,-221,-123,102,64422,0.3283,busca
50,1705083300,252201,632410,2974,1938,3966,715,195,-430,-96,-232,-141,56225,0.3103,busca
50,1705083600,252209,632235,1223,2243,3974,604,897,178,-77,69,72,43378,0.3711,busca
50,1705083900,252153,632173,3516,1785,3989,1850,166,1080,242,-276,139,32539,0.2901,busca
50,1705084200,252064,632296,3141,1865,3929,-237,599,-1412,202,13,-109,26903,0.2204,busca
50,1705084500,252010,632172,2499,1932,3977,-542,-1436,-998,-82,46,-202,65016,0.3929,busca
50,1705084800,252080,632095,3113,1887,3927,1460,-39,-906,-227,-8,-58,42459,0.2895,busca
50,1705085100,252034,632051,1546,2162,3938,207,-355,-540,207,-285,20,65222,0.2197,busca
50,1705085400,252069,631977,3591,1875,3945,1713,-396,53,254,176,182,34683,0.2916,busca
50,1705085700,252181,631981,3876,1696,3915,319,-294,98,140,0,15,18771,0.3661,busca
50,1705086000,252246,632007,1928,2107,3966,-571,-627,-566,-127,-149,380,1031,0.2301,busca
50,1705086300,252089,632027,3075,1881,3938,1023,-398,-999,127,-151,-56,11596,0.3132,busca
50,1705086600,252039,632116,3939,1739,3939,1971,-33,-1145,70,-23,-92,2709,0.3642,busca
50,1705086900,252054,632201,3815,1591,3986,2456,-345,-525,-56,-231,-222,46439,0.286,busca
50,1705087200,252006,632143,3774,1791,3982,-96,-210,-1498,-94,138,-293,46113,0.3484,busca
50,1705087500,252043,632061,1829,2072,3983,25,-1354,-150,-12,-124,14,16182,0.2854,busca
50,1705087800,251972,631969,3259,1805,3979,-931,-369,-986,-252,114,-51,29613,0.2381,busca
50,1705088100,252026,632056,50,2432,3905,487,-204,-64,83,50,-4,45013,0.3264,transitando
50,1705088400,251962,632171,205,2428,3905,977,51,39,-232,-71,36,50995,0.4568,transitando
50,1705088700,252032,632237,176,2483,3996,879,-281,-246,-35,-21,-70,1224,0.3337,transitando
50,1705089000,252048,632359,238,2510,3918,410,-57,133,88,147,20,29923,0.2661,transitando
50,1705089300,252042,632245,260,2458,3996,567,-300,-2,-203,126,-31,31706,0.3069,transitando
50,1705089600,251938,632284,378,2422,3981,1659,123,-40,-138,-13,-34,49811,0.4196,transitando
50,1705089900,252032,632288,413,2326,3992,794,491,-14,-115,-52,-34,59947,0.2063,transitando
50,1705090200,251920,632380,271,2400,3982,1071,-521,-115,77,126,-169,27134,0.4486,transitando
50,1705090500,251977,632335,266,2449,3935,187,394,-79,109,-89,-35,1405,0.4039,transitando
50,1705090800,251994,632386,231,2513,3994,980,143,275,62,63,-9,63709,0.4087,transitando
50,1705091100,251994,632476,376,2390,3916,1498,638,147,-59,-126,7,39223,0.3838,transitando
50,1705091400,251945,632473,100,2500,3983,829,-50,74,82,-26,44,10447,0.3781,transitando
50,1705091700,251921,632519,207,2485,3980,922,-151,70,-16,189,103,53815,0.3236,transitando
50,1705092000,251878,632613,368,2448,3941,1607,-284,31,-34,40,-16,18345,0.3637,transitando
50,1705092300,251850,632497,342,2459,3966,1685,-366,70,25,-3,43,53616,0.2587,transitando
50,1705092600,251724,632474,482,2343,3992,1794,425,105,-3,2,60,31641,0.2899,transitando
50,1705092900,251635,632455,303,2423,3966,716,230,-212,45,-62,0,26425,0.321,transitando
50,1705093200,251573,632517,100,2419,3933,883,333,-220,-72,-23,47,2991,0.331,transitando
50,1705093500,251644,632678,259,2418,3944,933,-417,100,16,-298,40,36986,0.3181,transitando
50,1705093800,251675,632829,164,2438,3974,1349,-741,31,-22,43,39,18092,0.4449,transitando
50,1705094100,251690,632889,102,2457,3915,392,516,22,1,-105,45,44725,0.382,transitando
50,1705094400,251761,632919,473,2353,3925,1723,147,-157,4,146,-42,40557,0.2374,transitando
50,1705094700,251689,632834,91,2544,3978,1421,-341,-270,37,89,83,57343,0.3188,transitando
50,1705095000,251779,632953,387,2357,3961,48,-181,-263,31,44,-57,10382,0.25,transitando
50,1705095300,251682,632857,246,2576,3929,960,-359,-43,155,-50,-18,60902,0.3248,transitando
50,1705095600,251597,632775,227,2534,3917,791,196,-106,16,26,9,64860,0.3124,transitando
50,1705095900,251710,632735,271,2422,3935,1386,-330,-392,-15,-198,72,36675,0.2719,transitando
50,1705096200,251774,632853,63,2463,3937,844,27,-287,89,325,87,18140,0.459,transitando
50,1705096500,251812,632786,300,2450,3960,1117,85,-66,-108,-77,-17,53858,0.4155,transitando
50,1705096800,251742,632857,469,2418,3988,606,239,83,148,84,-72,20009,0.3412,transitando
50,1705097100,251680,632761,193,2475,3992,875,417,-27,-131,151,-104,65399,0.2319,transitando
50,1705097400,251642,632883,273,2329,3912,1376,423,484,176,-28,-7,32617,0.4397,transitando
50,1705097700,251696,632778,155,2510,3987,1171,249,352,25,-32,-6,54581,0.2596,transitando
50,1705098000,251823,632702,108,2347,3949,48,290,87,-96,84,35,61707,0.5117,transitando
50,1705098300,251828,632682,89,2503,3976,1420,82,-101,-108,59,7,36898,0.3208,transitando
50,1705098600,251839,632514,273,2495,3965,462,-478,-118,53,-160,-22,26014,0.3531,transitando
50,1705098900,251886,632571,299,2387,3958,935,143,257,74,96,31,31180,0.3969,transitando
50,1705099200,251895,632474,111,2492,3964,1020,-374,209,126,-97,-37,33579,0.3705,transitando
50,1705099500,251997,632474,328,2411,3988,2359,-115,164,-256,-26,-33,11722,0.2611,transitando
50,1705099800,251923,632561,246,2431,3901,869,397,725,202,-93,18,20455,0.3927,transitando
50,1705100100,251861,632484,63,2562,3983,1080,88,-262,-107,77,43,37231,0.3215,transitando
50,1705100400,251961,632453,326,2472,3916,737,315,-387,152,49,7,13630,0.3677,transitando
50,1705100700,252011,632522,391,2452,3924,726,-37,269,-13,-99,-18,59484,0.2815,transitando
50,1705101000,252102,632443,401,2467,3941,796,-232,119,67,-86,38,57304,0.35,transitando
50,1705101300,252036,632285,292,2389,3955,1302,372,161,61,41,24,64476,0.2913,transitando
50,1705101600,252158,632329,139,2491,3944,1097,262,-109,24,-54,-11,43352,0.4641,transitando
50,1705101900,252242,632239,350,2414,3988,492,-7,-155,136,90,89,14019,0.3226,transitando
50,1705102200,252118,632350,280,2418,3919,939,-190,93,161,-73,67,40892,0.4537,transitando
50,1705102500,252114,632288,249,2450,3968,1178,324,-45,-20,-33,-2,1347,0.4089,transitando
50,1705102800,252104,632392,498,2396,3981,1257,-372,-8,-8,-26,-13,12032,0.3178,transitando
50,1705103100,252157,632507,240,2407,3934,1888,-4,192,184,-35,-125,2380,0.3715,transitando
50,1705103400,252191,632413,142,2497,3968,2140,185,69,26,62,1,32692,0.3168,transitando
50,1705103700,252072,632492,357,2377,3961,740,-79,255,13,206,-58,57888,0.4914,transitando
50,1705104000,251997,632534,363,2346,3988,1469,421,370,9,-184,18,9741,0.2815,transitando
50,1705104300,252087,632477,275,2468,3971,862,-193,-199,-102,-100,-20,51661,0.4187,transitando
50,1705104600,252035,632529,239,2476,3968,1377,-111,-62,-53,-79,-21,40266,0.3567,transitando
50,1705104900,252138,632472,211,2473,3962,635,-104,-164,249,-165,-60,27712,0.349,transitando
50,1705105200,252150,632568,123,2486,3995,855,392,107,-139,-13,34,31326,0.4538,transitando
50,1705105500,252116,632643,50,2451,3949,515,-117,-7,-185,-31,-27,7202,0.2917,transitando
50,1705105800,252202,632699,124,2413,3924,698,165,210,148,-57,-49,44806,0.3954,transitando
50,1705106100,252205,632759,56,2466,3964,1443,383,196,51,-102,2,4751,0.2999,transitando
50,1705106400,252299,632758,176,2493,3964,1141,-16,-50,164,-274,-26,32079,0.3968,transitando
50,1705106700,252327,632842,57,2610,3921,1421,272,-222,105,88,57,45520,0.3904,transitando
50,1705107000,252387,632860,133,2460,3994,1663,227,414,-60,-73,-33,32826,0.3181,transitando
50,1705107300,252506,632939,414,2480,3943,1773,194,-2,123,-116,40,2435,0.4362,transitando
50,1705107600,252424,632961,423,2468,3912,1511,573,97,90,-165,-50,18103,0.3683,transitando
50,1705107900,252358,633015,249,2428,3958,-10,31,15,224,-59,31,2260,0.3215,transitando
50,1705108200,252369,632919,348,2365,3914,859,433,-74,-52,259,8,47764,0.5066,transitando
50,1705108500,252367,632958,54,2538,3993,994,129,-50,73,260,-32,1797,0.3249,transitando
50,1705108800,252314,632857,457,2392,3901,963,-175,0,-3,-120,-84,27958,0.3939,transitando
50,1705109100,252228,632852,399,2533,3966,1147,-225,50,41,89,-30,51918,0.365,transitando
50,1705109400,252141,632879,419,2450,3976,1051,-16,72,-71,39,-68,42922,0.3738,transitando
50,1705109700,252235,632950,159,2513,3975,1373,-483,43,13,66,-73,28608,0.4293,transitando
50,1705110000,252262,633077,251,2464,3980,442,-77,115,95,-15,-56,28599,0.3521,transitando
50,1705110300,252283,633133,489,2421,3950,796,141,112,22,8,-5,43106,0.3728,transitando
50,1705110600,252234,633160,407,2430,3972,644,309,-48,-295,232,-26,8084,0.472,transitando
50,1705110900,252240,633103,266,2529,3908,759,28,-235,79,-1,-95,19969,0.4324,transitando
50,1705111200,252197,633041,200,2535,3989,895,-546,-4,13,73,-35,48134,0.3589,transitando
50,1705111500,252131,633019,100,2495,3967,580,-295,-40,103,-141,-51,11632,0.3282,transitando
50,1705111800,252036,633025,463,2408,3924,381,323,212,58,34,19,6460,0.3517,transitando
50,1705112100,252096,633003,131,2449,3993,1752,-48,167,-30,-31,-21,54810,0.4796,transitando
50,1705112400,252096,632909,221,2563,3930,1147,-67,183,-46,-27,-52,48215,0.437,transitando
50,1705112700,252114,632992,471,2314,3936,1696,-13,-294,-1,36,-66,58519,0.4972,transitando
50,1705113000,252170,633054,417,2435,3902,1256,19,47,-139,-142,7,31989,0.4378,transitando
50,1705113300,252218,633171,113,2449,3973,1595,46,57,14,181,37,6756,0.4837,transitando
50,1705113600,252243,633081,58,2458,3987,1414,-23,-38,-13,68,1,29190,0.4046,transitando
50,1705113900,252180,633104,277,2386,3956,584,-87,-5,183,-81,-16,12970,0.332,transitando
50,1705114200,252063,633067,280,2435,3929,714,-88,-192,88,21,65,49120,0.3557,transitando
50,1705114500,252119,633057,335,2466,3975,1202,83,-432,-4,25,28,18864,0.4711,transitando
